1561680065.015641 26.50 95201.50
1561680125.0445466 26.43 95206.77
1561680185.0734518 26.50 95202.07
1561680245.1023571 26.46 95203.18
1561680305.1468627 26.45 95204.00
1561680365.1757684 26.47 95200.02
1561680425.2046738 26.46 95199.50
1561680485.233579 26.39 95201.98
1561680545.2624846 26.41 95201.28
1561680605.3069901 26.43 95195.21
1561680665.3358953 26.38 95200.91
1561680725.364801 26.42 95199.88
1561680785.3937063 26.47 95195.80
1561680845.4226117 26.51 95194.25
1561680905.4671173 26.47 95198.00
1561680965.4960225 26.38 95201.39
1561681025.524928 26.40 95204.22
1561681085.5538335 26.44 95199.85
1561681145.5827389 26.43 95208.52
1561681205.6272442 26.45 95202.53
1561681265.6561499 26.52 95206.71
1561681325.6850553 26.53 95206.57
1561681385.7139606 26.53 95204.28
1561681445.7428663 26.54 95207.07
1561681505.7873716 26.50 95204.63
1561681565.816277 26.42 95213.46
1561681625.8451824 26.46 95210.16
1561681685.874088 26.52 95208.05
1561681745.9029934 26.51 95205.47
1561681805.9474988 26.51 95211.35
1561681865.9764042 26.50 95208.58
1561681926.0053096 26.47 95209.72
1561681986.0342152 26.43 95218.50
1561682046.0631204 26.53 95210.63
1561682106.107626 26.54 95214.50
1561682166.1365314 26.52 95216.37
1561682226.165437 26.50 95212.63
1561682286.1943424 26.48 95213.25
1561682346.2232478 26.46 95215.19
1561682406.2677531 26.50 95217.83
1561682466.2966588 26.45 95215.50
1561682526.3255641 26.41 95215.53
1561682586.3544693 26.42 95216.77
1561682646.3833752 26.38 95213.49
1561682706.4278805 26.40 95217.12
1561682766.456786 26.41 95215.86
1561682826.4856913 26.38 95216.71
1561682886.5145967 26.38 95217.38
1561682946.543502 26.43 95219.58
1561683006.5880077 26.52 95222.98
1561683066.616913 26.53 95221.92
1561683126.6458187 26.51 95223.79
1561683186.6747239 26.45 95224.32
1561683246.7192295 26.50 95221.39
1561683306.7481349 26.51 95224.39
1561683366.7770405 26.50 95221.82
1561683426.8059456 26.52 95221.29
1561683486.834851 26.53 95218.87
1561683546.8637567 26.50 95216.08
1561683606.9082618 26.49 95217.67
1561683666.9371676 26.42 95215.13
1561683726.9660728 26.45 95219.29
1561683786.9949782 26.44 95220.10
1561683847.0238838 26.45 95220.92
1561683907.0683892 26.46 95222.46
1561683967.0972946 26.52 95218.55
1561684027.1262 26.53 95222.36
1561684087.1551056 26.53 95221.86
1561684147.184011 26.48 95221.24
1561684207.2285163 26.42 95220.13
1561684267.2574217 26.45 95217.91
1561684327.2863274 26.40 95221.38
1561684387.3152328 26.40 95223.06
1561684447.3441381 26.43 95219.91
1561684507.3886435 26.42 95220.83
1561684567.4175491 26.40 95220.77
1561684627.4464545 26.37 95217.92
1561684687.47536 26.46 95221.39
1561684747.5042655 26.45 95222.27
1561684807.548771 26.39 95222.97
1561684867.5776763 26.44 95227.85
1561684927.6065817 26.41 95226.93
1561684987.635487 26.44 95227.11
1561685047.6643927 26.45 95226.80
1561685107.708898 26.41 95226.80
1561685167.7378035 26.38 95226.16
1561685227.766709 26.36 95226.92
1561685287.7956145 26.39 95224.03
1561685347.8245196 26.41 95222.89
1561685407.8690252 26.38 95220.86
1561685467.8979309 26.36 95220.14
1561685527.9268363 26.41 95219.42
1561685587.9557416 26.42 95221.66
1561685647.9846468 26.31 95218.58
1561685708.0291524 26.32 95220.42
1561685768.058058 26.36 95219.54
1561685828.0869632 26.38 95219.85
1561685888.1158686 26.41 95221.88
1561685948.1447742 26.42 95219.46
1561686008.1892798 26.37 95221.28
1561686068.2181852 26.35 95220.63
1561686128.2470903 26.39 95224.82
1561686188.275996 26.41 95219.66
1561686248.3049014 26.41 95225.39
1561686308.349407 26.43 95226.17
1561686368.378312 26.41 95225.39
1561686428.4072177 26.50 95228.09
1561686488.4361231 26.42 95222.97
1561686548.4650285 26.42 95227.16
1561686608.5095341 26.43 95226.67
1561686668.5384395 26.37 95221.67
1561686728.567345 26.42 95220.49
1561686788.5962503 26.39 95220.02
1561686848.625156 26.34 95217.22
1561686908.6696613 26.39 95218.00
1561686968.6985667 26.41 95220.66
1561687028.727472 26.41 95215.53
1561687088.7563777 26.34 95216.21
1561687148.785283 26.41 95214.53
1561687208.8297884 26.41 95217.69
1561687268.8586938 26.36 95215.05
1561687328.8875995 26.38 95213.42
1561687388.9165049 26.46 95214.61
1561687448.9454103 26.45 95213.89
1561687508.9899156 26.49 95215.79
1561687569.018821 26.41 95212.52
1561687629.0477266 26.38 95214.30
1561687689.076632 26.38 95211.35
1561687749.1055372 26.44 95211.21
1561687809.1500428 26.39 95208.85
1561687869.1789484 26.39 95208.45
1561687929.2078538 26.42 95213.78
1561687989.2367592 26.45 95209.97
1561688049.2656646 26.41 95211.99
1561688109.3101702 26.36 95210.15
1561688169.3390756 26.36 95213.88
1561688229.3679807 26.30 95211.69
1561688289.3968866 26.33 95216.65
1561688349.4257917 26.41 95217.25
1561688409.4702973 26.45 95218.18
1561688469.4992027 26.37 95218.92
1561688529.5281084 26.39 95219.41
1561688589.5570135 26.38 95218.35
1561688649.585919 26.36 95218.57
1561688709.6304245 26.29 95217.89
1561688769.65933 26.34 95218.02
1561688829.6882355 26.39 95218.17
1561688889.7171407 26.35 95216.50
1561688949.7460463 26.35 95215.77
1561689009.790552 26.33 95217.60
1561689069.819457 26.34 95217.61
1561689129.8483624 26.32 95215.69
1561689189.877268 26.34 95218.12
1561689249.9061735 26.30 95213.10
1561689309.9506788 26.29 95219.24
1561689369.9795842 26.34 95219.86
1561689430.0084898 26.37 95215.07
1561689490.0373952 26.39 95221.46
1561689550.0663006 26.40 95220.48
1561689610.110806 26.32 95216.96
1561689670.1397114 26.30 95215.78
1561689730.168617 26.30 95212.49
1561689790.1975224 26.33 95212.80
1561689850.2264278 26.33 95211.32
1561689910.2709332 26.33 95210.78
1561689970.2998388 26.33 95214.17
1561690030.3287442 26.27 95206.19
1561690090.3576496 26.27 95203.00
1561690150.386555 26.33 95203.52
1561690210.4154606 26.37 95203.81
1561690270.459966 26.38 95202.69
1561690330.4888713 26.38 95195.02
1561690390.517777 26.30 95196.00
1561690450.5466821 26.35 95196.05
1561690510.5755875 26.34 95196.60
1561690570.620093 26.33 95193.72
1561690630.6489987 26.27 95197.36
1561690690.677904 26.24 95194.35
1561690750.7068093 26.26 95194.26
1561690810.735715 26.30 95191.21
1561690870.7802205 26.33 95192.02
1561690930.809126 26.39 95185.05
1561690990.838031 26.30 95190.30
1561691050.8669367 26.36 95195.00
1561691110.895842 26.30 95188.89
1561691170.9403474 26.27 95191.77
1561691230.969253 26.33 95191.61
1561691290.9981585 26.37 95187.08
1561691351.0270638 26.43 95184.14
1561691411.0559692 26.44 95190.07
1561691471.1004748 26.36 95193.72
1561691531.12938 26.37 95190.26
1561691591.1582856 26.31 95188.52
1561691651.187191 26.31 95191.36
1561691711.2160964 26.29 95189.84
1561691771.260602 26.29 95187.70
1561691831.2895074 26.28 95189.50
1561691891.3184128 26.25 95185.96
1561691951.3473182 26.28 95185.63
1561692011.3762238 26.31 95181.21
1561692071.4207292 26.29 95182.84
1561692131.4496346 26.28 95178.96
1561692191.47854 26.22 95174.83
1561692251.5074456 26.21 95169.85
1561692311.536351 26.27 95169.58
1561692371.5808563 26.31 95167.70
1561692431.6097617 26.27 95166.30
1561692491.6386673 26.23 95166.91
1561692551.6675727 26.25 95169.97
1561692611.6964781 26.32 95166.96
1561692671.7409835 26.26 95165.77
1561692731.769889 26.21 95171.25
1561692791.7987945 26.23 95168.85
1561692851.8277 26.20 95171.66
1561692911.8566053 26.19 95167.58
1561692971.8855107 26.17 95170.85
1561693031.9300163 26.21 95170.41
1561693091.9589217 26.19 95168.65
1561693151.9878273 26.21 95172.32
1561693212.0167325 26.22 95170.10
1561693272.0456378 26.25 95173.09
1561693332.0901434 26.24 95165.92
1561693392.1190486 26.20 95169.82
1561693452.1479542 26.23 95167.47
1561693512.1768596 26.23 95164.22
1561693572.205765 26.22 95166.85
1561693632.2502706 26.27 95163.11
1561693692.279176 26.28 95162.17
1561693752.3080814 26.30 95162.42
1561693812.3369868 26.28 95165.58
1561693872.3658924 26.22 95165.11
1561693932.4103978 26.26 95160.58
1561693992.4393032 26.30 95164.83
1561694052.4682086 26.37 95164.02
1561694112.4971142 26.38 95161.80
1561694172.5260196 26.35 95162.42
1561694232.570525 26.30 95162.98
1561694292.5994303 26.28 95161.06
1561694352.628336 26.28 95163.24
1561694412.6572413 26.24 95166.26
1561694472.6861467 26.22 95163.22
1561694532.7150524 26.24 95166.77
1561694592.7595577 26.23 95165.17
1561694652.788463 26.22 95164.30
1561694712.8173685 26.24 95163.74
1561694772.8462741 26.18 95162.33
1561694832.8751795 26.25 95164.38
1561694892.919685 26.21 95162.94
1561694952.9485903 26.19 95163.19
1561695012.977496 26.21 95159.25
1561695073.0064013 26.19 95161.58
1561695133.0353065 26.22 95158.47
1561695193.079812 26.22 95155.89
1561695253.1087177 26.24 95163.75
1561695313.1376228 26.36 95163.05
1561695373.1665285 26.31 95162.00
1561695433.1954336 26.29 95155.55
1561695493.2399392 26.26 95155.17
1561695553.2688448 26.27 95155.24
1561695613.29775 26.22 95155.05
1561695673.3266554 26.21 95156.33
1561695733.355561 26.22 95155.05
1561695793.4000666 26.25 95154.42
1561695853.4289718 26.27 95151.55
1561695913.4578772 26.23 95152.43
1561695973.4867828 26.33 95152.16
1561696033.5156882 26.35 95150.97
1561696093.5445936 26.35 95152.31
1561696153.589099 26.27 95145.25
1561696213.6180046 26.22 95149.09
1561696273.64691 26.23 95152.60
1561696333.6758153 26.25 95146.04
1561696393.704721 26.17 95145.38
1561696453.7492263 26.17 95148.30
1561696513.7781317 26.18 95145.97
1561696573.807037 26.20 95152.19
1561696633.8359427 26.25 95149.75
1561696693.8648481 26.21 95149.89
1561696753.9093535 26.23 95152.10
1561696813.938259 26.27 95149.54
1561696873.9671645 26.25 95146.55
1561696933.99607 26.30 95147.90
1561696994.0249753 26.22 95147.18
1561697054.0694807 26.27 95146.69
1561697114.0983863 26.22 95147.31
1561697174.1272917 26.19 95145.30
1561697234.156197 26.20 95145.82
1561697294.1851027 26.20 95145.65
1561697354.2296078 26.27 95142.94
1561697414.2585135 26.26 95146.80
1561697474.2874188 26.26 95146.27
1561697534.316324 26.31 95147.35
1561697594.3452299 26.28 95145.64
1561697654.374135 26.28 95147.32
1561697714.4186406 26.29 95141.35
1561697774.447546 26.25 95144.06
1561697834.4764514 26.19 95141.91
1561697894.5053568 26.26 95142.88
1561697954.5342622 26.27 95144.41
1561698014.5787678 26.32 95142.49
1561698074.6076732 26.29 95142.41
1561698134.6365786 26.34 95143.03
1561698194.665484 26.39 95142.14
1561698254.6943896 26.42 95147.71
1561698314.7388952 26.50 95144.88
1561698374.7678003 26.62 95145.71
1561698434.7967057 26.58 95146.19
1561698494.8256114 26.63 95150.80
1561698554.8545167 26.70 95149.58
1561698614.899022 26.77 95154.25
1561698674.9279275 26.71 95154.59
1561698734.9568331 26.64 95154.44
1561698794.9857385 26.68 95153.44
1561698855.0302439 26.62 95153.75
1561698915.0591493 26.53 95152.98
1561698975.088055 26.50 95153.66
1561699035.1169603 26.53 95153.65
1561699095.1458657 26.43 95150.94
1561699155.190371 26.49 95150.41
1561699215.2192764 26.49 95150.96
1561699275.248182 26.55 95150.08
1561699335.2770875 26.50 95154.50
1561699395.3215928 26.43 95153.97
1561699455.3504982 26.43 95153.42
1561699515.3794038 26.41 95153.49
1561699575.4083092 26.39 95155.39
1561699635.4372146 26.43 95155.64
1561699695.48172 26.41 95154.89
1561699755.5106256 26.41 95157.64
1561699815.539531 26.41 95154.05
1561699875.5684364 26.35 95152.38
1561699935.6129417 26.39 95151.52
1561699995.6418474 26.37 95152.55
1561700055.6707528 26.31 95154.16
1561700115.6996582 26.33 95154.67
1561700175.7285638 26.30 95151.75
1561700235.7730691 26.30 95154.20
1561700295.8019745 26.28 95152.57
1561700355.83088 26.25 95147.51
1561700415.8597856 26.23 95146.97
1561700475.8886907 26.31 95150.03
1561700535.9331963 26.38 95150.23
1561700595.9621017 26.28 95154.58
1561700655.9910073 26.31 95152.72
1561700716.0199127 26.28 95152.14
1561700776.0488179 26.28 95152.57
1561700836.0933235 26.25 95146.67
1561700896.122229 26.26 95148.07
1561700956.1511345 26.33 95150.78
1561701016.1800396 26.29 95145.86
1561701076.208945 26.27 95144.85
1561701136.2534509 26.26 95147.40
1561701196.2823563 26.25 95145.39
1561701256.3112617 26.23 95147.20
1561701316.3401668 26.26 95149.12
1561701376.3690724 26.22 95149.65
1561701436.3979778 26.30 95151.41
1561701496.4424832 26.33 95147.77
1561701556.4713886 26.31 95151.97
1561701616.5002942 26.27 95150.55
1561701676.5291996 26.20 95146.83
1561701736.558105 26.22 95150.16
1561701796.6026103 26.25 95151.87
1561701856.631516 26.27 95153.16
1561701916.6604214 26.27 95153.32
1561701976.6893268 26.24 95151.17
1561702036.7182324 26.28 95150.74
1561702096.7627378 26.28 95149.16
1561702156.7916431 26.20 95148.57
1561702216.8205485 26.20 95148.60
1561702276.8494542 26.15 95143.85
1561702336.8783596 26.13 95147.13
1561702396.922865 26.12 95148.91
1561702456.9517703 26.13 95149.98
1561702516.980676 26.18 95148.92
1561702577.0095813 26.21 95148.13
1561702637.0384867 26.22 95149.53
1561702697.082992 26.23 95150.75
1561702757.1118977 26.22 95145.19
1561702817.140803 26.24 95143.97
1561702877.1697085 26.28 95147.55
1561702937.1986141 26.24 95147.15
1561702997.2275193 26.27 95150.72
1561703057.2720249 26.14 95146.99
1561703117.3009303 26.16 95146.89
1561703177.329836 26.12 95142.88
1561703237.358741 26.09 95145.86
1561703297.3876464 26.12 95141.31
1561703357.432152 26.09 95140.60
1561703417.4610572 26.08 95148.48
1561703477.489963 26.19 95140.44
1561703537.5188682 26.16 95138.39
1561703597.5477736 26.20 95139.46
1561703657.5922792 26.24 95141.72
1561703717.6211846 26.21 95142.19
1561703777.65009 26.18 95139.88
1561703837.6789954 26.16 95135.71
1561703897.707901 26.18 95136.19
1561703957.7524066 26.21 95130.60
1561704017.7813118 26.17 95135.67
1561704077.8102171 26.20 95133.82
1561704137.8391228 26.17 95128.96
1561704197.8680282 26.19 95130.67
1561704257.8969336 26.16 95129.67
1561704317.941439 26.13 95128.32
1561704377.9703445 26.13 95129.81
1561704437.99925 26.15 95128.94
1561704498.0281553 26.13 95125.08
1561704558.057061 26.17 95127.78
1561704618.1015663 26.15 95128.51
1561704678.1304717 26.14 95128.42
1561704738.159377 26.16 95130.92
1561704798.1882827 26.12 95127.07
1561704858.2171881 26.12 95127.36
1561704918.2616935 26.14 95126.88
1561704978.2905989 26.04 95126.14
1561705038.3195045 26.05 95127.00
1561705098.3484097 26.11 95128.18
1561705158.3773153 26.07 95123.39
1561705218.4218206 26.09 95126.19
1561705278.450726 26.10 95126.05
1561705338.4796317 26.07 95124.57
1561705398.508537 26.08 95122.05
1561705458.5374422 26.05 95121.24
1561705518.5663478 26.05 95121.85
1561705578.6108534 26.02 95127.83
1561705638.6397586 26.06 95127.55
1561705698.6686642 26.10 95125.21
1561705758.6975696 26.11 95128.28
1561705818.726475 26.14 95126.91
1561705878.7709806 26.10 95127.22
1561705938.7998857 26.05 95121.14
1561705998.8287914 26.00 95120.24
1561706058.8576968 26.07 95121.99
1561706118.8866022 26.08 95123.28
1561706178.9155078 26.07 95121.99
1561706238.9600132 26.01 95119.69
1561706298.9889185 26.05 95120.97
1561706359.017824 26.07 95118.03
1561706419.0467296 26.03 95121.56
1561706479.075635 26.05 95121.47
1561706539.1201403 26.06 95119.69
1561706599.1490457 26.04 95119.27
1561706659.1779513 26.02 95119.19
1561706719.2068567 26.08 95118.82
1561706779.2357621 26.13 95117.14
1561706839.2802675 26.09 95116.14
1561706899.309173 26.08 95116.85
1561706959.3380785 26.08 95119.10
1561707019.3669837 26.09 95120.13
1561707079.3958895 26.03 95116.30
1561707139.4247947 26.06 95119.01
1561707199.4693003 26.09 95117.61
1561707259.4982057 26.05 95115.94
1561707319.5271108 26.04 95115.14
1561707379.5560164 26.09 95118.05
1561707439.5849218 26.05 95118.29
1561707499.6294274 26.02 95118.52
1561707559.6583326 26.01 95117.01
1561707619.6872382 25.99 95118.71
1561707679.7161436 26.05 95117.82
1561707739.745049 26.07 95117.07
1561707799.7895546 26.02 95116.84
1561707859.81846 25.97 95117.36
1561707919.8473654 25.97 95116.89
1561707979.8762708 26.03 95117.36
1561708039.9051764 26.01 95118.57
1561708099.9340818 26.05 95122.14
1561708159.9785872 26.00 95117.07
1561708220.0074925 25.98 95118.15
1561708280.0363982 25.97 95119.39
1561708340.0653036 26.03 95115.92
1561708400.094209 26.02 95121.26
1561708460.1387143 25.96 95118.74
1561708520.16762 25.99 95117.21
1561708580.1965253 26.01 95117.05
1561708640.2254307 26.08 95118.60
1561708700.2543364 26.06 95123.27
1561708760.2832415 26.10 95122.92
1561708820.327747 26.07 95121.38
1561708880.3566525 26.02 95120.26
1561708940.3855581 26.02 95123.48
1561709000.4144635 26.03 95122.66
1561709060.4433687 26.02 95122.77
1561709120.4878743 25.99 95118.38
1561709180.5167797 25.98 95124.01
1561709240.545685 25.99 95126.18
1561709300.5745907 25.99 95125.28
1561709360.6034958 25.94 95130.69
1561709420.6324015 26.05 95123.49
1561709480.676907 26.02 95124.78
1561709540.7058122 25.98 95126.39
1561709600.7347176 25.98 95122.98
1561709660.7636232 26.00 95121.02
1561709720.7925286 25.99 95125.61
1561709780.837034 26.04 95124.19
1561709840.8659394 26.07 95127.85
1561709900.894845 26.12 95126.90
1561709960.9237504 26.08 95127.64
1561710020.9526558 26.01 95129.55
1561710080.9815614 26.03 95131.03
1561710141.0260668 26.06 95124.21
1561710201.0549722 26.04 95128.28
1561710261.0838776 26.05 95125.53
1561710321.1127832 26.00 95126.82
1561710381.1416886 25.98 95126.19
1561710441.186194 26.04 95126.81
1561710501.2150993 26.02 95126.89
1561710561.244005 26.08 95127.91
1561710621.2729104 26.05 95126.26
1561710681.3018157 26.05 95126.66
1561710741.346321 26.02 95126.63
1561710801.3752267 26.00 95128.14
1561710861.4041321 26.03 95128.99
1561710921.4330375 25.99 95130.64
1561710981.4619427 26.02 95129.07
1561711041.4908483 25.98 95134.44
1561711101.535354 26.00 95128.28
1561711161.5642593 26.05 95129.85
1561711221.5931647 26.03 95130.03
1561711281.62207 26.00 95132.57
1561711341.6509755 26.00 95133.58
1561711401.695481 26.03 95129.77
1561711461.7243862 26.06 95135.60
1561711521.7532918 26.07 95139.91
1561711581.7821972 26.08 95140.24
1561711641.8111026 25.98 95142.60
1561711701.8400083 25.93 95145.07
1561711761.8845136 25.92 95149.17
1561711821.913419 25.91 95145.96
1561711881.9423244 25.91 95148.07
1561711941.97123 25.92 95155.42
1561712002.0001354 25.93 95151.60
1561712062.0446408 25.96 95153.15
1561712122.0735462 25.99 95154.32
1561712182.1024518 25.98 95155.64
1561712242.1313572 25.97 95155.78
1561712302.1602626 25.99 95158.92
1561712362.1891682 25.94 95153.50
1561712422.2336736 25.95 95155.20
1561712482.262579 25.91 95154.93
1561712542.2914844 26.00 95156.59
1561712602.32039 26.02 95158.05
1561712662.3492951 26.06 95157.54
1561712722.3938007 26.04 95156.46
1561712782.4227061 26.04 95156.13
1561712842.4516113 26.03 95153.82
1561712902.4805171 25.97 95157.07
1561712962.5094223 26.00 95153.41
1561713022.5383277 25.95 95153.80
1561713082.5828333 26.01 95156.71
1561713142.6117387 25.97 95157.57
1561713202.640644 25.98 95155.94
1561713262.6695495 25.98 95159.19
1561713322.698455 25.94 95160.37
1561713382.7429605 25.95 95161.50
1561713442.771866 25.92 95162.97
1561713502.8007712 25.91 95163.03
1561713562.8296769 25.97 95161.38
1561713622.8585823 25.97 95164.57
1561713682.8874876 25.99 95163.94
1561713742.931993 26.03 95165.88
1561713802.9608986 25.99 95163.78
1561713862.989804 25.94 95165.22
1561713923.0187094 25.94 95165.06
1561713983.047615 25.99 95170.47
1561714043.0921204 26.07 95168.66
1561714103.1210258 26.04 95165.67
1561714163.1499312 26.07 95169.90
1561714223.1788368 26.04 95170.30
1561714283.2077422 26.09 95173.67
1561714343.2366474 25.99 95169.80
1561714403.281153 25.94 95171.25
1561714463.3100586 25.96 95174.42
1561714523.338964 25.93 95176.05
1561714583.3678691 25.95 95175.67
1561714643.3967748 25.96 95175.46
1561714703.4412804 25.89 95181.35
1561714763.4701855 25.95 95179.76
1561714823.4990911 25.91 95182.60
1561714883.5279963 25.92 95180.39
1561714943.556902 25.93 95182.58
1561715003.5858073 25.92 95182.67
1561715063.6303127 25.95 95187.30
1561715123.659218 25.89 95186.17
1561715183.6881237 25.93 95187.99
1561715243.717029 25.93 95188.11
1561715303.7459345 25.88 95187.42
1561715363.7904398 25.87 95193.39
1561715423.8193455 25.85 95192.36
1561715483.8482509 25.94 95196.17
1561715543.8771563 25.90 95195.78
1561715603.906062 25.93 95195.14
1561715663.9349673 25.93 95194.75
1561715723.9794726 25.93 95195.99
1561715784.008378 25.94 95197.89
1561715844.0372837 25.95 95199.69
1561715904.066189 25.96 95201.42
1561715964.0950942 26.00 95203.33
1561716024.1395998 25.93 95202.96
1561716084.1685054 25.96 95206.75
1561716144.1974108 25.98 95205.22
1561716204.2263162 25.97 95207.21
1561716264.2552216 26.00 95212.47
1561716324.284127 25.94 95212.13
1561716384.3286326 25.89 95215.01
1561716444.357538 25.93 95213.78
1561716504.3864436 25.89 95218.16
1561716564.4153488 25.88 95215.39
1561716624.4442542 25.87 95219.35
1561716684.4887598 25.92 95219.35
1561716744.5176654 25.96 95220.82
1561716804.5465705 25.88 95221.92
1561716864.575476 25.89 95225.83
1561716924.6043813 25.90 95222.67
1561716984.633287 25.91 95227.52
1561717044.6777925 25.94 95230.85
1561717104.7066977 25.97 95232.80
1561717164.735603 26.04 95236.64
1561717224.7645087 26.02 95240.37
1561717284.793414 25.94 95244.35
1561717344.8379195 25.93 95243.39
1561717404.8668249 25.93 95246.07
1561717464.8957305 25.94 95247.60
1561717524.924636 25.94 95248.47
1561717584.9535413 25.89 95249.02
1561717644.9824467 25.91 95257.17
1561717705.0269523 25.94 95259.36
1561717765.0558577 25.95 95258.82
1561717825.084763 25.94 95262.50
1561717885.1136687 25.96 95266.22
1561717945.1425738 25.95 95267.69
1561718005.1870794 25.96 95269.07
1561718065.2159848 25.93 95270.73
1561718125.2448905 25.94 95269.71
1561718185.2737956 25.91 95278.41
1561718245.3027012 25.88 95277.42
1561718305.3316066 25.88 95278.49
1561718365.3761122 25.85 95276.77
1561718425.4050176 25.86 95284.53
1561718485.4339228 25.89 95281.84
1561718545.4628284 25.86 95285.54
1561718605.4917338 25.85 95288.36
1561718665.5206392 25.84 95290.08
1561718725.5651445 25.80 95288.86
1561718785.59405 25.77 95289.75
1561718845.6229556 25.76 95292.77
1561718905.651861 25.78 95295.30
1561718965.6807666 25.80 95293.32
1561719025.709672 25.86 95293.18
1561719085.7541773 25.84 95296.67
1561719145.7830827 25.82 95297.05
1561719205.811988 25.86 95297.83
1561719265.8408937 25.83 95299.96
1561719325.8697991 25.82 95298.72
1561719385.8987043 25.84 95301.71
1561719445.92761 25.78 95302.27
1561719505.9721155 25.76 95300.61
1561719566.001021 25.78 95302.41
1561719626.0299263 25.79 95305.71
1561719686.0588317 25.81 95302.99
1561719746.087737 25.80 95304.41
1561719806.1322427 25.75 95306.91
1561719866.1611478 25.75 95309.25
1561719926.1900535 25.78 95308.94
1561719986.2189589 25.83 95312.19
1561720046.2478642 25.82 95309.78
1561720106.2767699 25.79 95312.25
1561720166.3212752 25.92 95314.72
1561720226.3501806 25.89 95315.91
1561720286.379086 25.94 95317.82
1561720346.4079916 25.94 95319.33
1561720406.436897 25.98 95324.86
1561720466.4658024 25.94 95321.17
1561720526.5103078 25.95 95325.25
1561720586.5392134 25.94 95324.35
1561720646.5681188 25.99 95328.10
1561720706.5970242 25.96 95330.71
1561720766.6259298 25.93 95331.42
1561720826.6548352 25.99 95332.29
1561720886.6993406 26.05 95332.39
1561720946.728246 26.03 95336.76
1561721006.7571516 26.02 95338.54
1561721066.7860568 26.04 95340.74
1561721126.8149621 26.17 95338.75
1561721186.8594677 26.13 95342.96
1561721246.8883731 26.06 95343.00
1561721306.9172788 26.01 95347.63
1561721366.946184 26.05 95347.17
1561721426.9750893 26.09 95348.01
1561721487.003995 26.05 95346.97
1561721547.0485005 26.04 95349.42
1561721607.0774057 26.05 95349.32
1561721667.106311 26.02 95353.32
1561721727.1352167 26.03 95350.16
1561721787.164122 26.08 95354.83
1561721847.2086277 26.06 95355.80
1561721907.2375329 26.03 95356.86
1561721967.2664385 26.00 95359.46
1561722027.2953439 26.03 95359.00
1561722087.3242493 26.03 95359.50
1561722147.3687546 26.03 95365.41
1561722207.3976603 26.03 95364.30
1561722267.4265656 26.03 95366.82
1561722327.455471 26.05 95365.57
1561722387.4843767 26.05 95369.02
1561722447.5132818 26.02 95368.73
1561722507.5577874 26.03 95371.60
1561722567.5866928 26.00 95372.52
1561722627.6155984 25.99 95372.53
1561722687.6445038 26.00 95372.46
1561722747.673409 25.98 95376.66
1561722807.7179146 26.01 95379.69
1561722867.7468202 26.06 95381.44
1561722927.7757256 26.05 95381.48
1561722987.8046308 26.07 95383.35
1561723047.8335366 26.16 95381.49
1561723107.8624418 26.16 95384.03
1561723167.9069471 26.11 95386.75
1561723227.9358528 26.08 95386.15
1561723287.964758 26.06 95387.00
1561723347.9936635 26.07 95385.96
1561723408.022569 26.08 95390.24
1561723468.0670745 26.10 95387.02
1561723528.0959797 26.08 95391.96
1561723588.1248853 26.08 95392.11
1561723648.1537907 26.10 95393.85
1561723708.182696 26.12 95392.97
1561723768.2272017 26.08 95396.58
1561723828.256107 26.08 95394.71
1561723888.2850125 26.13 95394.21
1561723948.3139179 26.13 95396.92
1561724008.3428235 26.16 95393.71
1561724068.371729 26.13 95397.12
1561724128.4162343 26.16 95396.39
1561724188.4451396 26.14 95398.49
1561724248.4740453 26.10 95400.25
1561724308.5029507 26.10 95398.37
1561724368.5318558 26.14 95400.50
1561724428.5763614 26.14 95399.53
1561724488.605267 26.13 95400.10
1561724548.6341724 26.09 95398.78
1561724608.6630778 26.15 95397.67
1561724668.6919832 26.16 95399.96
1561724728.7364888 26.13 95396.89
1561724788.7653942 26.16 95397.57
1561724848.7942996 26.15 95394.42
1561724908.8232052 26.15 95392.35
1561724968.8521104 26.12 95397.63
1561725028.8810158 26.07 95390.65
1561725088.9255214 26.12 95392.63
1561725148.9544268 26.09 95392.21
1561725208.9833322 26.14 95399.16
1561725269.0122375 26.22 95394.42
1561725329.041143 26.18 95397.09
1561725389.0856483 26.18 95399.44
1561725449.1145542 26.17 95400.04
1561725509.1434593 26.16 95401.36
1561725569.1723647 26.15 95399.28
1561725629.2012703 26.17 95397.97
1561725689.2457757 26.17 95401.72
1561725749.274681 26.17 95401.92
1561725809.3035865 26.18 95400.27
1561725869.332492 26.19 95398.78
1561725929.3613975 26.24 95400.38
1561725989.405903 26.27 95401.10
1561726049.4348083 26.20 95399.73
1561726109.463714 26.19 95401.41
1561726169.4926193 26.17 95401.22
1561726229.5215247 26.14 95399.09
1561726289.56603 26.09 95402.27
1561726349.5949357 26.19 95404.86
1561726409.623841 26.16 95399.91
1561726469.6527464 26.11 95399.78
1561726529.681652 26.17 95402.60
1561726589.7261574 26.20 95396.05
1561726649.7550628 26.25 95392.92
1561726709.7839682 26.27 95392.21
1561726769.8128738 26.21 95391.88
1561726829.8417792 26.12 95392.43
1561726889.8862846 26.04 95393.82
1561726949.91519 26.08 95392.28
1561727009.9440954 26.13 95395.05
1561727069.973001 26.15 95393.02
1561727130.0019062 26.16 95390.57
1561727190.0464118 26.18 95388.71
1561727250.0753171 26.17 95389.52
1561727310.1042228 26.17 95389.86
1561727370.1331282 26.19 95386.66
1561727430.1620333 26.15 95386.32
1561727490.206539 26.20 95384.11
1561727550.2354445 26.23 95381.75
1561727610.2643497 26.30 95380.60
1561727670.2932553 26.26 95380.62
1561727730.3221607 26.26 95378.24
1561727790.3666663 26.20 95377.07
1561727850.3955717 26.16 95376.89
1561727910.4244769 26.11 95378.16
1561727970.4533825 26.09 95376.00
1561728030.482288 26.07 95370.67
1561728090.5267935 26.11 95370.22
1561728150.5556986 26.12 95369.52
1561728210.5846043 26.13 95370.75
1561728270.6135097 26.15 95367.55
1561728330.642415 26.23 95367.10
1561728390.6869206 26.25 95370.30
1561728450.715826 26.19 95364.00
1561728510.7447314 26.15 95363.83
1561728570.7736368 26.17 95362.61
1561728630.8025424 26.24 95363.74
1561728690.8470476 26.21 95359.94
1561728750.8759532 26.15 95360.07
1561728810.9048586 26.13 95357.51
1561728870.933764 26.16 95358.74
1561728930.9626696 26.17 95358.19
1561728991.007175 26.17 95356.51
1561729051.0360804 26.18 95354.96
1561729111.0649858 26.16 95355.17
1561729171.0938914 26.20 95350.92
1561729231.1227968 26.25 95352.85
1561729291.1673021 26.25 95352.64
1561729351.1962075 26.22 95345.55
1561729411.2251132 26.20 95350.09
1561729471.2540185 26.20 95345.63
1561729531.2829237 26.23 95347.96
1561729591.3274293 26.26 95347.53
1561729651.356335 26.28 95354.25
1561729711.3852403 26.37 95352.02
1561729771.4141457 26.32 95348.93
1561729831.443051 26.28 95352.89
1561729891.4875567 26.21 95352.07
1561729951.516462 26.30 95352.53
1561730011.5453675 26.28 95352.38
1561730071.574273 26.36 95353.97
1561730131.6031783 26.33 95352.41
1561730191.6476839 26.33 95358.55
1561730251.6765893 26.29 95353.52
1561730311.7054949 26.41 95355.64
1561730371.7344 26.37 95353.49
1561730431.7633054 26.44 95351.67
1561730491.807811 26.38 95351.03
1561730551.8367162 26.44 95348.14
1561730611.865622 26.42 95347.52
1561730671.8945272 26.41 95345.28
1561730731.9234326 26.46 95348.36
1561730791.9679384 26.47 95345.36
1561730851.9968436 26.41 95346.16
1561730912.025749 26.42 95348.69
1561730972.0546544 26.36 95347.80
1561731032.08356 26.41 95343.91
1561731092.1280653 26.39 95342.94
1561731152.1569707 26.44 95342.11
1561731212.1858761 26.40 95337.71
1561731272.2147818 26.43 95336.25
1561731332.2592874 26.48 95335.71
1561731392.2881925 26.45 95336.93
1561731452.317098 26.41 95332.53
1561731512.3460035 26.42 95329.78
1561731572.374909 26.37 95334.92
1561731632.4194145 26.43 95332.16
1561731692.4483197 26.38 95328.44
1561731752.4772253 26.46 95330.02
1561731812.5061307 26.52 95320.61
1561731872.535036 26.49 95324.13
1561731932.5795414 26.43 95326.80
1561731992.608447 26.43 95324.75
1561732052.6373525 26.41 95321.41
1561732112.6662579 26.45 95325.53
1561732172.7107635 26.41 95322.78
1561732232.7396688 26.38 95320.46
1561732292.7685742 26.39 95320.99
1561732352.7974796 26.34 95319.19
1561732412.8263853 26.39 95323.60
1561732472.8708904 26.44 95319.67
1561732532.899796 26.42 95321.53
1561732592.9287014 26.34 95321.20
1561732652.957607 26.39 95321.86
1561732712.9865124 26.39 95322.83
1561732773.0310178 26.40 95317.86
1561732833.0599232 26.45 95311.96
1561732893.0888286 26.43 95316.13
1561732953.1177342 26.48 95309.19
1561733013.1466396 26.47 95310.64
1561733073.191145 26.42 95308.28
1561733133.2200503 26.38 95304.82
1561733193.248956 26.39 95301.38
1561733253.2778614 26.44 95295.17
1561733313.3223667 26.41 95297.88
1561733373.351272 26.39 95295.01
1561733433.3801777 26.33 95292.17
1561733493.409083 26.38 95294.04
1561733553.4379885 26.40 95291.28
1561733613.4824939 26.41 95285.14
1561733673.5113995 26.39 95280.19
1561733733.540305 26.40 95283.17
1561733793.56921 26.34 95281.31
1561733853.5981157 26.28 95277.50
1561733913.6426213 26.35 95279.19
1561733973.6715267 26.39 95274.39
1561734033.7004318 26.33 95275.69
1561734093.7293375 26.30 95274.83
1561734153.773843 26.32 95268.69
1561734213.8027484 26.38 95270.35
1561734273.8316538 26.32 95266.74
1561734333.860559 26.28 95264.80
1561734393.8894646 26.36 95265.64
1561734453.9339702 26.39 95266.01
1561734513.9628754 26.37 95261.97
1561734573.9917812 26.37 95257.82
1561734634.0206864 26.39 95260.24
1561734694.0495918 26.33 95254.86
1561734754.0940974 26.34 95253.75
1561734814.1230025 26.33 95256.21
1561734874.1519082 26.30 95254.75
1561734934.1808136 26.35 95250.02
1561734994.209719 26.35 95246.10
1561735054.2542243 26.29 95244.47
1561735114.2831302 26.25 95243.03
1561735174.3120353 26.28 95243.14
1561735234.3409407 26.32 95239.60
1561735294.3698463 26.31 95242.49
1561735354.4143517 26.24 95234.47
1561735414.443257 26.30 95237.33
1561735474.4721625 26.35 95231.08
1561735534.501068 26.37 95231.23
1561735594.5299735 26.33 95231.23
1561735654.5744789 26.41 95227.53
1561735714.6033843 26.46 95225.41
1561735774.63229 26.41 95223.89
1561735834.6611953 26.34 95223.04
1561735894.7057006 26.30 95221.74
1561735954.734606 26.33 95220.03
1561736014.7635117 26.44 95219.91
1561736074.792417 26.38 95218.15
1561736134.8213224 26.37 95217.60
1561736194.8658278 26.35 95210.80
1561736254.8947334 26.43 95211.09
1561736314.9236388 26.47 95207.33
1561736374.9525442 26.58 95199.28
1561736434.9814498 26.58 95197.74
1561736495.025955 26.64 95197.36
1561736555.0548606 26.68 95197.55
1561736615.083766 26.70 95195.08
1561736675.1126714 26.72 95191.94
1561736735.1415768 26.61 95190.75
1561736795.1860824 26.59 95187.22
1561736855.2149878 26.64 95184.02
1561736915.2438931 26.66 95182.35
1561736975.2727988 26.68 95184.41
1561737035.3173041 26.73 95184.22
1561737095.3462095 26.69 95181.11
1561737155.375115 26.69 95175.51
1561737215.4040205 26.65 95175.15
1561737275.4329257 26.75 95176.10
1561737335.4774313 26.78 95175.44
1561737395.5063367 26.65 95171.39
1561737455.535242 26.66 95173.97
1561737515.5641477 26.69 95170.61
1561737575.5930529 26.67 95163.66
1561737635.6375585 26.67 95168.72
1561737695.666464 26.64 95161.78
1561737755.6953692 26.63 95161.32
1561737815.7242746 26.68 95159.75
1561737875.7687802 26.74 95151.94
1561737935.7976859 26.69 95152.66
1561737995.826591 26.69 95149.71
1561738055.8554964 26.69 95150.82
1561738115.884402 26.62 95150.53
1561738175.9289076 26.62 95146.03
1561738235.957813 26.64 95145.35
1561738295.9867182 26.58 95140.72
1561738356.0156236 26.57 95137.46
1561738416.0445292 26.62 95135.94
1561738476.0890348 26.66 95133.08
1561738536.1179402 26.69 95133.38
1561738596.1468453 26.69 95132.94
1561738656.175751 26.72 95132.61
1561738716.2046564 26.74 95132.85
1561738776.249162 26.71 95130.30
1561738836.278067 26.58 95128.52
1561738896.3069727 26.58 95131.71
1561738956.3358781 26.56 95132.50
1561739016.3803835 26.58 95127.32
1561739076.4092891 26.65 95129.64
1561739136.4381945 26.67 95128.11
1561739196.4671 26.67 95122.91
1561739256.4960053 26.70 95119.35
1561739316.5405107 26.71 95118.13
1561739376.5694163 26.72 95115.85
1561739436.5983217 26.75 95113.08
1561739496.627227 26.78 95111.60
1561739556.6561327 26.73 95107.53
1561739616.700638 26.75 95104.86
1561739676.7295434 26.75 95100.24
1561739736.7584488 26.82 95103.93
1561739796.7873545 26.72 95104.24
1561739856.8318598 26.75 95100.24
1561739916.8607652 26.75 95100.24
1561739976.8896706 26.77 95096.96
1561740036.9185762 26.80 95101.78
1561740096.9474816 26.77 95097.80
1561740156.991987 26.78 95094.73
1561740217.0208924 26.79 95097.64
1561740277.0497978 26.81 95092.35
1561740337.0787034 26.82 95094.35
1561740397.1076086 26.73 95092.49
1561740457.1521142 26.74 95096.29
1561740517.1810195 26.78 95094.46
1561740577.2099252 26.87 95093.35
1561740637.2388306 26.86 95090.03
1561740697.283336 26.79 95091.49
1561740757.3122413 26.84 95091.71
1561740817.341147 26.78 95091.60
1561740877.3700523 26.82 95084.85
1561740937.3989577 26.85 95083.98
1561740997.443463 26.83 95084.71
1561741057.4723687 26.77 95084.64
1561741117.501274 26.74 95085.39
1561741177.5301795 26.78 95083.32
1561741237.559085 26.87 95083.61
1561741297.6035905 26.84 95080.07
1561741357.6324959 26.81 95085.80
1561741417.661401 26.75 95079.82
1561741477.690307 26.80 95082.57
1561741537.7348123 26.83 95075.64
1561741597.7637177 26.80 95073.60
1561741657.792623 26.79 95074.20
1561741717.8215287 26.79 95075.03
1561741777.8504338 26.83 95071.89
1561741837.8949394 26.79 95071.30
1561741897.9238448 26.77 95070.39
1561741957.95275 26.83 95070.46
1561742017.9816558 26.81 95070.21
1561742078.010561 26.75 95063.55
1561742138.0550666 26.85 95068.67
1561742198.083972 26.83 95064.78
1561742258.1128774 26.83 95065.01
1561742318.1417828 26.85 95067.94
1561742378.1862884 26.86 95066.28
1561742438.2151937 26.79 95065.67
1561742498.2440991 26.83 95061.76
1561742558.2730045 26.83 95063.33
1561742618.30191 26.81 95062.09
1561742678.3464155 26.89 95057.59
1561742738.3753211 26.89 95056.11
1561742798.4042263 26.84 95059.27
1561742858.4331317 26.83 95055.67
1561742918.4620373 26.82 95062.04
1561742978.5065427 26.85 95058.49
1561743038.5354483 26.82 95057.81
1561743098.5643535 26.86 95055.92
1561743158.593259 26.84 95056.08
1561743218.6377647 26.83 95055.69
1561743278.6666698 26.85 95052.95
1561743338.6955752 26.83 95049.82
1561743398.7244809 26.85 95052.44
1561743458.7689865 26.90 95045.29
1561743518.7978916 26.85 95047.75
1561743578.826797 26.84 95044.00
1561743638.8557026 26.84 95048.66
1561743698.884608 26.89 95042.69
1561743758.9135134 26.88 95043.31
1561743818.9580188 26.89 95040.47
1561743878.9869242 26.87 95045.03
1561743939.0158298 26.85 95043.11
1561743999.0603352 26.90 95038.67
1561744059.0892406 26.90 95040.02
1561744119.118146 26.90 95037.85
1561744179.1470516 26.90 95037.07
1561744239.175957 26.96 95037.56
1561744299.2048624 26.85 95038.65
1561744359.2493677 26.81 95036.56
1561744419.2782733 26.84 95037.63
1561744479.3071787 26.93 95034.85
1561744539.3360841 26.89 95033.02
1561744599.3805895 26.87 95031.67
1561744659.409495 26.82 95033.09
1561744719.4384005 26.84 95038.97
1561744779.467306 26.86 95033.84
1561744839.5118113 26.80 95036.27
1561744899.540717 26.85 95032.38
1561744959.5696223 26.90 95030.92
1561745019.5985277 26.92 95029.86
1561745079.6274333 26.94 95029.60
1561745139.6719387 26.93 95033.33
1561745199.700844 26.89 95029.33
1561745259.7297494 26.89 95029.91
1561745319.758655 26.90 95030.47
1561745379.7875605 26.89 95031.78
1561745439.8320658 26.87 95027.75
1561745499.8609712 26.86 95026.52
1561745559.8898768 26.86 95026.63
1561745619.9187822 26.87 95026.64
1561745679.9632876 26.86 95030.38
1561745739.992193 26.88 95022.80
1561745800.0210986 26.89 95021.45
1561745860.050004 26.91 95023.27
1561745920.0789092 26.90 95023.08
1561745980.1234148 26.93 95020.75
1561746040.1523201 26.72 95026.59
1561746100.1812258 26.61 95027.68
1561746160.2101312 26.62 95025.72
1561746220.2546365 26.59 95021.74
1561746280.283542 26.55 95023.27
1561746340.3124475 26.55 95024.44
1561746400.341353 26.56 95024.05
1561746460.370258 26.59 95025.50
1561746520.4147637 26.68 95026.11
1561746580.4436693 26.73 95020.54
1561746640.4725747 26.83 95016.71
1561746700.50148 26.83 95013.86
1561746760.5303855 26.81 95013.14
1561746820.574891 26.76 95016.88
1561746880.6037965 26.80 95011.87
1561746940.6327016 26.71 95009.57
1561747000.6616075 26.77 95012.47
1561747060.7061129 26.81 95006.75
1561747120.7350183 26.80 95009.47
1561747180.7639236 26.74 95005.89
1561747240.792829 26.77 95009.00
1561747300.8217344 26.84 95004.69
1561747360.86624 26.87 95004.00
1561747420.8951454 26.84 95004.42
1561747480.9240506 26.81 95007.77
1561747540.9529562 26.83 95003.19
1561747600.9818616 26.83 95002.52
1561747661.026367 26.85 95004.87
1561747721.0552728 26.86 95004.32
1561747781.084178 26.86 95002.38
1561747841.1130834 26.87 95002.72
1561747901.157589 26.78 95007.75
1561747961.186494 26.81 95006.77
1561748021.2153997 26.84 95002.03
1561748081.2443051 26.83 94999.33
1561748141.2732105 26.73 94998.17
1561748201.3177161 26.75 94998.54
1561748261.3466215 26.80 94999.48
1561748321.375527 26.84 94997.21
1561748381.4044323 26.85 94997.49
1561748441.433338 26.88 94999.46
1561748501.4778433 26.88 95001.71
1561748561.506749 26.88 94998.08
1561748621.535654 26.86 94996.50
1561748681.5645597 26.87 94997.35
1561748741.6090653 26.85 94993.86
1561748801.6379704 26.83 94994.74
1561748861.6668758 26.80 94992.87
1561748921.6957815 26.82 94989.86
1561748981.7246869 26.87 94988.00
1561749041.7691922 26.83 94988.60
1561749101.7980976 26.77 94988.04
1561749161.8270032 26.82 94990.72
1561749221.8559086 26.81 94986.17
1561749281.884814 26.83 94987.75
1561749341.9293194 26.84 94989.11
1561749401.958225 26.83 94990.54
1561749461.9871304 26.91 94987.08
1561749522.0160358 26.88 94986.50
1561749582.0605412 26.90 94988.99
1561749642.0894465 26.93 94984.86
1561749702.1183522 26.87 94988.67
1561749762.1472576 26.87 94986.89
1561749822.176163 26.89 94985.49
1561749882.2206683 26.88 94990.70
1561749942.249574 26.88 94989.63
1561750002.2784793 26.87 94990.85
1561750062.3073847 26.88 94992.04
1561750122.3362904 26.87 94988.51
1561750182.3807957 26.88 94990.75
1561750242.409701 26.92 94994.41
1561750302.4386065 26.92 94991.69
1561750362.4675121 26.90 94992.71
1561750422.5120175 26.89 94990.82
1561750482.5409229 26.81 94994.39
1561750542.5698283 26.80 94994.04
1561750602.598734 26.82 94997.03
1561750662.6276393 26.84 94997.10
1561750722.6721447 26.87 94994.03
1561750782.70105 26.84 94994.35
1561750842.7299557 26.91 94995.42
1561750902.7588608 26.95 94992.14
1561750962.7877662 26.94 94993.47
1561751022.8322718 26.93 94992.40
1561751082.8611774 26.90 94991.95
1561751142.8900828 26.85 94992.13
1561751202.918988 26.82 94996.42
1561751262.9634936 26.86 94994.86
1561751322.9923992 26.85 94993.97
1561751383.0213046 26.81 94994.35
1561751443.0502098 26.81 94996.36
1561751503.0791152 26.82 94997.80
1561751563.1236207 26.87 94998.74
1561751623.1525261 26.84 94998.21
1561751683.1814318 26.86 95000.23
1561751743.210337 26.90 94997.65
1561751803.2392426 26.90 94997.42
1561751863.2837481 26.87 95002.08
1561751923.3126535 26.89 94997.30
1561751983.3415587 26.90 94997.65
1561752043.3704643 26.91 95001.57
1561752103.41497 26.94 94999.85
1561752163.4438753 26.82 95001.28
1561752223.4727807 26.87 95004.95
1561752283.501686 26.85 95005.21
1561752343.5305915 26.87 95006.58
1561752403.575097 26.87 95004.67
1561752463.6040022 26.89 95005.01
1561752523.6329079 26.88 95002.84
1561752583.6618133 26.84 95004.82
1561752643.6907187 26.78 95005.40
1561752703.7352242 26.81 95006.21
1561752763.7641296 26.83 95006.53
1561752823.793035 26.90 95003.80
1561752883.8219404 26.98 95003.74
1561752943.866446 26.97 95004.39
1561753003.8953514 26.93 95004.89
1561753063.9242568 26.96 95005.11
1561753123.9531622 26.92 95003.96
1561753183.9820678 26.90 95003.86
1561753244.0265734 26.90 95005.80
1561753304.0554786 26.95 95004.22
1561753364.084384 26.95 95005.06
1561753424.1132894 26.90 95006.71
1561753484.142195 26.88 95005.96
1561753544.1867003 26.87 95006.92
1561753604.2156057 26.87 95006.69
1561753664.2445111 26.90 95008.16
1561753724.2734168 26.88 95005.69
1561753784.317922 26.88 95008.19
1561753844.3468275 26.88 95008.35
1561753904.375733 26.92 95011.14
1561753964.4046385 26.91 95013.47
1561754024.433544 26.86 95013.64
1561754084.4780493 26.86 95012.94
1561754144.5069547 26.81 95012.95
1561754204.5358603 26.75 95016.42
1561754264.5647657 26.67 95018.94
1561754324.593671 26.55 95020.55
1561754384.6381764 26.54 95020.80
1561754444.667082 26.51 95024.86
1561754504.6959875 26.57 95023.97
1561754564.7248926 26.66 95028.78
1561754624.7693982 26.73 95022.16
1561754684.7983038 26.63 95029.29
1561754744.8272092 26.66 95026.75
1561754804.8561146 26.61 95031.64
1561754864.88502 26.65 95030.61
1561754924.9295256 26.61 95026.67
1561754984.958431 26.69 95029.75
1561755044.9873364 26.73 95027.35
1561755105.016242 26.74 95029.04
1561755165.0451474 26.71 95031.92
1561755225.0896528 26.81 95029.01
1561755285.1185582 26.84 95028.41
1561755345.1474638 26.75 95034.22
1561755405.176369 26.78 95032.38
1561755465.2052746 26.79 95034.67
1561755525.24978 26.84 95027.06
1561755585.2786853 26.88 95030.02
1561755645.307591 26.90 95030.47
1561755705.336496 26.83 95028.45
1561755765.3810017 26.80 95033.42
1561755825.409907 26.81 95028.24
1561755885.4388127 26.83 95027.67
1561755945.467718 26.78 95034.35
1561756005.4966233 26.70 95033.92
1561756065.5411289 26.73 95037.92
1561756125.5700343 26.84 95032.22
1561756185.59894 26.86 95033.00
1561756245.627845 26.85 95034.96
1561756305.6567507 26.83 95036.27
1561756365.7012563 26.91 95034.94
1561756425.7301614 26.84 95035.52
1561756485.7590668 26.81 95034.82
1561756545.7879725 26.84 95038.92
1561756605.832478 26.90 95037.50
1561756665.8613834 26.90 95035.15
1561756725.8902886 26.83 95037.11
1561756785.9191942 26.72 95043.19
1561756845.9480996 26.66 95043.36
1561756905.9926052 26.63 95043.99
1561756966.0215104 26.63 95040.42
1561757026.0504158 26.73 95042.64
1561757086.0793214 26.74 95041.28
1561757146.1082268 26.69 95047.92
1561757206.1527324 26.65 95045.14
1561757266.1816375 26.62 95046.94
1561757326.2105432 26.60 95048.25
1561757386.2394485 26.60 95049.69
1561757446.268354 26.58 95050.36
1561757506.3128593 26.60 95050.20
1561757566.341765 26.63 95053.94
1561757626.3706703 26.63 95053.10
1561757686.3995757 26.62 95053.50
1561757746.444081 26.56 95054.80
1561757806.4729867 26.59 95052.60
1561757866.501892 26.58 95052.88
1561757926.5307975 26.56 95055.24
1561757986.559703 26.64 95056.14
1561758046.6042085 26.66 95051.96
1561758106.6331139 26.64 95051.71
1561758166.6620193 26.52 95052.48
1561758226.690925 26.58 95052.63
1561758286.7198303 26.59 95054.57
1561758346.7643356 26.61 95055.85
1561758406.793241 26.64 95057.32
1561758466.8221467 26.61 95060.54
1561758526.851052 26.65 95061.19
1561758586.8955574 26.60 95058.85
1561758646.9244628 26.57 95062.14
1561758706.9533684 26.60 95062.33
1561758766.9822738 26.58 95064.21
1561758827.0111792 26.55 95066.08
1561758887.0556846 26.59 95069.69
1561758947.0845902 26.56 95070.74
1561759007.1134956 26.65 95071.35
1561759067.142401 26.57 95070.89
1561759127.1713066 26.61 95070.17
1561759187.2158117 26.63 95071.28
1561759247.2447174 26.63 95068.49
1561759307.2736228 26.63 95071.49
1561759367.302528 26.65 95072.96
1561759427.3314335 26.68 95069.98
1561759487.3759391 26.64 95072.17
1561759547.4048445 26.67 95070.42
1561759607.43375 26.64 95073.07
1561759667.4626553 26.59 95077.14
1561759727.507161 26.61 95075.90
1561759787.5360663 26.64 95072.00
1561759847.5649717 26.62 95075.11
1561759907.593877 26.59 95073.21
1561759967.6227825 26.60 95074.40
1561760027.667288 26.59 95074.96
1561760087.6961932 26.62 95078.30
1561760147.725099 26.68 95077.52
1561760207.7540042 26.76 95080.44
1561760267.7829096 26.72 95079.46
1561760327.8274152 26.67 95084.38
1561760387.8563206 26.64 95086.16
1561760447.885226 26.66 95088.01
1561760507.9141314 26.67 95090.64
1561760567.958637 26.60 95085.53
1561760627.9875426 26.61 95089.28
1561760688.0164478 26.57 95090.24
1561760748.0453532 26.56 95091.92
1561760808.0742588 26.60 95088.99
1561760868.1187644 26.61 95091.13
1561760928.1476696 26.61 95095.64
1561760988.176575 26.69 95094.18
1561761048.2054803 26.65 95093.25
1561761108.234386 26.57 95094.42
1561761168.2788916 26.59 95094.80
1561761228.3077967 26.59 95090.31
1561761288.336702 26.61 95093.67
1561761348.3656077 26.68 95094.92
1561761408.3945131 26.60 95092.55
1561761468.4390185 26.60 95097.82
1561761528.4679239 26.68 95094.30
1561761588.4968295 26.69 95095.42
1561761648.525735 26.70 95100.67
1561761708.5702403 26.75 95097.42
1561761768.5991457 26.67 95096.01
1561761828.6280513 26.61 95094.32
1561761888.6569567 26.58 95097.67
1561761948.685862 26.59 95095.58
1561762008.7303674 26.61 95099.71
1561762068.759273 26.58 95098.30
1561762128.7881784 26.57 95096.10
1561762188.8170838 26.58 95100.32
1561762248.8459895 26.56 95099.50
1561762308.8904948 26.57 95104.10
1561762368.9194002 26.61 95103.74
1561762428.9483056 26.63 95104.82
1561762488.9772112 26.70 95105.47
1561762549.0061166 26.59 95108.39
1561762609.050622 26.61 95108.73
1561762669.0795274 26.64 95108.96
1561762729.108433 26.65 95110.36
1561762789.1373384 26.75 95111.67
1561762849.1818438 26.65 95114.96
1561762909.2107491 26.64 95118.96
1561762969.2396545 26.67 95122.40
1561763029.26856 26.71 95121.66
1561763089.2974656 26.67 95123.24
1561763149.341971 26.69 95127.89
1561763209.3708763 26.77 95125.90
1561763269.399782 26.78 95127.33
1561763329.428687 26.70 95130.63
1561763389.4575925 26.73 95133.74
1561763449.502098 26.70 95133.00
1561763509.5310037 26.65 95135.75
1561763569.559909 26.60 95139.52
1561763629.5888143 26.61 95136.27
1561763689.61772 26.61 95137.57
1561763749.6622255 26.72 95138.38
1561763809.6911309 26.68 95141.88
1561763869.720036 26.57 95143.11
1561763929.7489417 26.66 95143.64
1561763989.7934473 26.65 95144.39
1561764049.8223524 26.67 95142.80
1561764109.851258 26.73 95145.75
1561764169.8801634 26.66 95139.96
1561764229.9090688 26.63 95145.50
1561764289.9535744 26.66 95145.02
1561764349.9824796 26.59 95145.82
1561764410.0113852 26.61 95142.93
1561764470.0402906 26.69 95147.40
1561764530.069196 26.66 95141.80
1561764590.1137013 26.68 95142.92
1561764650.1426067 26.68 95140.07
1561764710.1715124 26.70 95142.60
1561764770.2004178 26.67 95145.72
1561764830.2293231 26.59 95145.97
1561764890.2738285 26.59 95140.91
1561764950.3027341 26.65 95142.55
1561765010.3316395 26.68 95142.42
1561765070.360545 26.70 95141.19
1561765130.4050505 26.67 95141.79
1561765190.433956 26.69 95143.32
1561765250.4628613 26.63 95143.82
1561765310.4917667 26.65 95146.08
1561765370.5206723 26.61 95148.14
1561765430.5651777 26.66 95149.61
1561765490.594083 26.67 95150.07
1561765550.6229885 26.67 95147.32
1561765610.651894 26.66 95148.32
1561765670.6807995 26.72 95147.73
1561765730.7253048 26.69 95150.32
1561765790.7542102 26.67 95148.27
1561765850.7831159 26.78 95150.14
1561765910.8120213 26.71 95146.47
1561765970.8409266 26.67 95148.77
1561766030.885432 26.71 95148.89
1561766090.9143376 26.66 95153.01
1561766150.943243 26.64 95149.58
1561766210.9721484 26.61 95150.31
1561766271.0166538 26.64 95148.57
1561766331.0455594 26.64 95150.72
1561766391.0744648 26.66 95149.66
1561766451.1033702 26.62 95146.71
