1561248079.820899 25.37 95683.63
1561248139.8498046 25.37 95681.28
1561248199.87871 25.38 95682.50
1561248259.9076154 25.39 95681.36
1561248319.936521 25.48 95681.41
1561248379.9810264 25.46 95677.28
1561248440.0099318 25.52 95677.39
1561248500.0388372 25.51 95673.91
1561248560.0677428 25.46 95674.27
1561248620.0966482 25.45 95675.71
1561248680.1255534 25.43 95674.50
1561248740.1544588 25.38 95674.92
1561248800.1989646 25.45 95671.49
1561248860.2278697 25.48 95676.96
1561248920.2567754 25.48 95679.30
1561248980.2856805 25.42 95678.11
1561249040.3145862 25.37 95674.25
1561249100.3434916 25.34 95676.13
1561249160.387997 25.41 95674.83
1561249220.4169023 25.42 95681.23
1561249280.445808 25.39 95679.99
1561249340.4747133 25.41 95680.69
1561249400.5036187 25.48 95681.14
1561249460.5325243 25.49 95678.33
1561249520.5770297 25.46 95682.60
1561249580.605935 25.45 95681.53
1561249640.6348405 25.38 95687.45
1561249700.663746 25.37 95686.24
1561249760.6926515 25.39 95684.60
1561249820.721557 25.41 95687.69
1561249880.7504623 25.45 95688.60
1561249940.794968 25.40 95687.59
1561250000.8238733 25.37 95687.32
1561250060.8527784 25.47 95690.38
1561250120.8816843 25.43 95687.42
1561250180.9105895 25.44 95682.10
1561250240.9394948 25.42 95687.19
1561250300.9840004 25.41 95685.85
1561250361.0129058 25.39 95690.13
1561250421.0418112 25.36 95687.38
1561250481.0707166 25.39 95687.75
1561250541.0996222 25.45 95689.00
1561250601.1285276 25.44 95688.30
1561250661.173033 25.38 95689.16
1561250721.2019384 25.37 95689.25
1561250781.230844 25.32 95691.25
1561250841.2597494 25.30 95693.02
1561250901.2886548 25.37 95696.18
1561250961.3175604 25.34 95696.82
1561251021.3464656 25.40 95695.52
1561251081.3909712 25.45 95694.60
1561251141.4198766 25.38 95696.59
1561251201.448782 25.43 95698.78
1561251261.4776874 25.42 95700.64
1561251321.5065928 25.40 95702.45
1561251381.5354981 25.39 95702.45
1561251441.5800035 25.38 95705.29
1561251501.6089094 25.40 95705.73
1561251561.6378145 25.35 95705.28
1561251621.66672 25.37 95708.17
1561251681.6956255 25.41 95709.48
1561251741.724531 25.44 95710.39
1561251801.7690363 25.42 95712.23
1561251861.7979417 25.40 95710.82
1561251921.8268473 25.39 95713.36
1561251981.8557527 25.38 95710.11
1561252041.884658 25.39 95712.80
1561252101.9135637 25.41 95711.49
1561252161.9424691 25.36 95711.05
1561252221.9869745 25.37 95710.68
1561252282.0158799 25.38 95716.14
1561252342.0447855 25.37 95712.25
1561252402.073691 25.38 95716.41
1561252462.102596 25.42 95715.21
1561252522.1315017 25.40 95714.44
1561252582.1760073 25.39 95719.49
1561252642.2049124 25.37 95721.63
1561252702.233818 25.37 95720.22
1561252762.2627234 25.41 95716.17
1561252822.2916288 25.32 95721.99
1561252882.3205342 25.33 95716.70
1561252942.3494399 25.33 95713.64
1561253002.393945 25.33 95714.65
1561253062.4228506 25.32 95719.50
1561253122.451756 25.32 95715.59
1561253182.4806614 25.39 95715.81
1561253242.509567 25.39 95714.97
1561253302.5384722 25.38 95711.72
1561253362.5829778 25.40 95713.60
1561253422.6118832 25.38 95715.33
1561253482.6407888 25.35 95710.31
1561253542.6696942 25.32 95710.74
1561253602.6985996 25.32 95706.61
1561253662.727505 25.25 95709.64
1561253722.7564104 25.22 95710.24
1561253782.800916 25.30 95712.57
1561253842.829821 25.34 95707.42
1561253902.858727 25.33 95709.90
1561253962.8876321 25.29 95711.20
1561254022.9165375 25.34 95707.19
1561254082.9454432 25.31 95713.45
1561254142.9899485 25.36 95712.96
1561254203.018854 25.34 95715.13
1561254263.0477593 25.35 95713.49
1561254323.076665 25.32 95711.14
1561254383.1055703 25.34 95711.17
1561254443.1344757 25.32 95712.44
1561254503.163381 25.36 95710.94
1561254563.1922867 25.30 95708.09
1561254623.236792 25.26 95714.13
1561254683.2656975 25.30 95715.62
1561254743.294603 25.27 95716.91
1561254803.3235083 25.28 95719.74
1561254863.3524137 25.35 95719.38
1561254923.3813193 25.28 95723.58
1561254983.4102247 25.30 95721.24
1561255043.45473 25.37 95723.83
1561255103.4836354 25.34 95721.59
1561255163.5125408 25.32 95721.82
1561255223.5414464 25.32 95721.64
1561255283.5703518 25.28 95719.46
1561255343.5992572 25.34 95719.98
1561255403.6437626 25.31 95721.07
1561255463.6726682 25.28 95720.53
1561255523.7015736 25.33 95719.03
1561255583.730479 25.35 95720.55
1561255643.7593846 25.32 95716.42
1561255703.7882898 25.32 95716.66
1561255763.8171954 25.38 95712.39
1561255823.8617008 25.34 95724.06
1561255883.8906064 25.33 95722.59
1561255943.9195118 25.36 95719.32
1561256003.948417 25.32 95720.35
1561256063.9773226 25.36 95721.25
1561256124.006228 25.32 95722.05
1561256184.0507336 25.36 95719.01
1561256244.0796387 25.41 95713.07
1561256304.1085443 25.41 95712.57
1561256364.1374497 25.42 95714.31
1561256424.1663551 25.37 95718.55
1561256484.1952608 25.39 95714.39
1561256544.2241662 25.37 95716.71
1561256604.2686715 25.36 95714.89
1561256664.297577 25.37 95716.87
1561256724.3264825 25.32 95713.32
1561256784.355388 25.30 95715.46
1561256844.3842933 25.25 95714.16
1561256904.4131987 25.26 95714.57
1561256964.4577043 25.32 95714.32
1561257024.4866097 25.33 95712.21
1561257084.5155149 25.32 95715.25
1561257144.5444207 25.34 95715.02
1561257204.5733259 25.33 95710.91
1561257264.6022313 25.33 95706.99
1561257324.6311367 25.34 95712.96
1561257384.675642 25.29 95711.86
1561257444.7045476 25.32 95706.96
1561257504.733453 25.38 95706.07
1561257564.7623584 25.42 95703.42
1561257624.791264 25.34 95702.57
1561257684.8201694 25.36 95703.21
1561257744.8646748 25.34 95702.24
1561257804.8935802 25.31 95704.75
1561257864.9224858 25.32 95699.72
1561257924.9513912 25.31 95702.53
1561257984.9802966 25.35 95702.84
1561258045.0092022 25.36 95699.57
1561258105.0381074 25.37 95703.82
1561258165.082613 25.35 95698.82
1561258225.1115184 25.36 95701.07
1561258285.1404238 25.38 95699.77
1561258345.1693294 25.40 95699.88
1561258405.1982346 25.43 95696.93
1561258465.2271402 25.39 95695.05
1561258525.2716458 25.34 95696.21
1561258585.300551 25.29 95690.75
1561258645.3294563 25.37 95694.71
1561258705.358362 25.32 95690.55
1561258765.3872674 25.35 95690.46
1561258825.4161727 25.32 95688.31
1561258885.460678 25.31 95690.35
1561258945.4895837 25.36 95686.47
1561259005.5184891 25.36 95685.17
1561259065.5473945 25.36 95686.04
1561259125.5763001 25.38 95684.60
1561259185.6052055 25.38 95683.93
1561259245.6341107 25.48 95683.08
1561259305.6786163 25.45 95684.35
1561259365.7075217 25.44 95682.74
1561259425.7364273 25.31 95680.91
1561259485.7653325 25.31 95681.41
1561259545.7942379 25.40 95681.79
1561259605.8231435 25.44 95682.50
1561259665.867649 25.39 95684.21
1561259725.8965545 25.45 95683.75
1561259785.9254596 25.41 95676.85
1561259845.9543653 25.40 95675.00
1561259905.9832706 25.38 95676.47
1561259966.012176 25.39 95678.41
1561260026.0410817 25.41 95676.35
1561260086.085587 25.36 95680.58
1561260146.1144924 25.41 95674.16
1561260206.1433978 25.36 95674.22
1561260266.1723034 25.39 95667.77
1561260326.2012088 25.38 95669.60
1561260386.2301142 25.34 95670.17
1561260446.2746196 25.41 95669.71
1561260506.3035252 25.45 95664.66
1561260566.3324306 25.44 95662.85
1561260626.361336 25.43 95658.77
1561260686.3902414 25.41 95659.27
1561260746.4191468 25.34 95658.82
1561260806.4480522 25.39 95657.59
1561260866.4925578 25.44 95654.32
1561260926.5214634 25.39 95659.27
1561260986.5503685 25.34 95655.14
1561261046.579274 25.33 95657.61
1561261106.6081796 25.35 95657.42
1561261166.637085 25.45 95653.35
1561261226.6815903 25.40 95659.30
1561261286.7104957 25.34 95656.28
1561261346.739401 25.34 95658.32
1561261406.7683067 25.32 95657.35
1561261466.7972121 25.29 95659.08
1561261526.8261173 25.29 95655.40
1561261586.8550231 25.30 95655.71
1561261646.8995285 25.36 95653.53
1561261706.928434 25.36 95653.53
1561261766.9573393 25.39 95655.49
1561261826.9862447 25.39 95656.66
1561261887.01515 25.32 95655.03
1561261947.0440555 25.31 95654.43
1561262007.088561 25.32 95656.03
1561262067.1174667 25.32 95655.21
1561262127.146372 25.38 95651.83
1561262187.1752772 25.36 95658.92
1561262247.2041829 25.34 95654.71
1561262307.2330883 25.43 95656.75
1561262367.2619936 25.38 95656.38
1561262427.306499 25.31 95657.28
1561262487.3354046 25.31 95661.13
1561262547.36431 25.32 95656.38
1561262607.3932154 25.31 95656.81
1561262667.422121 25.28 95658.05
1561262727.4510262 25.24 95656.33
1561262787.4955318 25.31 95658.39
1561262847.5244372 25.33 95656.82
1561262907.5533428 25.37 95658.22
1561262967.5822482 25.34 95649.78
1561263027.6111534 25.33 95651.66
1561263087.640059 25.34 95649.35
1561263147.6689644 25.32 95645.70
1561263207.6978698 25.28 95642.98
1561263267.7423754 25.27 95643.96
1561263327.7712805 25.28 95645.49
1561263387.8001862 25.29 95644.56
1561263447.8290915 25.28 95646.16
1561263507.857997 25.30 95641.44
1561263567.8869026 25.32 95647.81
1561263627.915808 25.36 95643.49
1561263687.9603133 25.35 95643.25
1561263747.9892187 25.31 95640.78
1561263808.0181243 25.34 95643.32
1561263868.0470297 25.29 95637.89
1561263928.075935 25.29 95638.67
1561263988.1048408 25.34 95641.82
1561264048.149346 25.32 95635.92
1561264108.1782515 25.33 95637.53
1561264168.207157 25.32 95637.19
1561264228.2360623 25.31 95636.09
1561264288.2649677 25.37 95635.02
1561264348.293873 25.37 95627.50
1561264408.3227787 25.29 95630.36
1561264468.3672843 25.34 95624.41
1561264528.3961895 25.30 95620.06
1561264588.4250948 25.34 95618.89
1561264648.4540005 25.38 95619.92
1561264708.4829059 25.40 95615.58
1561264768.5118113 25.31 95611.36
1561264828.5563166 25.36 95616.55
1561264888.5852222 25.30 95618.35
1561264948.6141276 25.28 95615.21
1561265008.643033 25.30 95614.20
1561265068.6719387 25.31 95616.47
1561265128.7008438 25.28 95620.32
1561265188.7297492 25.30 95612.32
1561265248.7742548 25.35 95611.46
1561265308.8031604 25.38 95609.49
1561265368.8320658 25.34 95609.45
1561265428.860971 25.33 95605.20
1561265488.8898764 25.26 95606.07
1561265548.918782 25.25 95602.88
1561265608.9476874 25.30 95600.28
1561265668.992193 25.29 95599.44
1561265729.0210981 25.28 95595.56
1561265789.0500038 25.32 95597.30
1561265849.0789092 25.32 95590.27
1561265909.1078146 25.29 95588.83
1561265969.1367202 25.40 95587.83
1561266029.1812255 25.33 95587.02
1561266089.210131 25.35 95583.88
1561266149.2390363 25.31 95584.85
1561266209.267942 25.35 95582.10
1561266269.2968473 25.34 95578.99
1561266329.3257525 25.37 95583.14
1561266389.3546581 25.47 95581.74
1561266449.3991637 25.44 95579.63
1561266509.428069 25.45 95577.72
1561266569.4569745 25.50 95574.60
1561266629.48588 25.48 95575.91
1561266689.5147853 25.47 95572.53
1561266749.559291 25.41 95570.52
1561266809.588196 25.39 95569.28
1561266869.617102 25.37 95568.75
1561266929.646007 25.36 95564.53
1561266989.6749125 25.34 95565.89
1561267049.703818 25.32 95567.38
1561267109.7483234 25.29 95566.21
1561267169.7772288 25.28 95568.11
1561267229.8061342 25.36 95564.92
1561267289.8350399 25.30 95564.69
1561267349.8639452 25.26 95563.05
1561267409.8928506 25.25 95564.50
1561267469.937356 25.25 95562.99
1561267529.9662614 25.27 95560.75
1561267589.995167 25.17 95561.98
1561267650.0240724 25.20 95558.24
1561267710.052978 25.24 95553.32
1561267770.0818832 25.22 95554.82
1561267830.1107886 25.20 95546.58
1561267890.1552942 25.17 95547.52
1561267950.1841996 25.18 95545.99
1561268010.213105 25.20 95548.42
1561268070.2420104 25.19 95546.63
1561268130.2709157 25.19 95546.28
1561268190.2998214 25.16 95544.14
1561268250.344327 25.21 95543.91
1561268310.3732321 25.22 95538.59
1561268370.4021375 25.22 95539.60
1561268430.4310431 25.19 95538.02
1561268490.4599485 25.21 95535.04
1561268550.488854 25.21 95534.50
1561268610.5177596 25.16 95530.60
1561268670.562265 25.18 95530.35
1561268730.5911703 25.19 95524.53
1561268790.6200757 25.22 95524.67
1561268850.6489813 25.15 95526.00
1561268910.6778867 25.18 95522.42
1561268970.7067919 25.15 95520.92
1561269030.7356975 25.19 95515.50
1561269090.780203 25.20 95514.57
1561269150.8091085 25.24 95508.64
1561269210.8380136 25.18 95510.38
1561269270.8669193 25.17 95508.21
1561269330.8958247 25.14 95505.69
1561269390.92473 25.17 95506.60
1561269450.9536357 25.12 95502.68
1561269510.9981408 25.12 95504.25
1561269571.0270464 25.09 95502.95
1561269631.0559518 25.05 95498.19
1561269691.0848572 25.10 95498.07
1561269751.1137629 25.12 95496.92
1561269811.1426682 25.11 95498.70
1561269871.1871736 25.14 95494.65
1561269931.216079 25.13 95494.62
1561269991.2449846 25.14 95494.75
1561270051.2738898 25.13 95493.11
1561270111.3027954 25.09 95495.82
1561270171.3317008 25.11 95495.78
1561270231.3606062 25.11 95490.24
1561270291.4051118 25.11 95492.41
1561270351.434017 25.09 95487.39
1561270411.4629226 25.10 95484.68
1561270471.491828 25.12 95482.17
1561270531.5207334 25.13 95481.30
1561270591.549639 25.07 95479.92
1561270651.5785444 25.08 95480.64
1561270711.6230497 25.04 95478.36
1561270771.6519551 25.05 95480.33
1561270831.6808608 24.97 95477.49
1561270891.7097661 24.96 95480.20
1561270951.7386715 25.02 95479.57
1561271011.7675772 25.00 95476.15
1561271071.7964823 24.97 95481.23
1561271131.840988 24.98 95479.57
1561271191.8698933 24.92 95482.33
1561271251.8987987 24.92 95479.16
1561271311.9277043 25.00 95477.28
1561271371.9566095 25.11 95476.72
1561271431.985515 25.07 95478.22
1561271492.0144205 25.07 95477.25
1561271552.0589259 25.12 95475.52
1561271612.0878313 25.09 95477.75
1561271672.1167367 25.06 95477.63
1561271732.1456423 25.09 95476.08
1561271792.1745477 25.04 95480.00
1561271852.2034533 25.02 95474.88
1561271912.2323585 25.00 95480.80
1561271972.2612638 24.98 95483.44
1561272032.2901692 25.01 95479.42
1561272092.3346748 25.03 95485.49
1561272152.3635805 24.99 95485.66
1561272212.3924856 24.97 95484.51
1561272272.421391 24.98 95484.95
1561272332.4502966 24.97 95483.17
1561272392.479202 24.99 95480.20
1561272452.5081074 24.97 95481.67
1561272512.552613 24.97 95481.60
1561272572.5815184 24.98 95474.44
1561272632.6104238 24.99 95480.00
1561272692.6393292 25.04 95476.69
1561272752.6682348 25.03 95481.30
1561272812.6971402 24.99 95479.50
1561272872.7260456 24.95 95481.53
1561272932.770551 24.92 95479.83
1561272992.7994566 24.96 95479.10
1561273052.828362 24.99 95477.79
1561273112.8572671 25.09 95476.58
1561273172.8861728 25.07 95477.82
1561273232.9150782 25.06 95480.64
1561273292.9439836 25.01 95480.53
1561273352.9884892 24.91 95480.13
1561273413.0173945 24.97 95481.60
1561273473.0463 25.02 95483.88
1561273533.0752053 24.98 95487.42
1561273593.104111 25.02 95487.42
1561273653.1330163 24.99 95483.11
1561273713.1619217 25.03 95488.36
1561273773.206427 24.99 95488.89
1561273833.2353325 24.98 95485.92
1561273893.264238 24.95 95488.22
1561273953.2931435 24.94 95486.55
1561274013.3220491 25.00 95487.09
1561274073.3509545 25.01 95486.96
1561274133.3798597 25.03 95492.17
1561274193.4243653 24.99 95493.71
1561274253.4532707 24.98 95492.64
1561274313.482176 24.98 95493.01
1561274373.5110815 24.96 95497.96
1561274433.5399868 24.98 95495.32
1561274493.5688925 24.95 95497.19
1561274553.5977979 24.92 95496.02
1561274613.6423032 25.00 95496.56
1561274673.6712086 25.02 95499.74
1561274733.7001143 25.00 95497.53
1561274793.7290196 24.97 95500.64
1561274853.757925 24.94 95501.17
1561274913.7868307 24.99 95501.51
1561274973.8157358 24.92 95503.08
1561275033.8602414 24.92 95501.67
1561275093.8891468 24.89 95499.76
1561275153.9180524 24.89 95501.50
1561275213.9469578 24.86 95504.41
1561275273.975863 24.82 95504.86
1561275334.0047686 24.82 95500.05
1561275394.033674 24.83 95500.42
1561275454.0781796 24.87 95498.55
1561275514.1070848 24.94 95499.39
1561275574.1359904 24.87 95502.91
1561275634.1648958 24.82 95502.36
1561275694.1938012 24.87 95502.46
1561275754.2227068 24.84 95504.24
1561275814.2516122 24.80 95503.73
1561275874.2961175 24.87 95501.80
1561275934.325023 24.92 95503.35
1561275994.3539286 24.95 95506.59
1561276054.382834 25.00 95503.88
1561276114.4117393 24.97 95502.85
1561276174.4406445 24.91 95506.78
1561276234.4695501 24.87 95509.92
1561276294.5140557 24.82 95511.09
1561276354.5429611 24.85 95511.46
1561276414.5718665 24.83 95514.07
1561276474.600772 24.81 95509.35
1561276534.6296773 24.87 95511.60
1561276594.6585827 24.82 95508.75
1561276654.6874883 24.84 95511.60
1561276714.7163937 24.82 95513.33
1561276774.760899 24.78 95510.82
1561276834.7898045 24.78 95511.99
1561276894.81871 24.76 95511.35
1561276954.8476155 24.76 95511.96
1561277014.8765209 24.80 95513.10
1561277074.9054263 24.77 95512.09
1561277134.9343317 24.74 95516.26
1561277194.9788373 24.78 95517.67
1561277255.0077426 24.79 95517.38
1561277315.0366483 24.80 95521.99
1561277375.0655534 24.85 95527.55
1561277435.0944588 24.84 95523.30
1561277495.1233644 24.79 95530.38
1561277555.1522698 24.80 95522.86
1561277615.1967754 24.88 95526.08
1561277675.2256806 24.83 95524.94
1561277735.2545862 24.81 95528.45
1561277795.2834916 24.82 95524.53
1561277855.312397 24.82 95523.46
1561277915.3413026 24.80 95524.93
1561277975.370208 24.80 95523.13
1561278035.3991132 24.80 95522.03
1561278095.4436188 24.82 95522.63
1561278155.4725244 24.80 95522.29
1561278215.5014298 24.81 95519.89
1561278275.530335 24.80 95518.44
1561278335.5592403 24.80 95521.19
1561278395.588146 24.83 95519.89
1561278455.6170514 24.87 95523.03
1561278515.661557 24.83 95522.39
1561278575.6748624 24.76 95522.72
1561278635.7193677 24.79 95525.57
1561278695.7482731 24.73 95526.96
1561278755.7771785 24.76 95523.72
1561278815.8060842 24.80 95521.13
1561278875.8349895 24.78 95525.33
1561278935.8638947 24.79 95520.95
1561278995.8928003 24.80 95524.80
1561279055.937306 24.83 95522.93
1561279115.966211 24.80 95522.86
1561279175.9951167 24.77 95527.14
1561279236.024022 24.84 95526.01
1561279296.0529275 24.88 95529.13
1561279356.081833 24.90 95527.46
1561279416.1107385 24.82 95525.30
1561279476.139644 24.80 95527.28
1561279536.1841493 24.83 95528.35
1561279596.2130547 24.83 95524.94
1561279656.2419603 24.82 95527.38
1561279716.2708657 24.79 95529.05
1561279776.299771 24.82 95525.27
1561279836.3286767 24.81 95530.25
1561279896.3575819 24.77 95532.96
1561279956.4020875 24.78 95532.52
1561280016.4309928 24.78 95532.46
1561280076.4598985 24.75 95531.28
1561280136.4888036 24.76 95531.08
1561280196.517709 24.85 95530.06
1561280256.5466146 24.87 95529.83
1561280316.57552 24.85 95527.45
1561280376.6044254 24.85 95524.88
1561280436.6489308 24.85 95527.96
1561280496.6778362 24.82 95529.89
1561280556.7067418 24.77 95530.21
1561280616.7356472 24.74 95530.64
1561280676.7645526 24.79 95530.55
1561280736.7934582 24.79 95532.56
1561280796.8223634 24.92 95533.95
1561280856.866869 24.83 95533.07
1561280916.8957744 24.78 95539.21
1561280976.9246798 24.75 95544.72
1561281036.9535854 24.75 95544.08
1561281096.9824905 24.78 95546.40
1561281157.0113962 24.86 95550.22
1561281217.0403016 24.88 95551.03
1561281277.069207 24.86 95547.89
1561281337.1137123 24.87 95551.17
1561281397.142618 24.81 95551.99
1561281457.1715233 24.78 95551.18
1561281517.2004287 24.80 95559.96
1561281577.2293344 24.82 95558.64
1561281637.2582397 24.88 95561.24
1561281697.2871451 24.85 95558.99
1561281757.3160505 24.89 95560.33
1561281817.3605561 24.91 95562.04
1561281877.3894615 24.92 95561.11
1561281937.418367 24.84 95562.60
1561281997.4472723 24.88 95561.97
1561282057.4761777 24.87 95567.46
1561282117.505083 24.90 95571.38
1561282177.5339887 24.87 95570.86
1561282237.5784943 24.89 95574.72
1561282297.6073995 24.90 95576.39
1561282357.6363049 24.98 95575.21
1561282417.6652105 25.03 95574.67
1561282477.6941159 25.04 95575.88
1561282537.7230213 25.00 95575.97
1561282597.751927 24.97 95575.67
1561282657.780832 25.00 95572.80
1561282717.8253376 25.06 95572.91
1561282777.854243 25.03 95573.97
1561282837.8831482 25.01 95569.35
1561282897.912054 24.86 95569.80
1561282957.9409592 24.91 95566.66
1561283017.9698646 24.89 95567.50
1561283078.0143702 24.91 95565.32
1561283138.0432756 24.91 95566.66
1561283198.072181 24.85 95568.19
1561283258.1010864 24.83 95569.85
1561283318.129992 24.83 95568.15
1561283378.1588974 24.87 95568.46
1561283438.1878028 24.83 95567.88
1561283498.2323081 24.87 95568.03
1561283558.2612138 24.93 95566.77
1561283618.2901192 24.94 95565.57
1561283678.3190246 24.94 95569.08
1561283738.3479302 24.87 95565.22
1561283798.3768356 24.86 95567.96
1561283858.4057407 24.89 95565.12
1561283918.4502463 24.88 95567.42
1561283978.479152 24.92 95569.47
1561284038.508057 24.93 95571.71
1561284098.5369627 24.80 95577.50
1561284158.5658681 24.78 95578.94
1561284218.5947735 24.87 95574.82
1561284278.623679 24.92 95579.17
1561284338.6525846 24.84 95575.75
1561284398.69709 24.84 95576.32
1561284458.7259953 24.87 95577.56
1561284518.7549007 24.83 95579.89
1561284578.7838063 24.85 95579.39
1561284638.8127117 24.88 95581.94
1561284698.8416169 24.84 95587.17
1561284758.8705227 24.80 95589.14
1561284818.9150279 24.80 95593.57
1561284878.9439335 24.81 95595.57
1561284938.9728389 24.86 95597.53
1561284999.001744 24.93 95602.99
1561285059.0306497 25.01 95597.63
1561285119.059555 24.98 95597.85
1561285179.0884604 24.93 95599.21
1561285239.117366 24.91 95599.17
1561285299.1462715 24.87 95597.57
1561285359.1751769 24.94 95601.42
1561285419.2196822 24.90 95594.22
1561285479.2485878 24.88 95596.53
1561285539.2774932 24.88 95597.03
1561285599.3063986 24.86 95596.05
1561285659.3353043 24.85 95597.85
1561285719.3642094 24.79 95593.28
1561285779.3931148 24.89 95594.66
1561285839.4220204 24.83 95595.74
1561285899.4665258 24.82 95590.86
1561285959.4954314 24.81 95594.63
1561286019.5243366 24.78 95596.74
1561286079.5532422 24.83 95590.89
1561286139.5821476 24.88 95589.07
1561286199.611053 24.87 95594.28
1561286259.6399586 24.88 95596.59
1561286319.684464 24.86 95594.41
1561286379.7133694 24.83 95596.17
1561286439.7422748 24.81 95599.92
1561286499.7711804 24.88 95603.21
1561286559.8000855 24.80 95606.03
1561286619.828991 24.83 95606.67
1561286679.8578966 24.89 95608.77
1561286739.886802 24.93 95606.57
1561286799.9313076 24.88 95600.00
1561286859.9602127 24.90 95602.65
1561286919.989118 24.81 95599.52
1561286980.0180237 24.73 95600.86
1561287040.0469291 24.80 95598.78
1561287100.0758345 24.75 95599.43
1561287160.1047401 24.88 95600.53
1561287220.1492455 24.83 95603.21
1561287280.178151 24.83 95604.31
1561287340.2070563 24.81 95604.53
1561287400.235962 24.85 95601.64
1561287460.2648673 24.83 95602.36
1561287520.2937727 24.83 95603.00
1561287580.322678 24.84 95601.77
1561287640.3515835 24.83 95600.86
1561287700.396089 24.81 95607.61
1561287760.4249942 24.82 95609.42
1561287820.4538999 24.76 95606.60
1561287880.4828053 24.76 95611.57
1561287940.5117106 24.74 95610.33
1561288000.5406163 24.76 95609.10
1561288060.5695217 24.75 95612.64
1561288120.5984268 24.78 95617.46
1561288180.6429324 24.77 95614.08
1561288240.671838 24.75 95614.55
1561288300.7007434 24.72 95625.44
1561288360.7296488 24.76 95615.42
1561288420.7585542 24.75 95617.06
1561288480.7874596 24.78 95622.82
1561288540.816365 24.71 95625.74
1561288600.8608706 24.73 95625.21
1561288660.8897762 24.77 95619.10
1561288720.9186814 24.70 95626.40
1561288780.9475868 24.73 95627.91
1561288840.9764924 24.74 95623.31
1561288901.0053978 24.71 95627.24
1561288961.0343032 24.69 95630.55
1561289021.0632088 24.74 95630.33
1561289081.107714 24.73 95627.25
1561289141.1366196 24.69 95631.35
1561289201.165525 24.69 95634.12
1561289261.1944304 24.75 95633.27
1561289321.2233357 24.74 95634.21
1561289381.2522414 24.77 95635.22
1561289441.2811465 24.78 95635.86
1561289501.3100522 24.72 95639.05
1561289561.3545578 24.72 95641.72
1561289621.383463 24.75 95642.97
1561289681.4123683 24.80 95642.25
1561289741.441274 24.87 95639.94
1561289801.4701793 24.93 95636.88
1561289861.4990847 24.94 95638.66
1561289921.5279903 24.89 95642.55
1561289981.5724957 24.86 95645.89
1561290041.601401 24.89 95640.95
1561290101.6303065 24.96 95644.52
1561290161.659212 24.93 95646.71
1561290221.6881175 24.85 95650.93
1561290281.7170227 24.96 95647.72
1561290341.7459283 25.01 95645.63
1561290401.7748337 24.99 95646.57
1561290461.8193393 24.98 95646.30
1561290521.8482444 24.90 95651.89
1561290581.87715 24.93 95649.60
1561290641.9060555 24.99 95655.33
1561290701.9349608 25.06 95655.85
1561290761.9638665 25.00 95655.03
1561290821.9927719 25.02 95646.88
1561290882.0372772 25.02 95650.32
1561290942.0661826 25.03 95653.77
1561291002.0950882 24.97 95651.61
1561291062.1239936 24.97 95657.69
1561291122.152899 25.02 95650.39
1561291182.1818042 25.04 95653.07
1561291242.21071 25.03 95650.46
1561291302.2396152 24.99 95653.42
1561291362.2685206 25.03 95654.53
1561291422.3130262 25.01 95656.64
1561291482.3419316 24.99 95657.10
1561291542.370837 24.97 95662.25
1561291602.3997424 24.99 95664.42
1561291662.428648 24.97 95668.77
1561291722.4575534 25.03 95668.92
1561291782.4864588 25.07 95668.81
1561291842.5309641 25.09 95669.32
1561291902.5598698 25.09 95668.17
1561291962.5887752 25.09 95669.32
1561292022.6176805 25.13 95667.58
1561292082.6465862 25.12 95666.88
1561292142.6754913 25.07 95668.47
1561292202.7043967 25.04 95666.85
1561292262.7333024 25.10 95665.50
1561292322.777808 25.09 95666.17
1561292382.806713 25.01 95665.03
1561292442.8356185 24.99 95665.10
1561292502.8645241 24.97 95665.33
1561292562.8934295 25.01 95664.33
1561292622.922335 25.02 95661.42
1561292682.9512405 25.00 95663.80
1561292742.995746 24.99 95661.42
1561292803.0246513 25.05 95659.89
1561292863.0535567 25.12 95663.07
1561292923.0824623 25.08 95662.55
1561292983.1113677 25.05 95667.49
1561293043.1402729 25.09 95663.79
1561293103.1691787 25.11 95664.93
1561293163.213684 25.11 95668.82
1561293223.2425895 25.17 95667.49
1561293283.2714949 25.17 95665.21
1561293343.3004 25.15 95665.21
1561293403.3293056 25.15 95662.93
1561293463.358211 25.19 95662.01
1561293523.3871164 25.16 95660.77
1561293583.4316218 25.16 95661.07
1561293643.4605274 25.13 95662.10
1561293703.4894328 25.27 95662.10
1561293763.5183382 25.32 95662.86
1561293823.5472438 25.31 95662.24
1561293883.5761492 25.38 95662.71
1561293943.6206546 25.31 95664.50
1561294003.64956 25.30 95661.53
1561294063.6784656 25.25 95663.96
1561294123.707371 25.26 95662.05
1561294183.7362764 25.27 95660.42
1561294243.7651818 25.21 95658.83
1561294303.7940872 25.19 95661.57
1561294363.8385928 25.13 95658.04
1561294423.867498 25.18 95664.28
1561294483.8964038 25.25 95661.96
1561294543.925309 25.22 95660.88
1561294603.9542143 25.28 95666.58
1561294663.98312 25.25 95661.15
1561294724.0120254 25.21 95660.88
1561294784.0565307 25.16 95661.33
1561294844.085436 25.15 95661.27
1561294904.1143417 25.10 95660.17
1561294964.1432471 25.16 95655.98
1561295024.1721525 25.19 95653.98
1561295084.2010581 25.14 95652.53
1561295144.2299635 25.17 95651.26
1561295204.274469 25.19 95647.96
1561295264.3033743 25.14 95650.32
1561295324.33228 25.15 95647.82
1561295384.3611853 25.20 95649.73
1561295444.3900905 25.19 95642.93
1561295504.4189959 25.25 95647.42
1561295564.4479015 25.26 95643.48
1561295624.4924068 25.25 95643.98
1561295684.5213125 25.26 95647.73
1561295744.5502176 25.21 95641.42
1561295804.5791233 25.17 95642.39
1561295864.6080287 25.13 95642.35
1561295924.636934 25.09 95638.53
1561295984.6814394 25.14 95640.58
1561296044.710345 25.09 95639.97
1561296104.7392504 25.19 95635.47
1561296164.7681558 25.12 95633.41
1561296224.7970614 25.16 95633.32
1561296284.8259666 25.20 95625.66
1561296344.8548722 25.25 95625.67
1561296404.8993776 25.22 95625.94
1561296464.9282832 25.24 95621.69
1561296524.9571886 25.24 95623.53
1561296584.9860938 25.20 95621.55
1561296645.0149994 25.23 95618.51
1561296705.0439048 25.19 95618.24
1561296765.0728102 25.22 95614.19
1561296825.1173155 25.27 95615.97
1561296885.1462214 25.20 95614.08
1561296945.1751266 25.25 95611.52
1561297005.204032 25.29 95607.80
1561297065.2329376 25.22 95607.36
1561297125.261843 25.26 95607.13
1561297185.3063483 25.24 95606.53
1561297245.3352537 25.22 95610.44
1561297305.3641593 25.32 95606.03
1561297365.3930647 25.35 95604.63
1561297425.4219701 25.35 95601.92
1561297485.4508753 25.38 95603.86
1561297545.4797812 25.36 95606.97
1561297605.5242865 25.30 95603.09
1561297665.553192 25.23 95600.87
1561297725.5820973 25.24 95598.50
1561297785.6110027 25.31 95599.31
1561297845.639908 25.32 95599.37
1561297905.6688135 25.27 95599.74
1561297965.697719 25.25 95595.85
1561298025.7422245 25.23 95595.89
1561298085.7711298 25.20 95590.60
1561298145.8000352 25.31 95588.03
1561298205.8289409 25.37 95594.12
1561298265.8578463 25.32 95591.67
1561298325.8867517 25.26 95588.96
1561298385.931257 25.26 95591.07
1561298445.9601626 25.30 95590.77
1561298505.989068 25.35 95587.56
1561298566.0179734 25.30 95585.35
1561298626.046879 25.41 95582.44
1561298686.0757842 25.38 95579.89
1561298746.1202898 25.32 95575.54
1561298806.1491952 25.28 95576.88
1561298866.1781008 25.20 95576.53
1561298926.2070062 25.31 95572.29
1561298986.2359114 25.29 95580.46
1561299046.264817 25.38 95579.02
1561299106.2937224 25.43 95579.86
1561299166.338228 25.38 95577.21
1561299226.3671331 25.35 95577.82
1561299286.3960388 25.30 95575.54
1561299346.4249442 25.31 95573.00
1561299406.4538496 25.32 95572.83
1561299466.4827552 25.36 95571.83
1561299526.5116606 25.44 95571.63
1561299586.540566 25.39 95569.02
1561299646.5850713 25.38 95570.69
1561299706.6139767 25.34 95567.50
1561299766.6428823 25.35 95566.20
1561299826.6717877 25.29 95567.03
1561299886.700693 25.39 95564.53
1561299946.7295985 25.45 95565.36
1561300006.774104 25.37 95562.55
1561300066.8030093 25.32 95557.86
1561300126.831915 25.31 95558.64
1561300186.8608203 25.30 95559.91
1561300246.8897257 25.32 95557.20
1561300306.918631 25.32 95551.91
1561300366.9631364 25.30 95554.39
1561300426.992042 25.35 95554.69
1561300487.0209475 25.32 95545.14
1561300547.0498528 25.21 95546.55
1561300607.0787585 25.23 95544.85
1561300667.1076639 25.27 95545.52
1561300727.1521692 25.23 95544.71
1561300787.1810746 25.26 95544.92
1561300847.2099802 25.21 95546.92
1561300907.2388856 25.24 95543.27
1561300967.267791 25.22 95543.75
1561301027.2966967 25.20 95538.89
1561301087.3256018 25.20 95533.77
1561301147.3701074 25.26 95532.60
1561301207.3990128 25.21 95533.53
1561301267.4279182 25.28 95529.92
1561301327.4568238 25.29 95528.48
1561301387.485729 25.28 95530.35
1561301447.5146346 25.32 95527.37
1561301507.5591402 25.31 95524.39
1561301567.5880454 25.29 95520.85
1561301627.6169508 25.24 95521.39
1561301687.6458561 25.25 95521.42
1561301747.6747618 25.19 95517.11
1561301807.7036672 25.27 95518.28
1561301867.7481725 25.18 95514.96
1561301927.777078 25.13 95512.02
1561301987.8059835 25.17 95511.45
1561302047.834889 25.21 95509.44
1561302107.8637943 25.22 95506.13
1561302167.8927 25.21 95506.77
1561302227.921605 25.18 95507.50
1561302287.9661107 25.20 95502.98
1561302347.995016 25.27 95505.69
1561302408.0239217 25.23 95503.58
1561302468.052827 25.19 95497.66
1561302528.0817323 25.17 95500.91
1561302588.110638 25.18 95495.46
1561302648.1551435 25.19 95492.85
1561302708.184049 25.24 95493.61
1561302768.212954 25.19 95491.80
1561302828.2418597 25.25 95486.78
1561302888.270765 25.19 95489.50
1561302948.2996705 25.21 95486.64
1561303008.344176 25.23 95486.32
1561303068.3730814 25.28 95481.10
1561303128.4019868 25.32 95477.88
1561303188.4308922 25.33 95471.82
1561303248.4597979 25.25 95478.25
1561303308.4887033 25.22 95475.84
1561303368.5176086 25.31 95470.41
1561303428.562114 25.27 95464.57
1561303488.5910196 25.22 95469.32
1561303548.619925 25.19 95469.72
1561303608.6488304 25.20 95465.71
1561303668.6777356 25.20 95460.58
1561303728.7066412 25.14 95464.03
1561303788.7511468 25.14 95459.22
1561303848.7800522 25.15 95456.30
1561303908.8089578 25.21 95449.03
1561303968.837863 25.18 95450.05
1561304028.8667684 25.12 95447.38
1561304088.8956738 25.16 95444.57
1561304148.9245794 25.20 95442.17
1561304208.969085 25.30 95439.28
1561304268.9979901 25.27 95438.19
1561304329.0268955 25.25 95436.92
1561304389.0558012 25.24 95436.28
1561304449.0847065 25.28 95436.82
1561304509.1136117 25.31 95439.55
1561304569.1581173 25.30 95432.42
1561304629.187023 25.28 95433.23
1561304689.2159283 25.22 95432.30
1561304749.2448337 25.18 95427.39
1561304809.273739 25.18 95424.01
1561304869.3026445 25.17 95418.02
1561304929.34715 25.24 95418.45
1561304989.3760555 25.30 95415.89
1561305049.404961 25.32 95410.86
1561305109.4338663 25.25 95406.19
1561305169.4627717 25.28 95405.63
1561305229.4916773 25.27 95407.13
1561305289.5205827 25.26 95411.45
1561305349.565088 25.24 95411.19
1561305409.5939937 25.29 95408.74
1561305469.622899 25.29 95403.98
1561305529.6518044 25.22 95402.52
1561305589.6807098 25.23 95398.13
1561305649.7096155 25.18 95396.50
1561305709.7541206 25.22 95397.71
1561305769.7830262 25.20 95393.99
1561305829.8119316 25.19 95396.87
1561305889.840837 25.16 95394.30
1561305949.8697426 25.19 95393.42
1561306009.8986478 25.31 95389.55
1561306069.9275532 25.31 95384.89
1561306129.9720588 25.25 95384.88
1561306190.0009644 25.24 95382.67
1561306250.0298698 25.24 95380.63
1561306310.058775 25.22 95381.97
1561306370.0876806 25.18 95379.71
1561306430.116586 25.27 95379.46
1561306490.1610916 25.23 95378.10
1561306550.1899967 25.23 95379.26
1561306610.2189023 25.21 95377.72
1561306670.2478077 25.21 95379.16
1561306730.2767131 25.26 95378.59
1561306790.3056188 25.19 95375.96
1561306850.3345242 25.23 95374.41
1561306910.3790295 25.23 95371.13
1561306970.407935 25.26 95369.55
1561307030.4368405 25.19 95361.47
1561307090.465746 25.22 95362.39
1561307150.4946513 25.26 95353.65
1561307210.5235567 25.24 95353.02
1561307270.5680623 25.29 95350.20
1561307330.5969677 25.31 95351.10
1561307390.625873 25.27 95347.99
1561307450.6547787 25.22 95347.30
1561307510.6836839 25.19 95344.17
1561307570.7125893 25.24 95344.42
1561307630.741495 25.35 95341.50
1561307690.7860005 25.41 95344.73
1561307750.8149056 25.33 95337.53
1561307810.843811 25.29 95340.36
1561307870.8727164 25.29 95342.67
1561307930.901622 25.25 95338.86
1561307990.9305274 25.28 95338.08
1561308050.9750328 25.32 95338.60
1561308111.0039382 25.27 95332.50
1561308171.0328438 25.27 95330.75
1561308231.0617492 25.30 95332.66
1561308291.0906546 25.31 95327.83
1561308351.1195602 25.38 95324.53
1561308411.1640656 25.30 95318.64
1561308471.192971 25.27 95326.14
1561308531.2218764 25.28 95323.86
1561308591.2507818 25.30 95318.83
1561308651.2796874 25.31 95324.59
1561308711.3085926 25.33 95323.78
1561308771.3374982 25.31 95324.99
1561308831.3664036 25.24 95323.61
1561308891.410909 25.24 95322.41
1561308951.4398143 25.24 95322.94
1561309011.46872 25.22 95321.36
1561309071.4976254 25.26 95319.65
1561309131.5265307 25.26 95317.64
1561309191.5554364 25.26 95314.69
1561309251.5843418 25.26 95312.78
1561309311.6288471 25.24 95309.52
1561309371.6577525 25.26 95310.17
1561309431.6866581 25.31 95315.32
1561309491.7155635 25.28 95316.50
1561309551.744469 25.26 95315.97
1561309611.7733743 25.35 95313.19
1561309671.81788 25.37 95311.67
1561309731.8467853 25.34 95312.19
1561309791.8756905 25.29 95310.50
1561309851.9045963 25.26 95309.21
1561309911.9335015 25.25 95310.32
1561309971.9624069 25.18 95302.44
1561310031.9913123 25.23 95304.13
1561310092.0358176 25.22 95302.30
1561310152.0647233 25.23 95305.94
1561310212.0936286 25.22 95302.63
1561310272.122534 25.24 95298.97
1561310332.1514397 25.22 95295.80
1561310392.180345 25.21 95301.20
1561310452.2248504 25.26 95299.24
1561310512.2537558 25.26 95297.67
1561310572.2826614 25.25 95296.53
1561310632.3115668 25.24 95292.78
1561310692.3404722 25.30 95290.66
1561310752.3693776 25.30 95292.66
1561310812.4138832 25.25 95294.49
1561310872.4427886 25.30 95292.23
1561310932.471694 25.30 95287.51
1561310992.5005994 25.36 95290.00
1561311052.5295048 25.34 95284.85
1561311112.5584102 25.35 95282.76
1561311172.5873158 25.33 95282.47
1561311232.6318214 25.34 95278.49
1561311292.6607265 25.34 95279.60
1561311352.689632 25.28 95283.47
1561311412.7185376 25.31 95280.94
1561311472.747443 25.27 95283.07
1561311532.7763484 25.30 95279.28
1561311592.8208537 25.35 95282.07
1561311652.8497593 25.35 95282.93
1561311712.8786647 25.32 95280.21
1561311772.9075701 25.30 95281.69
1561311832.9364758 25.32 95280.47
1561311892.9653811 25.31 95282.75
1561311952.9942863 25.30 95283.50
1561312013.038792 25.27 95283.64
1561312073.0676975 25.30 95281.02
1561312133.096603 25.31 95278.57
1561312193.125508 25.31 95277.57
1561312253.1544135 25.31 95274.75
1561312313.183319 25.30 95275.42
1561312373.2278244 25.34 95273.46
1561312433.25673 25.33 95273.71
1561312493.2856352 25.28 95277.01
1561312553.3145409 25.26 95275.85
1561312613.3434463 25.26 95272.19
1561312673.3723516 25.26 95276.35
1561312733.416857 25.20 95274.77
1561312793.4457626 25.21 95272.19
1561312853.474668 25.26 95271.69
1561312913.5035734 25.26 95270.22
1561312973.532479 25.30 95270.17
1561313033.5613842 25.32 95270.42
1561313093.5902898 25.29 95272.08
1561313153.6347952 25.36 95268.64
1561313213.6637008 25.38 95271.44
1561313273.6926062 25.35 95276.17
1561313333.7215114 25.31 95273.39
1561313393.750417 25.34 95275.14
1561313453.7793224 25.38 95274.21
1561313513.823828 25.35 95271.89
1561313573.8527331 25.38 95270.30
1561313633.881639 25.27 95273.64
1561313693.9105442 25.25 95267.75
1561313753.9394495 25.27 95269.08
1561313813.9683552 25.26 95269.82
1561313874.0128603 25.25 95270.16
1561313934.041766 25.26 95268.22
1561313994.0706713 25.25 95267.65
1561314054.099577 25.23 95268.10
1561314114.1284823 25.31 95265.28
1561314174.1573877 25.32 95262.13
1561314234.201893 25.39 95261.57
1561314294.2307985 25.38 95263.21
1561314354.259704 25.35 95261.17
1561314414.2886095 25.33 95259.35
1561314474.317515 25.31 95254.83
1561314534.3464203 25.30 95258.02
1561314594.3753257 25.39 95255.41
1561314654.4198313 25.33 95257.00
1561314714.4487367 25.34 95251.04
1561314774.477642 25.36 95252.91
1561314834.5065475 25.38 95250.28
1561314894.5354528 25.37 95250.32
1561314954.5643585 25.45 95250.89
1561315014.608864 25.38 95245.33
1561315074.6377692 25.35 95246.32
1561315134.6666746 25.37 95244.84
1561315194.6955802 25.32 95246.53
1561315254.7244856 25.34 95247.96
1561315314.753391 25.35 95245.78
1561315374.7978964 25.35 95246.49
1561315434.826802 25.34 95246.36
1561315494.8557074 25.34 95249.71
1561315554.8846128 25.28 95246.72
1561315614.9135182 25.30 95244.03
1561315674.9424238 25.40 95245.89
1561315734.971329 25.42 95249.07
1561315795.0158346 25.37 95245.97
1561315855.0447402 25.30 95246.99
1561315915.0736456 25.29 95241.77
1561315975.1025507 25.26 95243.58
1561316035.1314564 25.23 95244.67
1561316095.1603618 25.29 95241.73
1561316155.2048671 25.24 95245.77
1561316215.2337728 25.30 95242.03
1561316275.262678 25.29 95239.12
1561316335.2915835 25.24 95238.28
1561316395.320489 25.34 95234.82
1561316455.3493943 25.36 95238.75
1561316515.3938997 25.35 95232.83
1561316575.4228053 25.36 95230.92
1561316635.4517107 25.30 95229.35
1561316695.480616 25.30 95229.14
1561316755.5095217 25.31 95227.53
1561316815.5384269 25.27 95225.94
1561316875.5673325 25.35 95225.17
1561316935.6118379 25.40 95223.46
1561316995.6407435 25.35 95223.56
1561317055.669649 25.37 95224.49
1561317115.698554 25.41 95222.92
1561317175.7274597 25.41 95221.49
1561317235.756365 25.37 95224.92
1561317295.8008707 25.43 95226.42
1561317355.8297758 25.37 95226.22
1561317415.8586814 25.37 95228.50
1561317475.8875868 25.33 95220.33
1561317535.9164922 25.35 95221.72
1561317595.9453979 25.43 95221.28
1561317655.9899032 25.48 95218.80
1561317716.0188086 25.37 95219.97
1561317776.047714 25.35 95218.38
1561317836.0766196 25.32 95215.38
1561317896.105525 25.35 95218.14
1561317956.1344304 25.31 95212.37
1561318016.1633356 25.31 95215.99
1561318076.2078414 25.32 95218.99
1561318136.2367468 25.40 95218.91
1561318196.2656522 25.29 95217.53
1561318256.2945578 25.27 95217.71
1561318316.323463 25.27 95216.03
1561318376.3523684 25.29 95217.57
1561318436.3812737 25.31 95216.05
1561318496.4101794 25.38 95217.19
1561318556.4546847 25.35 95220.65
1561318616.4835901 25.32 95220.23
1561318676.5124955 25.37 95219.97
1561318736.5414011 25.33 95217.64
1561318796.5703065 25.27 95220.92
1561318856.599212 25.27 95218.21
1561318916.6437173 25.25 95215.01
1561318976.672623 25.31 95213.00
1561319036.7015283 25.33 95213.30
1561319096.7304337 25.39 95215.74
1561319156.7593393 25.35 95215.76
1561319216.7882445 25.29 95210.67
1561319276.83275 25.30 95216.75
1561319336.8616555 25.45 95215.41
1561319396.890561 25.42 95213.41
1561319456.9194665 25.39 95212.09
1561319516.9483716 25.40 95218.28
1561319576.9772773 25.39 95217.14
1561319637.0061827 25.38 95217.25
1561319697.050688 25.34 95217.58
1561319757.0795934 25.30 95216.23
1561319817.108499 25.33 95222.40
1561319877.1374044 25.29 95214.96
1561319937.1663098 25.24 95218.42
1561319997.1952155 25.32 95221.30
1561320057.2397208 25.37 95219.30
1561320117.2686262 25.36 95217.77
1561320177.2975316 25.35 95213.12
1561320237.3264372 25.40 95215.83
1561320297.3553426 25.33 95212.53
1561320357.384248 25.31 95213.67
1561320417.4131532 25.28 95214.42
1561320477.4576588 25.34 95211.82
1561320537.4865644 25.38 95212.19
1561320597.5154698 25.37 95211.60
1561320657.5443752 25.37 95213.67
1561320717.5732806 25.30 95214.05
1561320777.602186 25.35 95216.03
1561320837.6466916 25.32 95217.55
1561320897.6755967 25.37 95217.89
1561320957.7045023 25.35 95217.64
1561321017.7334077 25.30 95217.42
1561321077.7623131 25.33 95217.64
1561321137.7912188 25.35 95217.37
1561321197.835724 25.40 95220.02
1561321257.8646295 25.41 95220.25
1561321317.893535 25.41 95218.07
1561321377.9224405 25.40 95221.19
1561321437.951346 25.46 95221.13
1561321497.9802513 25.35 95218.27
1561321558.0091567 25.33 95216.14
1561321618.0536623 25.31 95218.19
1561321678.0825677 25.34 95221.09
1561321738.111473 25.34 95219.41
1561321798.1403787 25.33 95218.01
1561321858.1692839 25.37 95216.56
1561321918.1981893 25.28 95214.86
1561321978.2426949 25.35 95214.63
1561322038.2716005 25.30 95212.35
1561322098.3005056 25.34 95212.99
1561322158.329411 25.35 95211.64
1561322218.3583167 25.36 95211.71
1561322278.387222 25.36 95216.16
1561322338.4317276 25.37 95215.01
1561322398.4606328 25.33 95213.26
1561322458.4895382 25.25 95213.71
1561322518.5184438 25.27 95212.29
1561322578.5473492 25.26 95211.93
1561322638.5762546 25.28 95215.03
1561322698.6051602 25.25 95216.78
1561322758.6496656 25.34 95211.99
1561322818.678571 25.32 95214.60
1561322878.7074764 25.36 95217.57
1561322938.736382 25.36 95214.64
1561322998.7652874 25.41 95212.51
1561323058.7941926 25.46 95209.57
1561323118.8386981 25.42 95207.72
1561323178.8676038 25.42 95206.75
1561323238.8965092 25.41 95203.67
1561323298.9254143 25.39 95203.82
1561323358.95432 25.44 95204.74
1561323418.9832253 25.43 95205.00
1561323479.0277307 25.38 95203.30
1561323539.0566363 25.41 95209.71
1561323599.0855417 25.39 95207.44
1561323659.114447 25.46 95208.74
1561323719.1433525 25.43 95206.71
1561323779.1722581 25.48 95207.59
1561323839.2011635 25.49 95205.27
1561323899.245669 25.47 95208.30
1561323959.2745743 25.48 95213.45
1561324019.30348 25.44 95209.32
1561324079.3323853 25.40 95209.38
1561324139.3612907 25.41 95207.42
1561324199.3901963 25.38 95205.37
1561324259.4347017 25.33 95206.67
1561324319.463607 25.45 95204.03
1561324379.4925125 25.38 95202.36
1561324439.521418 25.41 95199.83
1561324499.5503232 25.37 95203.17
1561324559.5792286 25.36 95201.64
1561324619.6237342 25.33 95201.61
1561324679.6526394 25.34 95199.90
1561324739.6815453 25.36 95197.96
1561324799.7104504 25.35 95200.57
1561324859.7393558 25.29 95202.41
1561324919.7682614 25.41 95199.83
1561324979.7971668 25.41 95200.30
1561325039.8416722 25.42 95201.96
1561325099.8705776 25.46 95198.13
1561325159.8994832 25.46 95203.55
1561325219.9283886 25.48 95199.72
1561325279.957294 25.42 95202.70
1561325339.9861994 25.45 95199.00
1561325400.030705 25.38 95203.03
1561325460.0596104 25.46 95201.88
1561325520.0885158 25.38 95204.27
1561325580.1174214 25.43 95204.60
1561325640.1463265 25.45 95204.76
1561325700.175232 25.45 95203.96
1561325760.2041376 25.47 95205.08
1561325820.2486432 25.39 95203.32
1561325880.2775483 25.41 95208.86
1561325940.3064537 25.38 95206.14
1561326000.3353593 25.39 95205.03
1561326060.3642647 25.36 95204.94
1561326120.39317 25.35 95201.47
1561326180.4376755 25.43 95205.44
1561326240.466581 25.53 95205.64
1561326300.4954865 25.55 95205.50
1561326360.524392 25.52 95208.53
1561326420.5532975 25.44 95205.36
1561326480.582203 25.35 95207.33
1561326540.6267083 25.38 95206.71
1561326600.6556137 25.42 95209.67
1561326660.684519 25.41 95208.93
1561326720.7134247 25.44 95205.80
1561326780.74233 25.47 95203.44
1561326840.7712352 25.44 95204.90
1561326900.8001409 25.41 95207.19
1561326960.8446465 25.48 95204.88
1561327020.8735518 25.49 95207.89
1561327080.902457 25.44 95206.14
1561327140.9313626 25.41 95207.10
1561327200.960268 25.40 95207.74
1561327260.9891734 25.44 95206.30
1561327321.033679 25.42 95209.57
1561327381.0625844 25.46 95205.09
1561327441.0914898 25.49 95205.94
1561327501.1203952 25.42 95205.99
1561327561.1493008 25.39 95205.22
1561327621.1782062 25.41 95202.64
1561327681.2227116 25.45 95203.42
1561327741.236017 25.55 95203.35
1561327801.2805226 25.48 95202.53
1561327861.309428 25.46 95205.82
1561327921.3383331 25.44 95201.62
1561327981.367239 25.49 95205.60
1561328041.3961442 25.46 95205.55
1561328101.4250495 25.45 95206.93
1561328161.4695551 25.47 95209.77
1561328221.4984605 25.49 95209.62
1561328281.527366 25.50 95203.72
1561328341.5562713 25.45 95206.86
1561328401.585177 25.45 95204.03
1561328461.6140823 25.47 95205.92
1561328521.6429877 25.41 95209.53
1561328581.687493 25.45 95209.00
1561328641.7163985 25.45 95206.03
1561328701.745304 25.48 95208.66
1561328761.7742095 25.45 95208.50
1561328821.803115 25.50 95207.74
1561328881.8320205 25.44 95210.25
1561328941.8765259 25.43 95208.72
1561329001.9054313 25.47 95208.13
1561329061.9343367 25.43 95204.94
1561329121.963242 25.41 95203.52
1561329181.9921477 25.41 95203.35
1561329242.0210528 25.40 95208.53
1561329302.0655584 25.50 95205.33
1561329362.094464 25.47 95206.19
1561329422.1233692 25.51 95202.71
1561329482.1522746 25.52 95207.83
1561329542.1811802 25.55 95207.82
1561329602.2100856 25.50 95208.24
1561329662.238991 25.45 95205.26
1561329722.2834964 25.43 95205.50
1561329782.312402 25.41 95207.83
1561329842.3413074 25.38 95209.85
1561329902.3702128 25.40 95209.91
1561329962.3991184 25.44 95210.42
1561330022.4280238 25.45 95207.31
1561330082.4725292 25.40 95207.46
1561330142.5014346 25.37 95208.99
1561330202.5303402 25.39 95208.05
1561330262.5592456 25.39 95208.50
1561330322.5881507 25.40 95206.96
1561330382.6170564 25.38 95207.85
1561330442.6459618 25.47 95202.40
1561330502.6904674 25.42 95202.80
1561330562.7193727 25.40 95200.77
1561330622.748278 25.49 95203.77
1561330682.7771835 25.43 95203.77
1561330742.806089 25.41 95202.41
1561330802.8349943 25.44 95200.21
1561330862.8794997 25.50 95201.14
1561330922.9084053 25.49 95197.57
1561330982.9373107 25.42 95197.58
1561331042.966216 25.47 95197.25
1561331102.9951217 25.51 95195.08
1561331163.024027 25.45 95197.83
1561331223.0529325 25.53 95195.74
1561331283.0974379 25.48 95196.61
1561331343.1263435 25.46 95198.86
1561331403.1552489 25.43 95197.74
1561331463.1841543 25.41 95200.07
1561331523.2130597 25.43 95202.92
1561331583.241965 25.42 95203.81
1561331643.2864707 25.45 95200.74
1561331703.315376 25.46 95201.75
1561331763.3442817 25.42 95199.96
1561331823.3731868 25.37 95202.39
1561331883.4020922 25.35 95202.53
1561331943.4309978 25.36 95204.10
1561332003.4599032 25.38 95203.60
1561332063.5044086 25.33 95203.46
1561332123.533314 25.43 95202.19
1561332183.5622196 25.37 95205.00
1561332243.591125 25.38 95200.75
1561332303.6200304 25.38 95201.28
1561332363.6489358 25.39 95199.41
1561332423.6934414 25.41 95203.41
1561332483.7223468 25.40 95203.89
1561332543.7512522 25.40 95204.05
1561332603.7801578 25.37 95207.58
1561332663.8090632 25.32 95208.11
1561332723.8379683 25.31 95209.13
1561332783.8668737 25.36 95207.16
1561332843.9113793 25.38 95207.64
1561332903.940285 25.43 95206.71
1561332963.9691904 25.43 95206.35
1561333023.9980955 25.34 95210.64
1561333084.0270011 25.34 95208.94
1561333144.0559065 25.32 95212.19
1561333204.100412 25.38 95213.17
1561333264.1293173 25.37 95215.96
1561333324.158223 25.36 95216.03
1561333384.1871283 25.34 95214.22
1561333444.2160337 25.38 95213.20
1561333504.2449393 25.40 95221.25
1561333564.2738445 25.42 95218.37
1561333624.31835 25.39 95222.10
1561333684.3472555 25.34 95223.10
1561333744.376161 25.38 95223.07
1561333804.4050665 25.36 95223.25
1561333864.4339716 25.36 95224.63
1561333924.4628773 25.35 95224.16
1561333984.5073829 25.45 95223.54
1561334044.5362883 25.36 95224.96
1561334104.5651937 25.37 95227.23
1561334164.594099 25.27 95223.90
1561334224.6230044 25.34 95224.27
1561334284.6519098 25.34 95224.94
1561334344.6808155 25.37 95227.50
1561334404.7253208 25.39 95225.35
