1561420909.4980586 25.07 94863.45
1561420969.5269637 25.11 94859.32
1561421029.555869 25.15 94860.63
1561421089.5847747 25.16 94865.16
1561421149.6136801 25.18 94862.60
1561421209.6425855 25.18 94863.17
1561421269.687091 25.18 94866.62
1561421329.7159965 25.11 94871.69
1561421389.744902 25.15 94867.49
1561421449.7738073 25.14 94871.27
1561421509.802713 25.15 94873.30
1561421569.8316183 25.05 94874.30
1561421629.8605237 25.03 94876.26
1561421689.905029 25.07 94880.94
1561421749.9339347 25.10 94875.79
1561421809.96284 25.11 94878.05
1561421869.9917452 25.13 94878.00
1561421930.020651 25.14 94876.89
1561421990.0495563 25.18 94878.69
1561422050.0784616 25.20 94879.27
1561422110.1229672 25.12 94878.66
1561422170.1518724 25.13 94873.89
1561422230.180778 25.10 94873.25
1561422290.2096834 25.06 94872.68
1561422350.2385888 25.07 94871.91
1561422410.2674944 25.08 94874.64
1561422470.2963998 25.01 94872.47
1561422530.325305 25.09 94872.60
1561422590.3698106 25.10 94871.78
1561422650.3987162 25.14 94871.74
1561422710.4276216 25.12 94874.20
1561422770.456527 25.12 94874.30
1561422830.4854324 25.11 94871.53
1561422890.5143378 25.07 94873.92
1561422950.5432432 25.06 94871.52
1561423010.5721488 25.09 94870.05
1561423070.6010542 25.14 94869.37
1561423130.6455598 25.11 94869.33
1561423190.674465 25.07 94865.52
1561423250.7033706 25.03 94870.30
1561423310.732276 25.05 94870.16
1561423370.7611814 25.14 94871.40
1561423430.790087 25.09 94872.10
1561423490.8189924 25.05 94872.89
1561423550.8634977 25.13 94875.32
1561423610.8924031 25.13 94880.25
1561423670.9213088 25.12 94876.82
1561423730.950214 25.09 94878.35
1561423790.9791195 25.01 94881.06
1561423851.008025 25.03 94876.70
1561423911.0369303 25.01 94883.40
1561423971.081436 25.09 94880.92
1561424031.110341 25.09 94881.96
1561424091.1392467 25.04 94884.88
1561424151.168152 24.98 94884.91
1561424211.1970575 25.04 94883.54
1561424271.225963 25.09 94887.61
1561424331.2548685 25.12 94885.98
1561424391.2837737 25.14 94886.46
1561424451.3282793 25.14 94884.95
1561424511.357185 25.11 94890.30
1561424571.3860903 25.07 94888.21
1561424631.4149957 25.07 94884.42
1561424691.4439008 24.99 94884.03
1561424751.4728065 25.02 94887.24
1561424811.5017118 25.02 94887.47
1561424871.5462174 25.03 94884.69
1561424931.5751226 25.03 94883.56
1561424991.6040285 25.04 94878.07
1561425051.6329336 25.04 94880.57
1561425111.661839 25.10 94879.30
1561425171.6907446 25.05 94876.28
1561425231.71965 25.00 94878.90
1561425291.7485554 24.98 94881.79
1561425351.7930608 24.99 94881.08
1561425411.8219664 24.97 94876.08
1561425471.8508718 25.02 94880.28
1561425531.8797772 25.02 94874.46
1561425591.9086826 25.01 94881.21
1561425651.9375882 24.98 94877.14
1561425711.9664934 24.91 94880.08
1561425772.010999 24.98 94878.28
1561425832.0399046 25.05 94879.19
1561425892.0688097 25.09 94877.25
1561425952.0977151 24.98 94875.17
1561426012.1266208 24.98 94875.14
1561426072.1555262 25.03 94876.92
1561426132.1844316 25.05 94869.60
1561426192.228937 25.07 94868.24
1561426252.2578425 25.04 94868.36
1561426312.286748 25.00 94874.28
1561426372.3156533 24.96 94871.11
1561426432.344559 24.98 94869.42
1561426492.3734643 24.97 94873.17
1561426552.4023697 24.97 94876.99
1561426612.431275 24.98 94874.03
1561426672.4757807 25.03 94875.83
1561426732.504686 25.05 94872.23
1561426792.5335913 25.09 94875.94
1561426852.5624971 25.02 94873.46
1561426912.5914023 25.04 94873.00
1561426972.6203077 25.06 94871.52
1561427032.649213 25.01 94866.17
1561427092.6781187 24.98 94870.09
1561427152.722624 24.96 94872.67
1561427212.7515295 24.96 94873.11
1561427272.7804348 24.98 94877.14
1561427332.8093405 25.01 94877.99
1561427392.8382459 25.02 94874.80
1561427452.867151 25.03 94872.65
1561427512.8960567 25.07 94877.89
1561427572.9405622 24.99 94875.06
1561427632.9694676 24.96 94876.00
1561427692.998373 25.00 94871.94
1561427753.0272784 25.04 94871.71
1561427813.0561838 25.00 94873.78
1561427873.0850892 24.99 94873.10
1561427933.1139948 24.99 94876.71
1561427993.1429002 25.03 94875.92
1561428053.1874056 25.00 94874.05
1561428113.216311 24.96 94877.80
1561428173.2452166 24.93 94878.99
1561428233.274122 24.93 94875.75
1561428293.3030274 24.97 94872.67
1561428353.3319328 25.05 94874.91
1561428413.3608384 24.99 94877.07
1561428473.4053438 25.03 94875.92
1561428533.4342492 25.05 94875.78
1561428593.4631548 24.99 94877.71
1561428653.49206 24.98 94872.64
1561428713.5209653 24.96 94869.17
1561428773.5498707 24.99 94869.17
1561428833.5787764 24.99 94868.64
1561428893.6076818 25.04 94869.10
1561428953.652187 24.99 94872.82
1561429013.6810925 24.94 94871.42
1561429073.7099981 24.99 94871.19
1561429133.7389035 24.99 94867.30
1561429193.767809 24.97 94869.96
1561429253.7967145 24.97 94868.63
1561429313.8256197 24.98 94869.52
1561429373.854525 25.03 94867.96
1561429433.8834307 25.04 94870.66
1561429493.9279363 25.08 94869.13
1561429553.9568415 25.05 94863.53
1561429613.9857469 25.05 94866.71
1561429674.0146525 25.03 94866.79
1561429734.043558 24.98 94866.67
1561429794.0724633 24.99 94862.96
1561429854.101369 25.00 94861.50
1561429914.1302743 25.01 94859.08
1561429974.1747797 25.04 94855.82
1561430034.203685 25.01 94858.08
1561430094.2325907 25.06 94856.90
1561430154.261496 24.97 94858.46
1561430214.2904012 25.00 94858.17
1561430274.319307 25.00 94858.13
1561430334.3482122 24.93 94862.92
1561430394.3927178 24.97 94862.88
1561430454.4216232 24.89 94859.03
1561430514.4505286 24.95 94859.22
1561430574.479434 24.88 94858.91
1561430634.5083394 24.92 94853.56
1561430694.537245 24.92 94856.83
1561430754.5661504 25.00 94865.08
1561430814.5950558 24.90 94857.39
1561430874.6395612 24.85 94854.52
1561430934.6684668 24.83 94854.51
1561430994.6973722 24.86 94855.66
1561431054.7262776 24.89 94864.61
1561431114.7551832 24.89 94861.05
1561431174.7840884 24.83 94862.76
1561431234.8129938 24.89 94859.67
1561431294.8418992 24.92 94858.85
1561431354.8864048 24.92 94857.34
1561431414.9153101 24.89 94856.09
1561431474.9442155 24.91 94856.60
1561431534.973121 24.91 94857.17
1561431595.0020266 24.92 94859.01
1561431655.030932 24.89 94854.29
1561431715.0598373 24.88 94857.07
1561431775.1043427 24.82 94863.67
1561431835.1332483 24.83 94858.79
1561431895.1621537 24.78 94862.11
1561431955.191059 24.84 94855.64
1561432015.2199647 24.85 94852.14
1561432075.24887 24.82 94853.89
1561432135.2777755 24.79 94850.42
1561432195.306681 24.82 94854.05
1561432255.3511865 24.82 94853.89
1561432315.380092 24.76 94855.58
1561432375.408997 24.69 94848.58
1561432435.4379027 24.76 94850.39
1561432495.466808 24.78 94845.46
1561432555.4957135 24.75 94843.91
1561432615.524619 24.74 94846.03
1561432675.5535245 24.79 94849.26
1561432735.5980299 24.84 94850.55
1561432795.6269352 24.80 94850.00
1561432855.6558409 24.84 94847.11
1561432915.6847463 24.78 94842.46
1561432975.7136517 24.80 94841.66
1561433035.7425568 24.79 94842.14
1561433095.7714624 24.76 94838.75
1561433155.815968 24.82 94835.72
1561433215.8448734 24.75 94837.22
1561433275.8737786 24.77 94837.55
1561433335.9026842 24.74 94839.35
1561433395.9315896 24.74 94839.74
1561433455.960495 24.77 94832.42
1561433515.9894006 24.75 94835.62
1561433576.018306 24.78 94837.27
1561433636.0628114 24.84 94834.67
1561433696.0917168 24.75 94835.78
1561433756.1206224 24.74 94834.16
1561433816.1495278 24.75 94834.96
1561433876.1784332 24.82 94832.55
1561433936.2073386 24.77 94838.71
1561433996.2362442 24.78 94837.00
1561434056.2651494 24.70 94835.96
1561434116.309655 24.71 94839.47
1561434176.3385606 24.65 94838.65
1561434236.3674657 24.76 94842.53
1561434296.3963711 24.79 94840.30
1561434356.4252768 24.74 94835.07
1561434416.4541821 24.75 94835.28
1561434476.4830875 24.72 94832.41
1561434536.5119932 24.65 94831.27
1561434596.5564985 24.68 94834.98
1561434656.585404 24.71 94833.55
1561434716.6143093 24.77 94836.47
1561434776.643215 24.78 94838.17
1561434836.6721203 24.81 94835.41
1561434896.7010255 24.82 94833.92
1561434956.729931 24.82 94835.76
1561435016.7588365 24.79 94838.57
1561435076.803342 24.77 94839.72
1561435136.8322473 24.72 94840.03
1561435196.8611526 24.70 94841.52
1561435256.8900583 24.78 94842.78
1561435316.9189637 24.77 94842.22
1561435376.9478693 24.78 94842.69
1561435436.9767747 24.72 94843.88
1561435497.00568 24.71 94839.24
1561435557.0345857 24.71 94836.83
1561435617.0790908 24.75 94836.57
1561435677.1079965 24.70 94842.28
1561435737.1369019 24.67 94847.96
1561435797.165807 24.69 94847.07
1561435857.1947126 24.70 94845.20
1561435917.223618 24.71 94840.51
1561435977.2525234 24.67 94839.24
1561436037.281429 24.62 94841.72
1561436097.3259344 24.65 94841.33
1561436157.3548398 24.62 94839.14
1561436217.3837452 24.66 94836.60
1561436277.4126508 24.65 94841.60
1561436337.4415562 24.65 94845.17
1561436397.4704616 24.65 94839.99
1561436457.499367 24.75 94834.35
1561436517.5282724 24.68 94830.24
1561436577.572778 24.64 94827.37
1561436637.6016834 24.67 94822.66
1561436697.630589 24.65 94822.04
1561436757.6594942 24.64 94820.85
1561436817.6883996 24.62 94825.67
1561436877.7173052 24.61 94825.89
1561436937.7462106 24.64 94824.85
1561436997.775116 24.62 94826.02
1561437057.8196213 24.67 94827.61
1561437117.848527 24.62 94827.22
1561437177.8774323 24.63 94822.63
1561437237.9063377 24.67 94821.92
1561437297.9352434 24.72 94819.10
1561437357.9641485 24.74 94816.05
1561437417.9930542 24.68 94813.79
1561437478.0219593 24.65 94813.69
1561437538.0664651 24.57 94810.91
1561437598.0953705 24.63 94812.50
1561437658.1242757 24.64 94813.75
1561437718.153181 24.68 94809.57
1561437778.1820867 24.67 94808.52
1561437838.210992 24.67 94809.22
1561437898.2398975 24.64 94807.64
1561437958.2688031 24.61 94809.05
1561438018.3133085 24.75 94806.21
1561438078.3422139 24.69 94806.63
1561438138.3711193 24.64 94804.14
1561438198.400025 24.63 94803.00
1561438258.4289303 24.61 94803.72
1561438318.4578354 24.63 94801.07
1561438378.486741 24.69 94791.18
1561438438.5156465 24.65 94795.92
1561438498.560152 24.69 94791.92
1561438558.5890572 24.70 94788.86
1561438618.6179628 24.68 94791.63
1561438678.6468682 24.69 94788.00
1561438738.6757736 24.63 94791.60
1561438798.7046793 24.62 94786.50
1561438858.7335846 24.64 94787.92
1561438918.76249 24.62 94785.73
1561438978.8069954 24.63 94785.59
1561439038.835901 24.66 94782.92
1561439098.8648064 24.68 94781.32
1561439158.8937118 24.77 94780.97
1561439218.9226172 24.74 94783.05
1561439278.9515228 24.76 94778.41
1561439338.980428 24.75 94777.95
1561439399.0093336 24.69 94775.14
1561439459.0538392 24.66 94777.07
1561439519.0827444 24.65 94777.28
1561439579.1116498 24.73 94775.50
1561439639.1405554 24.76 94774.39
1561439699.1694608 24.68 94774.30
1561439759.1983662 24.65 94773.71
1561439819.2272718 24.60 94774.39
1561439879.271777 24.63 94774.42
1561439939.3006825 24.65 94772.47
1561439999.329588 24.62 94772.87
1561440059.3584933 24.60 94768.44
1561440119.387399 24.62 94771.69
1561440179.416304 24.65 94763.74
1561440239.4452095 24.62 94761.00
1561440299.4741151 24.60 94760.48
1561440359.5186207 24.68 94761.60
1561440419.547526 24.65 94760.53
1561440479.5764313 24.69 94757.58
1561440539.605337 24.67 94758.57
1561440599.6342423 24.71 94761.81
1561440659.6631477 24.66 94762.07
1561440719.6920533 24.73 94761.55
1561440779.7209587 24.78 94752.24
1561440839.765464 24.81 94749.78
1561440899.7943695 24.73 94757.08
1561440959.823275 24.66 94751.03
1561441019.8521805 24.67 94748.35
1561441079.8810856 24.69 94751.80
1561441139.9099915 24.66 94751.33
1561441199.9388967 24.74 94753.13
1561441259.967802 24.76 94748.72
1561441319.9967077 24.68 94746.43
1561441380.025613 24.63 94746.32
1561441440.0701184 24.73 94749.22
1561441500.0990238 24.66 94744.92
1561441560.1279294 24.66 94748.08
1561441620.1568348 24.65 94754.88
1561441680.1857402 24.71 94749.21
1561441740.2146454 24.69 94745.22
1561441800.243551 24.72 94744.99
1561441860.2724564 24.67 94747.44
1561441920.316962 24.73 94746.38
1561441980.3458676 24.68 94743.72
1561442040.3747728 24.69 94743.45
1561442100.4036782 24.74 94741.60
1561442160.4325836 24.66 94742.31
1561442220.4614892 24.67 94737.02
1561442280.4903946 24.64 94737.28
1561442340.5193 24.60 94737.61
1561442400.5482054 24.68 94733.79
1561442460.592711 24.67 94736.11
1561442520.6216164 24.76 94733.71
1561442580.6505218 24.70 94737.96
1561442640.6794271 24.70 94736.55
1561442700.7083328 24.64 94735.44
1561442760.737238 24.71 94739.55
1561442820.7661436 24.76 94732.50
1561442880.795049 24.72 94735.06
1561442940.8395543 24.70 94735.99
1561443000.8684597 24.74 94733.76
1561443060.8973653 24.82 94733.01
1561443120.9262707 24.70 94734.17
1561443180.955176 24.66 94740.07
1561443240.9840817 24.74 94736.21
1561443301.012987 24.70 94737.22
1561443361.0418925 24.64 94734.10
1561443421.086398 24.64 94737.45
1561443481.1153035 24.71 94736.83
1561443541.144209 24.68 94733.36
1561443601.173114 24.61 94733.84
1561443661.2020197 24.64 94730.09
1561443721.230925 24.71 94727.85
1561443781.2598305 24.72 94728.84
1561443841.288736 24.74 94730.28
1561443901.3176415 24.69 94727.16
1561443961.3621469 24.64 94721.07
1561444021.3910522 24.67 94724.25
1561444081.4199579 24.67 94724.82
1561444141.4488633 24.73 94727.63
1561444201.4777687 24.77 94728.82
1561444261.5066738 24.76 94726.99
1561444321.5355794 24.69 94727.24
1561444381.5644848 24.74 94727.39
1561444441.6089904 24.71 94728.99
1561444501.6378956 24.77 94728.44
1561444561.6668015 24.82 94724.32
1561444621.6957066 24.88 94721.88
1561444681.724612 24.98 94722.36
1561444741.7535176 24.97 94717.07
1561444801.782423 24.98 94721.25
1561444861.8113284 25.04 94717.74
1561444921.8558338 25.10 94718.41
1561444981.8847394 25.04 94714.96
1561445041.9136448 25.07 94716.03
1561445101.9425502 25.05 94713.52
1561445161.9714556 25.07 94711.35
1561445222.0003612 25.11 94709.39
1561445282.0292664 25.11 94711.94
1561445342.058172 25.11 94712.47
1561445402.1026776 25.07 94712.03
1561445462.1315827 25.05 94711.91
1561445522.1604881 25.07 94709.68
1561445582.1893938 25.09 94709.16
1561445642.2182992 25.10 94711.05
1561445702.2472045 25.07 94709.58
1561445762.2761102 25.08 94707.69
1561445822.3050153 25.06 94709.72
1561445882.349521 25.07 94707.74
1561445942.3784263 24.98 94706.75
1561446002.407332 24.98 94710.92
1561446062.4362373 25.02 94707.00
1561446122.4651425 25.06 94707.61
1561446182.494048 24.99 94711.39
1561446242.5229535 24.98 94707.71
1561446302.551859 25.06 94704.77
1561446362.5963643 25.11 94707.55
1561446422.6252701 25.06 94706.55
1561446482.6541753 25.02 94701.88
1561446542.6830807 25.08 94704.25
1561446602.711986 24.99 94697.17
1561446662.7408917 24.99 94700.67
1561446722.769797 24.92 94700.74
1561446782.7987025 24.91 94697.33
1561446842.8276079 24.89 94696.52
1561446902.8565133 24.87 94696.88
1561446962.9010189 24.95 94697.55
1561447022.929924 24.89 94697.35
1561447082.9588299 24.95 94695.54
1561447142.987735 24.99 94690.88
1561447203.0166404 24.99 94689.38
1561447263.045546 24.98 94688.38
1561447323.0744514 25.02 94679.81
1561447383.1033568 24.97 94688.70
1561447443.1478622 25.03 94686.95
1561447503.1767678 25.03 94685.21
1561447563.2056732 25.05 94687.26
1561447623.2345786 24.97 94686.46
1561447683.263484 24.99 94682.96
1561447743.2923894 25.03 94682.50
1561447803.3212948 24.99 94686.24
1561447863.3502004 25.01 94686.38
1561447923.394706 24.97 94684.39
1561447983.4236112 25.01 94683.71
1561448043.4525166 25.02 94684.10
1561448103.4814222 24.99 94689.47
1561448163.5103276 24.99 94682.68
1561448223.539233 25.06 94683.38
1561448283.5681386 24.97 94683.96
1561448343.597044 25.00 94674.01
1561448403.6259491 25.00 94678.96
1561448463.6704547 25.01 94679.82
1561448523.6993604 24.89 94675.22
1561448583.7282658 24.92 94676.78
1561448643.7571712 24.96 94672.00
1561448703.7860763 24.97 94669.97
1561448763.814982 25.00 94672.95
1561448823.8438873 24.97 94676.08
1561448883.8727927 24.94 94676.57
1561448943.917298 24.98 94672.03
1561449003.9462037 25.01 94668.00
1561449063.975109 25.01 94664.47
1561449124.0040145 24.96 94672.46
1561449184.0329201 24.94 94671.28
1561449244.0618253 24.93 94670.64
1561449304.090731 24.98 94668.69
1561449364.1196363 24.96 94669.78
1561449424.164142 25.00 94671.10
1561449484.1930473 24.96 94668.67
1561449544.2219524 24.99 94669.87
1561449604.250858 24.97 94666.63
1561449664.2797635 25.00 94663.82
1561449724.3086689 24.98 94666.91
1561449784.3375745 25.02 94665.36
1561449844.3664799 25.03 94669.96
1561449904.4109852 24.95 94667.99
1561449964.4398906 25.00 94670.36
1561450024.4687963 24.97 94671.85
1561450084.4977016 24.96 94670.51
1561450144.526607 24.95 94668.46
1561450204.5555127 24.94 94669.30
1561450264.5844178 24.97 94666.55
1561450324.6133232 24.91 94673.52
1561450384.6578288 24.93 94671.42
1561450444.686734 24.88 94671.16
1561450504.7156398 24.91 94671.61
1561450564.744545 24.94 94671.32
1561450624.7734506 24.94 94672.48
1561450684.802356 24.91 94671.85
1561450744.8312614 24.90 94672.17
1561450804.860167 24.88 94671.11
1561450864.9046721 24.89 94674.11
1561450924.9335778 24.94 94673.78
1561450984.9624832 24.94 94673.99
1561451044.9913886 24.88 94673.39
1561451105.020294 24.88 94671.64
1561451165.0491996 24.88 94672.46
1561451225.0781047 24.93 94675.66
1561451285.1070104 24.93 94676.27
1561451345.1359158 24.91 94676.13
1561451405.180421 24.95 94678.14
1561451465.2093265 24.88 94677.67
1561451525.2382321 24.91 94676.93
1561451585.2671375 24.82 94679.28
1561451645.296043 24.80 94679.33
1561451705.3249485 24.76 94680.41
1561451765.353854 24.76 94685.10
1561451825.3827593 24.83 94680.51
1561451885.4272647 24.83 94683.14
1561451945.4561703 24.83 94685.08
1561452005.4850757 24.84 94685.21
1561452065.513981 24.81 94682.57
1561452125.5428865 24.83 94682.91
1561452185.571792 24.79 94683.16
1561452245.6006973 24.83 94681.67
1561452305.629603 24.82 94678.24
1561452365.6585083 24.83 94675.39
1561452425.7030137 24.75 94681.40
1561452485.731919 24.74 94679.31
1561452545.7608247 24.69 94683.61
1561452605.78973 24.85 94689.02
1561452665.8186355 24.83 94689.53
1561452725.847541 24.79 94685.90
1561452785.8764462 24.77 94689.21
1561452845.9053516 24.68 94689.73
1561452905.9342573 24.66 94689.69
1561452965.9631627 24.66 94693.94
1561453026.0076683 24.62 94699.66
1561453086.0365734 24.68 94698.02
1561453146.0654788 24.73 94695.78
1561453206.0943844 24.66 94702.46
1561453266.1232898 24.54 94705.29
1561453326.1521952 24.50 94706.38
1561453386.1811008 24.62 94702.00
1561453446.210006 24.52 94704.17
1561453506.2545116 24.54 94702.92
1561453566.283417 24.50 94705.10
1561453626.3123226 24.54 94702.02
1561453686.3412278 24.64 94700.44
1561453746.3701332 24.56 94699.63
1561453806.3990388 24.60 94702.86
1561453866.4279442 24.66 94702.36
1561453926.4568496 24.54 94708.10
1561453986.4857552 24.56 94711.39
1561454046.5302606 24.49 94713.21
1561454106.559166 24.52 94711.96
1561454166.5880713 24.58 94710.03
1561454226.616977 24.53 94712.53
1561454286.6458824 24.52 94710.50
1561454346.6747875 24.54 94711.99
1561454406.7036932 24.60 94709.39
1561454466.7325985 24.56 94711.89
1561454526.761504 24.56 94717.98
1561454586.8060095 24.56 94713.00
1561454646.834915 24.53 94721.45
1561454706.8638203 24.54 94715.82
1561454766.8927257 24.48 94718.11
1561454826.9216313 24.50 94719.55
1561454886.9505367 24.51 94716.35
1561454946.9794421 24.47 94717.86
1561455007.0083473 24.46 94719.41
1561455067.052853 24.46 94717.28
1561455127.0817585 24.44 94719.89
1561455187.110664 24.44 94719.10
1561455247.1395695 24.45 94719.29
1561455307.1684747 24.44 94718.66
1561455367.19738 24.44 94716.82
1561455427.2262855 24.47 94719.60
1561455487.255191 24.49 94719.55
1561455547.2840965 24.51 94722.71
1561455607.3286018 24.53 94721.96
1561455667.3575072 24.48 94723.77
1561455727.3864129 24.52 94722.53
1561455787.4153183 24.47 94721.38
1561455847.4442236 24.49 94725.46
1561455907.4731293 24.46 94724.19
1561455967.5020344 24.41 94728.14
1561456027.5309398 24.42 94723.53
1561456087.5598454 24.47 94725.32
1561456147.604351 24.41 94727.41
1561456207.6332562 24.43 94726.56
1561456267.6621616 24.52 94727.04
1561456327.6910672 24.52 94728.41
1561456387.7199726 24.43 94729.30
1561456447.748878 24.42 94734.22
1561456507.7777836 24.35 94734.42
1561456567.806689 24.36 94735.48
1561456627.8355944 24.42 94738.03
1561456687.8800998 24.37 94733.50
1561456747.9090054 24.43 94736.42
1561456807.9379108 24.40 94736.04
1561456867.966816 24.44 94738.11
1561456927.9957218 24.51 94740.52
1561456988.024627 24.40 94744.39
1561457048.0535324 24.44 94743.39
1561457108.082438 24.43 94747.50
1561457168.1113434 24.50 94748.49
1561457228.1402485 24.52 94748.50
1561457288.1691544 24.47 94747.17
1561457348.1980596 24.50 94750.49
1561457408.2425652 24.55 94750.14
1561457468.2714705 24.55 94756.66
1561457528.3003757 24.51 94757.89
1561457588.3292813 24.46 94762.12
1561457648.3581867 24.47 94760.14
1561457708.387092 24.53 94762.72
1561457768.4159977 24.43 94766.09
1561457828.4449031 24.43 94762.14
1561457888.4738085 24.36 94763.71
1561457948.518314 24.38 94770.54
1561458008.5472195 24.37 94770.85
1561458068.576125 24.36 94771.60
1561458128.6050303 24.43 94768.39
1561458188.633936 24.41 94771.99
1561458248.662841 24.52 94771.02
1561458308.6917465 24.50 94771.88
1561458368.720652 24.47 94773.44
1561458428.7495575 24.40 94773.70
1561458488.794063 24.46 94770.14
1561458548.8229682 24.44 94774.03
1561458608.8518739 24.45 94774.26
1561458668.8807793 24.49 94776.86
1561458728.9096847 24.51 94776.11
1561458788.9385903 24.49 94780.88
1561458848.9674957 24.54 94782.07
1561458908.9964008 24.55 94780.58
1561458969.0253065 24.52 94784.55
1561459029.0542119 24.48 94783.05
1561459089.0987172 24.49 94786.49
1561459149.1276228 24.46 94789.25
1561459209.1565282 24.47 94789.32
1561459269.1854336 24.49 94790.69
1561459329.214339 24.51 94788.64
1561459389.2432446 24.46 94791.09
1561459449.27215 24.47 94794.72
1561459509.3010554 24.48 94793.68
1561459569.3299608 24.51 94794.72
1561459629.3744664 24.46 94799.67
1561459689.4033718 24.46 94803.63
1561459749.4322772 24.47 94804.99
1561459809.4611828 24.55 94799.57
1561459869.490088 24.57 94805.77
1561459929.5189934 24.60 94806.78
1561459989.5478988 24.58 94804.22
1561460049.5768044 24.52 94807.99
1561460109.6057098 24.55 94807.63
1561460169.6502151 24.55 94810.30
1561460229.6791205 24.52 94817.85
1561460289.7080262 24.50 94817.83
1561460349.7369316 24.55 94816.50
1561460409.765837 24.53 94815.46
1561460469.7947423 24.52 94821.08
1561460529.8236477 24.56 94818.53
1561460589.8525531 24.59 94818.62
1561460649.8814588 24.49 94823.61
1561460709.9259644 24.54 94823.44
1561460769.9548695 24.58 94821.83
1561460829.983775 24.55 94825.91
1561460890.0126805 24.50 94826.95
1561460950.041586 24.52 94826.42
1561461010.0704913 24.58 94828.25
1561461070.099397 24.59 94832.53
1561461130.128302 24.61 94835.58
1561461190.1572077 24.66 94836.60
1561461250.201713 24.73 94837.38
1561461310.2306187 24.72 94841.67
1561461370.259524 24.75 94841.88
1561461430.2884293 24.80 94841.16
1561461490.317335 24.74 94843.73
1561461550.3462403 24.82 94845.13
1561461610.3751457 24.79 94843.03
1561461670.4040513 24.84 94846.28
1561461730.4329567 24.79 94844.54
1561461790.477462 24.86 94845.02
1561461850.5063674 24.84 94841.75
1561461910.535273 24.79 94842.53
1561461970.5641785 24.73 94845.50
1561462030.5930839 24.78 94847.40
1561462090.621989 24.77 94843.96
1561462150.6508946 24.84 94848.32
1561462210.6798 24.86 94845.55
1561462270.7087054 24.89 94848.83
1561462330.737611 24.75 94848.89
1561462390.7821164 24.71 94843.41
1561462450.8110218 24.71 94847.39
1561462510.8399272 24.67 94850.67
1561462570.8688328 24.60 94853.74
1561462630.8977382 24.61 94853.86
1561462690.9266436 24.62 94856.97
1561462750.955549 24.63 94860.38
1561462810.9844544 24.59 94859.00
1561462871.0133598 24.56 94858.35
1561462931.0578654 24.54 94860.04
1561462991.0867708 24.56 94863.13
1561463051.1156764 24.54 94864.88
1561463111.1445816 24.56 94862.30
1561463171.1734872 24.62 94864.89
1561463231.2023926 24.63 94869.83
1561463291.231298 24.66 94869.77
1561463351.2602036 24.60 94875.40
1561463411.289109 24.63 94878.85
1561463471.3336143 24.55 94878.48
1561463531.3625197 24.51 94874.16
1561463591.3914254 24.59 94876.11
1561463651.4203305 24.55 94877.04
1561463711.4492362 24.58 94873.85
1561463771.4781415 24.59 94875.61
1561463831.507047 24.64 94871.92
1561463891.5359523 24.61 94874.89
1561463951.5804577 24.57 94878.36
1561464011.6093633 24.56 94879.07
1561464071.6382687 24.54 94880.16
1561464131.667174 24.54 94880.26
1561464191.6960797 24.54 94877.75
1561464251.7249851 24.57 94881.21
1561464311.7538903 24.56 94882.18
1561464371.7827957 24.59 94883.46
1561464431.8117013 24.67 94884.21
1561464491.856207 24.62 94882.67
1561464551.8851123 24.56 94885.19
1561464611.9140174 24.60 94888.87
1561464671.942923 24.54 94886.67
1561464731.9718285 24.53 94889.16
1561464792.0007339 24.48 94887.05
1561464852.0296395 24.52 94891.66
1561464912.0585449 24.48 94893.94
1561464972.1030502 24.43 94892.80
1561465032.1319556 24.48 94891.27
1561465092.1608613 24.48 94889.25
1561465152.1897666 24.47 94894.38
1561465212.218672 24.47 94890.13
1561465272.2475777 24.45 94895.29
1561465332.2764828 24.50 94896.10
1561465392.3053882 24.49 94900.28
1561465452.3342938 24.43 94900.53
1561465512.3787992 24.41 94902.67
1561465572.4077046 24.43 94901.19
1561465632.43661 24.52 94900.06
1561465692.4655156 24.54 94895.80
1561465752.494421 24.52 94896.99
1561465812.5233264 24.49 94898.17
1561465872.5522318 24.49 94897.07
1561465932.5811374 24.60 94896.06
1561465992.6100426 24.56 94895.65
1561466052.6545482 24.55 94895.53
1561466112.6834538 24.53 94899.46
1561466172.712359 24.51 94891.38
1561466232.7412643 24.49 94897.57
1561466292.77017 24.45 94893.46
1561466352.7990754 24.47 94895.14
1561466412.8279808 24.47 94898.92
1561466472.8568864 24.51 94901.19
1561466532.9013915 24.46 94900.03
1561466592.9302971 24.50 94895.03
1561466652.9592025 24.46 94900.10
1561466712.988108 24.52 94899.28
1561466773.0170135 24.54 94900.55
1561466833.045919 24.53 94898.11
1561466893.074824 24.48 94900.72
1561466953.1037297 24.51 94898.56
1561467013.132635 24.55 94896.83
1561467073.1771405 24.50 94899.97
1561467133.206046 24.63 94897.24
1561467193.2349515 24.63 94899.01
1561467253.263857 24.52 94903.60
1561467313.2927623 24.57 94897.52
1561467373.321668 24.60 94898.46
1561467433.3505733 24.65 94900.72
1561467493.3794787 24.63 94902.08
1561467553.408384 24.58 94902.26
1561467613.4372895 24.51 94901.33
1561467673.481795 24.55 94903.01
1561467733.5107002 24.54 94906.80
1561467793.539606 24.57 94900.99
1561467853.5685112 24.61 94900.13
1561467913.5974166 24.68 94898.77
1561467973.6263223 24.67 94898.10
1561468033.6552277 24.62 94898.92
1561468093.684133 24.64 94897.05
1561468153.7286384 24.66 94899.42
1561468213.757544 24.60 94899.53
1561468273.7864494 24.53 94900.75
1561468333.8153548 24.59 94901.05
1561468393.8442605 24.66 94895.35
1561468453.8731658 24.68 94895.29
1561468513.902071 24.61 94895.62
1561468573.9309766 24.57 94894.57
1561468633.9754822 24.56 94898.46
1561468694.0043876 24.61 94895.85
1561468754.0332928 24.63 94892.99
1561468814.0621982 24.62 94893.37
1561468874.0911038 24.62 94890.46
1561468934.1200092 24.63 94891.66
1561468994.1489146 24.57 94888.99
1561469054.1778202 24.65 94889.42
1561469114.2223256 24.81 94892.88
1561469174.251231 24.81 94889.30
1561469234.2801363 24.68 94889.07
1561469294.309042 24.62 94890.07
1561469354.3379474 24.71 94887.85
1561469414.3668525 24.73 94891.94
1561469474.3957582 24.64 94887.80
1561469534.4246635 24.70 94888.32
1561469594.469169 24.72 94884.39
1561469654.4980745 24.72 94883.57
1561469714.52698 24.87 94884.71
1561469774.5558853 24.83 94884.87
1561469834.5847907 24.83 94882.13
1561469894.6136963 24.85 94884.45
1561469954.6426017 24.81 94880.67
1561470014.6715071 24.86 94878.46
1561470074.7160125 24.79 94876.25
1561470134.744918 24.83 94874.84
1561470194.7738235 24.79 94870.66
1561470254.802729 24.83 94869.99
1561470314.8316343 24.85 94868.74
1561470374.8605397 24.83 94865.58
1561470434.889445 24.88 94867.40
1561470494.9183507 24.93 94863.14
1561470554.9628563 24.90 94862.60
1561470614.9917614 24.93 94861.75
1561470675.0206668 24.95 94862.96
1561470735.0495725 24.95 94864.42
1561470795.0784779 24.91 94859.45
1561470855.1073833 25.06 94857.33
1561470915.136289 25.03 94854.92
1561470975.180794 25.02 94853.07
1561471035.2096996 24.99 94854.46
1561471095.238605 24.96 94854.45
1561471155.2675102 24.95 94856.83
1561471215.296416 25.03 94849.07
1561471275.3253212 24.97 94851.57
1561471335.3542266 24.89 94851.07
1561471395.3987322 25.01 94851.50
1561471455.4276376 25.01 94846.48
1561471515.456543 25.01 94845.77
1561471575.4854484 25.09 94851.08
1561471635.514354 25.01 94850.10
1561471695.5432594 24.97 94846.49
1561471755.5721648 24.96 94847.97
1561471815.6010704 24.92 94843.82
1561471875.6455758 24.97 94844.64
1561471935.6744812 25.12 94843.19
1561471995.7033865 25.12 94838.64
1561472055.7322922 25.06 94837.50
1561472115.7611976 25.05 94832.16
1561472175.7901027 25.00 94833.99
1561472235.8190084 24.99 94833.42
1561472295.863514 24.99 94838.97
1561472355.892419 24.98 94833.63
1561472415.9213247 24.98 94832.63
1561472475.9502301 24.96 94832.69
1561472535.9791355 25.00 94830.81
1561472596.008041 24.99 94826.60
1561472656.0369465 24.99 94822.88
1561472716.081452 25.03 94821.24
1561472776.1103573 25.06 94829.71
1561472836.1392627 25.02 94827.77
1561472896.1681683 25.08 94829.85
1561472956.1970737 25.05 94828.14
1561473016.2259789 25.02 94827.81
1561473076.2548847 25.03 94826.92
1561473136.2993898 24.97 94822.64
1561473196.3282955 24.97 94823.75
1561473256.3572009 25.05 94817.53
1561473316.386106 25.01 94822.00
1561473376.4150116 25.06 94819.60
1561473436.443917 24.97 94819.66
1561473496.4728224 24.92 94817.74
1561473556.501728 24.98 94812.57
1561473616.5306334 25.01 94810.66
1561473676.5751388 24.99 94809.21
1561473736.6040442 24.99 94813.02
1561473796.6329498 25.00 94809.22
1561473856.6618552 24.99 94812.16
1561473916.6907606 24.97 94810.03
1561473976.7196662 24.96 94807.07
1561474036.7485714 24.95 94800.09
1561474096.793077 24.94 94797.89
1561474156.8219824 24.94 94803.14
1561474216.8508878 24.97 94804.25
1561474276.8797934 24.94 94801.80
1561474336.9086986 24.95 94797.25
1561474396.9376042 24.98 94797.74
1561474456.9665096 24.99 94792.42
1561474517.011015 24.96 94792.39
1561474577.0399203 24.95 94791.46
1561474637.068826 24.99 94791.25
1561474697.0977314 24.99 94788.87
1561474757.1266367 24.96 94786.03
1561474817.1555424 24.89 94783.08
1561474877.1844475 24.89 94783.07
1561474937.2133532 24.88 94781.57
1561474997.2578585 24.89 94775.21
1561475057.2867641 24.92 94770.85
1561475117.3156695 24.84 94773.54
1561475177.3445747 24.89 94772.86
1561475237.37348 24.92 94778.21
1561475297.4023857 24.94 94775.82
1561475357.431291 24.89 94771.05
1561475417.4757965 24.89 94772.89
1561475477.504702 24.91 94770.83
1561475537.5336075 24.91 94770.50
1561475597.5625129 24.90 94766.25
1561475657.5914183 24.94 94758.57
1561475717.620324 24.90 94749.64
1561475777.6492293 24.89 94751.82
1561475837.6937346 24.90 94760.28
1561475897.72264 24.90 94755.03
1561475957.7515457 24.88 94748.52
1561476017.780451 24.88 94747.96
1561476077.8093562 24.87 94742.25
1561476137.838262 24.91 94745.58
1561476197.8671672 24.92 94742.32
1561476257.8960726 24.94 94746.35
1561476317.9405782 24.94 94734.85
1561476377.9694836 24.99 94746.63
1561476437.998389 25.07 94737.28
1561476498.0272944 25.03 94737.78
1561476558.0562 25.02 94732.71
1561476618.0851054 24.99 94734.35
1561476678.1140108 24.97 94733.28
1561476738.1585162 25.08 94733.72
1561476798.1874218 25.04 94730.63
1561476858.2163272 25.01 94726.17
1561476918.2452326 25.00 94728.56
1561476978.2741382 24.95 94727.81
1561477038.3030434 24.98 94722.70
1561477098.3319488 24.96 94720.15
1561477158.3764544 24.99 94723.82
1561477218.40536 24.98 94721.75
1561477278.4342651 24.99 94716.36
1561477338.4631708 24.95 94722.39
1561477398.492076 24.92 94721.25
1561477458.5209816 24.90 94716.36
1561477518.549887 24.88 94715.96
1561477578.5943923 24.86 94713.21
1561477638.6232977 24.89 94712.14
1561477698.6522033 24.97 94707.19
1561477758.6811087 24.91 94703.72
1561477818.710014 24.91 94702.52
1561477878.7389197 24.95 94701.21
1561477938.767825 24.96 94690.68
1561477998.8123305 25.04 94699.02
1561478058.8412359 25.01 94698.99
1561478118.8701415 25.02 94696.70
1561478178.899047 24.98 94694.10
1561478238.927952 24.89 94689.60
1561478298.9568577 24.86 94688.03
1561478358.985763 24.85 94684.13
1561478419.0146685 24.87 94676.64
1561478479.0591738 24.86 94682.17
1561478539.0880795 24.81 94680.60
1561478599.1169848 24.83 94676.89
1561478659.1458902 24.81 94671.80
1561478719.1747959 24.80 94674.32
1561478779.2037013 24.78 94672.44
1561478839.2326066 24.80 94674.69
1561478899.277112 24.86 94675.88
1561478959.3060176 24.84 94667.92
1561479019.334923 24.79 94670.29
1561479079.3638284 24.76 94672.39
1561479139.3927338 24.74 94674.13
1561479199.4216394 24.79 94676.40
1561479259.4505446 24.84 94666.75
1561479319.4950502 24.81 94670.03
1561479379.5239558 24.76 94670.32
1561479439.552861 24.79 94665.44
1561479499.5817664 24.79 94666.88
1561479559.6106718 24.74 94664.66
1561479619.6395774 24.80 94662.22
1561479679.6684828 24.84 94660.13
1561479739.6973882 24.88 94657.67
1561479799.7418935 24.82 94656.89
1561479859.7707992 24.75 94657.33
1561479919.7997046 24.79 94652.57
1561479979.82861 24.72 94657.24
1561480039.8575156 24.81 94655.25
1561480099.8864207 24.82 94656.38
1561480159.915326 24.75 94653.58
1561480219.9442317 24.76 94652.47
1561480279.9731371 24.75 94647.74
1561480340.0176425 24.75 94654.75
1561480400.046548 24.78 94657.80
1561480460.0754535 24.80 94655.03
1561480520.104359 24.80 94650.52
1561480580.1332643 24.83 94652.39
1561480640.16217 24.86 94654.42
1561480700.1910753 24.85 94650.02
1561480760.2199805 24.85 94654.64
1561480820.264486 24.80 94650.69
1561480880.2933917 24.94 94653.08
1561480940.322297 24.92 94650.74
1561481000.3512022 24.86 94653.13
1561481060.3801079 24.83 94648.14
1561481120.4090133 24.82 94650.86
1561481180.4379187 24.81 94645.49
1561481240.4668243 24.82 94643.30
1561481300.5113297 24.81 94639.77
1561481360.540235 24.88 94636.11
1561481420.5691404 25.11 94636.02
1561481480.598046 25.01 94637.55
1561481540.6269515 24.97 94639.41
1561481600.6558568 24.92 94634.14
1561481660.684762 24.87 94633.02
1561481720.7292676 24.86 94635.19
1561481780.7581732 24.84 94630.27
1561481840.7870786 24.85 94635.31
1561481900.815984 24.95 94631.53
1561481960.8448894 24.93 94635.02
1561482020.8737948 24.87 94630.17
1561482080.9027002 24.93 94626.45
1561482140.9472058 24.94 94627.97
1561482200.9761112 24.91 94625.30
1561482261.0050166 24.97 94620.97
1561482321.033922 24.86 94622.66
1561482381.0628276 24.82 94623.11
1561482441.091733 24.84 94625.52
1561482501.1206384 24.86 94626.21
1561482561.1495438 24.88 94624.35
1561482621.1940494 24.92 94628.29
1561482681.2229548 24.97 94629.78
1561482741.2518601 24.95 94628.99
1561482801.2807658 24.99 94619.88
1561482861.309671 24.95 94625.63
1561482921.3385763 24.93 94618.53
1561482981.367482 24.97 94614.49
1561483041.4119875 25.00 94614.69
1561483101.440893 25.06 94612.78
1561483161.469798 24.93 94615.78
1561483221.4987037 24.93 94622.83
1561483281.527609 24.97 94620.64
1561483341.5565145 24.93 94620.19
1561483401.5854201 24.99 94620.92
1561483461.6143255 24.94 94615.13
1561483521.658831 24.99 94612.39
1561483581.6877363 24.95 94625.98
1561483641.716642 25.03 94619.66
1561483701.7455473 24.92 94615.69
1561483761.7744524 24.91 94617.02
1561483821.8033578 25.02 94615.86
1561483881.8322635 25.00 94616.26
1561483941.876769 24.94 94622.28
1561484001.9056745 25.05 94622.10
1561484061.9345796 25.05 94619.24
1561484121.9634852 25.00 94611.67
1561484181.9923906 25.03 94616.78
1561484242.021296 24.96 94613.66
1561484302.0502017 24.93 94613.80
1561484362.094707 24.89 94612.19
1561484422.1236124 24.94 94615.53
1561484482.1525178 24.97 94614.13
1561484542.1814234 24.99 94613.89
1561484602.2103286 25.05 94610.60
1561484662.2392342 25.05 94614.67
1561484722.2681396 25.04 94614.13
1561484782.297045 25.03 94615.21
1561484842.3415506 25.04 94610.78
1561484902.370456 25.02 94609.24
1561484962.3993614 25.10 94610.21
1561485022.4282668 25.08 94608.91
1561485082.4571722 25.05 94612.74
1561485142.4860778 25.01 94608.41
1561485202.5149832 25.02 94608.50
1561485262.5594885 25.01 94610.58
1561485322.588394 25.04 94609.30
1561485382.6172996 25.02 94606.74
1561485442.646205 25.09 94609.85
1561485502.6751103 25.06 94610.13
1561485562.704016 25.06 94605.10
1561485622.7329211 25.02 94603.56
1561485682.7774267 25.03 94598.06
1561485742.806332 25.06 94602.09
1561485802.8352373 25.07 94598.80
1561485862.8641431 25.10 94600.63
1561485922.8930483 25.06 94599.58
1561485982.9219537 25.11 94600.22
1561486042.9508593 25.14 94602.38
1561486102.9953647 25.09 94599.71
1561486163.02427 25.11 94602.79
1561486223.0531754 25.08 94596.69
1561486283.082081 25.04 94598.78
1561486343.1109865 25.05 94601.47
1561486403.1398919 25.10 94596.48
1561486463.1687973 25.08 94602.07
1561486523.2133029 25.07 94599.21
1561486583.2422082 25.09 94599.14
1561486643.2711136 25.04 94600.78
1561486703.3000193 25.05 94599.33
1561486763.3289247 25.05 94597.62
1561486823.3578298 25.07 94593.96
1561486883.3867354 25.13 94597.52
1561486943.4156408 25.10 94594.64
1561487003.4445462 25.08 94593.41
1561487063.4890518 25.13 94596.91
1561487123.5179572 25.15 94592.50
1561487183.5468626 25.20 94593.94
1561487243.575768 25.19 94596.12
1561487303.6046736 25.15 94585.94
1561487363.633579 25.08 94587.99
1561487423.6624844 25.15 94595.35
1561487483.7069898 25.15 94597.35
1561487543.7358954 25.10 94596.82
1561487603.7648008 25.15 94595.17
1561487663.793706 25.23 94589.34
1561487723.8226118 25.20 94594.10
1561487783.851517 25.14 94595.42
1561487843.8804224 25.16 94597.70
1561487903.924928 25.18 94594.32
1561487963.953833 25.17 94599.27
1561488023.9827387 25.16 94596.21
1561488084.0116441 25.11 94595.50
1561488144.0405495 25.23 94595.53
1561488204.0694551 25.21 94596.39
1561488264.0983605 25.13 94596.58
1561488324.142866 25.15 94594.51
1561488384.1717713 25.18 94593.92
1561488444.200677 25.24 94591.97
1561488504.2295823 25.17 94598.83
1561488564.2584877 25.19 94598.63
1561488624.2873933 25.23 94598.08
1561488684.3162985 25.21 94600.14
1561488744.360804 25.18 94601.96
1561488804.3897095 25.15 94598.19
1561488864.4186149 25.11 94597.91
1561488924.4475205 25.16 94597.80
1561488984.4764256 25.13 94595.35
1561489044.5053313 25.15 94599.82
1561489104.5342367 25.15 94601.76
1561489164.578742 25.13 94603.53
1561489224.6076474 25.12 94603.82
1561489284.636553 25.18 94605.00
1561489344.6654584 25.20 94605.77
1561489404.6943638 25.12 94603.25
1561489464.7232695 25.15 94605.61
1561489524.7521746 25.18 94605.36
1561489584.7966802 25.14 94608.78
1561489644.8255856 25.16 94609.51
1561489704.8544912 25.15 94611.13
1561489764.8833966 25.13 94610.39
1561489824.9123018 25.13 94616.21
1561489884.9412074 25.17 94616.96
1561489944.985713 25.22 94615.91
1561490005.0146184 25.24 94618.00
1561490065.0435236 25.23 94616.98
1561490125.072429 25.26 94616.23
1561490185.1013346 25.23 94620.28
1561490245.13024 25.13 94618.89
1561490305.1591454 25.19 94619.41
1561490365.2036507 25.14 94619.14
1561490425.2325563 25.11 94616.84
1561490485.2614617 25.17 94618.00
1561490545.2903671 25.27 94617.25
1561490605.3192728 25.22 94618.56
1561490665.3481781 25.20 94618.36
1561490725.3770833 25.27 94615.24
1561490785.421589 25.24 94618.24
1561490845.4504945 25.19 94617.89
1561490905.4794 25.12 94619.53
1561490965.5083053 25.13 94622.60
1561491025.5372107 25.12 94618.71
1561491085.566116 25.10 94623.24
1561491145.5950215 25.16 94621.85
1561491205.639527 25.18 94624.03
1561491265.6684325 25.26 94621.52
1561491325.6973379 25.20 94623.10
1561491385.7262433 25.18 94620.53
1561491445.755149 25.18 94619.89
1561491505.7840543 25.25 94620.13
1561491565.8129597 25.25 94621.70
1561491625.857465 25.21 94621.05
1561491685.8863707 25.21 94621.38
1561491745.915276 25.16 94622.86
1561491805.9441814 25.18 94625.10
1561491865.973087 25.17 94626.32
1561491926.0019922 25.18 94631.10
1561491986.0308976 25.20 94627.22
1561492046.0754032 25.22 94630.48
1561492106.1043084 25.24 94632.22
1561492166.1332142 25.22 94633.14
1561492226.1621194 25.23 94633.00
1561492286.1910248 25.27 94632.17
1561492346.2199304 25.26 94634.36
1561492406.2488358 25.28 94636.81
1561492466.2933412 25.35 94635.30
1561492526.3222466 25.38 94639.44
1561492586.3511522 25.35 94636.30
1561492646.3800576 25.35 94637.17
1561492706.408963 25.30 94633.50
1561492766.4378686 25.34 94636.61
1561492826.466774 25.34 94635.44
1561492886.5112793 25.24 94634.39
1561492946.5401847 25.25 94638.76
1561493006.5690904 25.28 94635.97
1561493066.5979958 25.33 94640.78
1561493126.626901 25.36 94643.88
1561493186.6558065 25.26 94642.11
1561493246.684712 25.31 94640.42
1561493306.7292173 25.23 94642.42
1561493366.758123 25.27 94645.19
1561493426.7870283 25.34 94647.39
1561493486.8159337 25.42 94648.11
1561493546.844839 25.38 94645.13
1561493606.8737447 25.35 94646.74
1561493666.90265 25.38 94646.03
1561493726.9471555 25.41 94646.05
1561493786.9760609 25.35 94650.19
1561493847.0049665 25.34 94650.01
1561493907.033872 25.23 94650.39
1561493967.062777 25.23 94652.00
1561494027.091683 25.21 94652.21
1561494087.1361883 25.28 94652.10
1561494147.1650937 25.33 94654.95
1561494207.193999 25.32 94655.89
1561494267.2229042 25.32 94657.13
1561494327.2518098 25.37 94660.57
1561494387.2807152 25.37 94664.49
1561494447.3096206 25.39 94665.83
1561494507.354126 25.37 94664.85
1561494567.3830316 25.39 94665.49
1561494627.411937 25.43 94662.78
1561494687.4408424 25.42 94666.69
1561494747.469748 25.41 94666.74
1561494807.4986534 25.38 94665.21
1561494867.5275588 25.34 94664.96
1561494927.5564644 25.31 94667.19
1561494987.6009698 25.29 94664.06
1561495047.6298752 25.28 94664.97
1561495107.6587806 25.30 94664.82
1561495167.687686 25.32 94665.33
1561495227.7165916 25.35 94669.53
1561495287.7454967 25.40 94670.71
1561495347.7744024 25.47 94669.80
1561495407.818908 25.40 94668.96
1561495467.8478131 25.42 94671.82
1561495527.8767185 25.49 94673.32
1561495587.9056242 25.51 94674.85
1561495647.9345295 25.42 94673.95
1561495707.963435 25.40 94670.81
1561495767.9923406 25.38 94673.53
1561495828.036846 25.32 94672.75
1561495888.0657513 25.28 94676.76
1561495948.0946567 25.29 94676.94
1561496008.1235623 25.34 94674.10
1561496068.1524677 25.37 94681.39
1561496128.181373 25.41 94680.19
1561496188.2102785 25.38 94681.77
1561496248.254784 25.37 94689.78
1561496308.2836895 25.29 94690.20
1561496368.3125947 25.30 94687.41
1561496428.3415005 25.32 94686.35
1561496488.3704057 25.28 94688.50
1561496548.399311 25.21 94690.97
1561496608.4438167 25.32 94688.35
1561496668.4727218 25.33 94691.42
1561496728.5016274 25.32 94690.86
1561496788.5305328 25.34 94695.42
1561496848.5594382 25.36 94696.46
1561496908.5883439 25.24 94696.36
1561496968.6172493 25.26 94694.02
1561497028.6617546 25.25 94693.53
1561497088.69066 25.21 94698.77
1561497148.7195656 25.18 94701.35
1561497208.748471 25.18 94699.03
1561497268.7773764 25.20 94697.04
1561497328.8062818 25.29 94698.79
1561497388.8351872 25.35 94703.67
1561497448.8796928 25.39 94697.56
1561497508.9085982 25.43 94696.63
1561497568.9375036 25.39 94693.94
1561497628.966409 25.40 94698.58
1561497688.9953144 25.42 94689.39
1561497749.02422 25.38 94696.96
1561497809.0531254 25.37 94696.61
1561497869.0976307 25.30 94699.62
1561497929.1265361 25.33 94698.17
1561497989.1554418 25.30 94698.68
1561498049.1843472 25.32 94698.78
1561498109.2132525 25.29 94703.54
1561498169.2421582 25.26 94701.05
1561498229.2866635 25.22 94699.56
1561498289.315569 25.20 94702.16
1561498349.3444743 25.21 94703.89
1561498409.3733795 25.30 94708.05
1561498469.4022853 25.30 94708.49
1561498529.4311905 25.38 94712.19
1561498589.460096 25.26 94707.74
1561498649.5046017 25.24 94711.78
1561498709.533507 25.24 94713.25
1561498769.5624123 25.19 94713.14
1561498829.5913177 25.23 94714.40
1561498889.6202233 25.22 94713.74
1561498949.6491287 25.26 94710.98
1561499009.678034 25.31 94713.22
1561499069.7225394 25.28 94716.61
1561499129.751445 25.24 94715.10
1561499189.7803504 25.30 94716.29
1561499249.8092558 25.30 94716.58
1561499309.8381615 25.25 94718.32
1561499369.8670669 25.28 94717.85
1561499429.895972 25.20 94719.28
1561499489.9404776 25.15 94717.17
1561499549.9693832 25.21 94718.11
1561499609.9982884 25.18 94721.49
1561499670.027194 25.24 94717.25
1561499730.0560994 25.25 94722.97
1561499790.0850048 25.27 94726.25
1561499850.1295104 25.32 94724.85
1561499910.1584156 25.40 94727.92
1561499970.1873212 25.40 94725.85
1561500030.2162266 25.35 94722.51
1561500090.245132 25.37 94725.15
1561500150.2740376 25.40 94727.52
1561500210.302943 25.47 94727.47
1561500270.3474483 25.41 94730.72
1561500330.3763537 25.45 94729.13
1561500390.4052594 25.43 94734.58
1561500450.4341648 25.36 94735.75
1561500510.4630702 25.39 94737.61
1561500570.4919758 25.37 94738.10
1561500630.520881 25.32 94741.96
1561500690.5653865 25.41 94738.86
1561500750.594292 25.46 94742.17
1561500810.623197 25.48 94740.24
1561500870.652103 25.47 94742.69
1561500930.681008 25.49 94744.00
1561500990.7099135 25.42 94742.99
1561501050.7388191 25.42 94744.17
1561501110.7833245 25.46 94743.51
1561501170.8122299 25.41 94747.07
1561501230.8411353 25.37 94744.33
1561501290.870041 25.36 94743.94
1561501350.8989463 25.39 94744.85
1561501410.9278517 25.39 94743.34
1561501470.972357 25.30 94748.21
1561501531.0012627 25.35 94747.96
1561501591.030168 25.29 94750.76
1561501651.0590734 25.25 94750.17
1561501711.087979 25.32 94749.38
1561501771.1168842 25.36 94752.75
1561501831.1457896 25.36 94754.42
1561501891.1902952 25.44 94756.79
1561501951.2192008 25.47 94756.21
1561502011.248106 25.48 94755.10
1561502071.2770114 25.41 94755.03
1561502131.305917 25.42 94756.38
1561502191.3348224 25.49 94757.39
1561502251.379328 25.47 94751.90
1561502311.4082332 25.50 94751.72
1561502371.4371388 25.51 94751.94
1561502431.4660442 25.41 94752.91
1561502491.4949496 25.30 94748.94
1561502551.5238552 25.30 94752.26
1561502611.5527606 25.33 94753.45
1561502671.597266 25.38 94755.17
1561502731.6261714 25.34 94754.48
1561502791.655077 25.39 94754.72
1561502851.6839824 25.37 94754.17
1561502911.7128878 25.38 94753.89
1561502971.741793 25.41 94751.01
1561503031.7706985 25.49 94758.27
1561503091.799604 25.40 94757.07
1561503151.8441095 25.37 94756.85
1561503211.8730147 25.42 94757.78
1561503271.9019203 25.39 94754.01
1561503331.9308257 25.41 94756.42
1561503391.959731 25.43 94756.00
1561503451.9886367 25.31 94757.13
1561503512.0175421 25.42 94756.28
1561503572.0620475 25.36 94756.09
1561503632.0909529 25.32 94755.40
1561503692.1198585 25.23 94758.50
1561503752.148764 25.22 94761.46
1561503812.1776693 25.27 94764.14
1561503872.2065747 25.31 94765.58
1561503932.23548 25.43 94765.53
1561503992.2799857 25.32 94767.89
1561504052.3088908 25.42 94769.21
1561504112.3377967 25.48 94767.82
1561504172.3667018 25.40 94767.68
1561504232.3956072 25.40 94766.28
1561504292.4245129 25.41 94761.67
1561504352.4690182 25.36 94765.74
1561504412.4979236 25.37 94762.57
1561504472.526829 25.35 94758.94
1561504532.5557346 25.30 94757.67
1561504592.58464 25.27 94756.14
1561504652.6135454 25.26 94760.44
1561504712.642451 25.25 94764.12
1561504772.6869564 25.29 94768.50
1561504832.7158618 25.28 94770.48
1561504892.7447672 25.32 94771.80
1561504952.7736728 25.35 94771.71
1561505012.8025782 25.31 94772.65
1561505072.8314834 25.30 94774.24
1561505132.8603888 25.37 94771.17
1561505192.9048944 25.32 94775.21
1561505252.9337997 25.32 94772.64
1561505312.9627054 25.29 94774.48
1561505372.9916105 25.28 94780.08
1561505433.0205162 25.25 94777.88
1561505493.0494215 25.28 94775.80
1561505553.093927 25.31 94779.47
1561505613.1228323 25.30 94782.03
1561505673.151738 25.29 94781.82
1561505733.1806433 25.38 94784.17
1561505793.2095487 25.40 94782.41
1561505853.2384543 25.37 94783.15
1561505913.2673595 25.28 94786.71
1561505973.311865 25.28 94786.27
1561506033.3407705 25.34 94790.55
1561506093.369676 25.37 94788.91
1561506153.3985815 25.39 94790.42
1561506213.4274867 25.24 94796.22
1561506273.4563923 25.21 94791.35
1561506333.4852977 25.28 94791.89
1561506393.5298033 25.25 94792.67
1561506453.5587084 25.28 94792.30
1561506513.587614 25.24 94790.30
1561506573.6165195 25.28 94785.44
1561506633.6454248 25.28 94782.93
1561506693.6743305 25.28 94784.27
1561506753.7188358 25.30 94783.28
1561506813.7477412 25.31 94783.66
1561506873.7766466 25.28 94782.66
1561506933.8055522 25.25 94784.70
1561506993.8344576 25.23 94782.55
1561507053.863363 25.27 94779.39
1561507113.8922682 25.21 94782.14
1561507173.9367738 25.22 94780.36
1561507233.9656794 25.24 94777.36
