1559608573.1771438 27.22 95270.56
1559608633.214578 27.21 95270.33
1559608693.2470114 27.23 95268.83
1559608753.2834454 27.24 95271.74
1559608813.316879 27.24 95275.60
1559608873.353313 27.23 95277.06
1559608933.3867466 27.22 95276.96
1559608993.4231806 27.24 95276.10
1559609053.4566143 27.26 95276.41
1559609113.493048 27.28 95280.22
1559609173.5254817 27.31 95281.22
1559609233.5629156 27.26 95280.32
1559609293.5993495 27.23 95275.51
1559609353.6327834 27.25 95280.72
1559609413.6692173 27.26 95279.78
1559609473.7026508 27.22 95280.46
1559609533.7391448 27.19 95281.17
1559609593.7628574 27.23 95282.39
1559609653.8073628 27.16 95280.59
1559609713.8362682 27.12 95279.77
1559609773.8651738 27.08 95280.21
1559609833.9096792 27.03 95278.28
1559609893.9385846 26.98 95275.75
1559609953.9830902 27.00 95278.08
1559610014.0119956 26.98 95274.46
1559610074.0409012 26.98 95276.70
1559610134.0854065 26.92 95284.25
1559610194.114312 26.92 95285.69
1559610254.1432173 26.93 95290.17
1559610314.1877227 26.90 95291.94
1559610374.2166283 26.89 95293.10
1559610434.2455337 26.88 95290.33
1559610494.274439 26.87 95293.53
1559610554.3189445 26.87 95294.63
1559610614.34785 26.86 95290.22
1559610674.3767555 26.83 95289.38
1559610734.4212608 26.80 95288.39
1559610794.4501662 26.82 95287.53
1559610854.4790719 26.81 95286.64
1559610914.5079772 26.78 95289.85
1559610974.5524828 26.80 95284.87
1559611034.581388 26.80 95282.66
1559611094.6102934 26.78 95284.29
1559611154.639199 26.81 95281.98
1559611214.6837046 26.79 95283.53
1559611274.7126098 26.80 95282.42
1559611334.7415152 26.80 95286.96
1559611394.7704208 26.81 95290.20
1559611454.8149261 26.80 95295.07
1559611514.8438318 26.84 95296.44
1559611574.872737 26.82 95297.53
1559611634.9172425 26.80 95301.61
1559611694.9461482 26.80 95299.71
1559611754.9750533 26.78 95301.57
1559611815.0039587 26.79 95297.10
1559611875.0484643 26.78 95296.00
1559611935.07737 26.76 95294.78
1559611995.1062753 26.73 95293.29
1559612055.1351805 26.76 95293.89
1559612115.179686 26.75 95294.66
1559612175.2085917 26.77 95295.46
1559612235.237497 26.79 95294.61
1559612295.2664022 26.78 95295.70
1559612355.3109078 26.76 95297.59
1559612415.3398135 26.77 95298.92
1559612475.3687186 26.78 95301.30
1559612535.3976243 26.78 95303.14
1559612595.4421296 26.76 95300.21
1559612655.4710352 26.80 95301.11
1559612715.4999406 26.79 95302.13
1559612775.5288458 26.76 95302.60
1559612835.5733514 26.75 95299.69
1559612895.602257 26.75 95304.95
1559612955.6311624 26.75 95308.47
1559613015.6600676 26.75 95306.13
1559613075.7045732 26.75 95308.53
1559613135.7334785 26.75 95309.14
1559613195.762384 26.71 95309.98
1559613255.7912896 26.72 95311.28
1559613315.835795 26.72 95314.41
1559613375.8647003 26.71 95314.17
1559613435.893606 26.74 95315.12
1559613495.922511 26.74 95317.47
1559613555.9514165 26.74 95314.55
1559613615.995922 26.77 95316.61
1559613676.0248277 26.75 95314.11
1559613736.053733 26.74 95315.39
1559613796.0826383 26.77 95314.60
1559613856.1271439 26.78 95312.27
1559613916.1560495 26.74 95311.30
1559613976.184955 26.74 95308.25
1559614036.21386 26.75 95304.57
1559614096.2583656 26.75 95304.38
1559614156.2872713 26.72 95303.80
1559614216.3161764 26.73 95305.91
1559614276.345082 26.74 95311.42
1559614336.3895874 26.70 95308.35
1559614396.418493 26.70 95308.56
1559614456.4473984 26.72 95312.02
1559614516.4763036 26.72 95306.14
1559614576.5208092 26.72 95303.97
1559614636.5497148 26.72 95302.86
1559614696.5786202 26.71 95301.83
1559614756.6075253 26.73 95301.38
1559614816.6364307 26.71 95306.80
1559614876.6809363 26.75 95307.24
1559614936.709842 26.72 95306.88
1559614996.7387474 26.70 95305.36
1559615056.7676525 26.71 95303.84
1559615116.812158 26.73 95306.58
1559615176.8410637 26.74 95305.57
1559615236.869969 26.74 95306.74
1559615296.8988745 26.75 95305.39
1559615356.9433799 26.73 95304.46
1559615416.9722855 26.75 95303.38
1559615477.001191 26.73 95307.25
1559615537.0300963 26.71 95303.38
1559615597.0746017 26.70 95303.69
1559615657.1035073 26.71 95298.58
1559615717.1324127 26.71 95301.93
1559615777.1613178 26.70 95301.30
1559615837.2058234 26.71 95306.07
1559615897.234729 26.73 95305.81
1559615957.2636344 26.74 95304.49
1559616017.2925398 26.72 95306.49
1559616077.3214452 26.73 95305.31
1559616137.3659508 26.75 95309.25
1559616197.3948562 26.76 95304.94
1559616257.4237616 26.71 95308.74
1559616317.452667 26.70 95309.22
1559616377.4971726 26.75 95308.03
1559616437.526078 26.72 95307.25
1559616497.5549834 26.68 95308.43
1559616557.583889 26.70 95306.50
1559616617.6283941 26.72 95304.64
1559616677.6572998 26.73 95303.39
1559616737.6862051 26.71 95303.88
1559616797.7151103 26.73 95302.28
1559616857.759616 26.74 95300.80
1559616917.7885215 26.75 95301.32
1559616977.817427 26.73 95299.53
1559617037.8463323 26.74 95295.70
1559617097.8752377 26.71 95298.58
1559617157.9197433 26.70 95297.35
1559617217.9486487 26.72 95296.63
1559617277.977554 26.70 95296.50
1559617338.0064595 26.65 95295.82
1559617398.050965 26.63 95299.32
1559617458.0798705 26.60 95294.78
1559617518.1087756 26.63 95299.42
1559617578.1376815 26.64 95304.32
1559617638.1821868 26.61 95301.83
1559617698.2110922 26.60 95307.03
1559617758.2399976 26.57 95302.17
1559617818.268903 26.60 95302.32
1559617878.3134086 26.61 95299.71
1559617938.342314 26.59 95301.47
1559617998.3712194 26.56 95298.92
1559618058.400125 26.54 95295.55
1559618118.4290302 26.55 95294.44
1559618178.4735358 26.53 95291.94
1559618238.5024412 26.54 95291.86
1559618298.5313468 26.55 95289.75
1559618358.560252 26.55 95287.05
1559618418.6047575 26.54 95288.38
1559618478.633663 26.52 95285.75
1559618538.662568 26.51 95282.86
1559618598.691474 26.49 95281.61
1559618658.720379 26.50 95280.19
1559618718.7648847 26.48 95282.42
1559618778.79379 26.51 95283.31
1559618838.8226955 26.49 95282.28
1559618898.851601 26.48 95279.31
1559618958.8961065 26.46 95285.66
1559619018.9250119 26.48 95280.25
1559619078.9539173 26.50 95279.06
1559619138.9828227 26.51 95279.72
1559619199.0273283 26.46 95279.39
1559619259.0562334 26.49 95276.65
1559619319.0851393 26.45 95277.86
1559619379.1140444 26.43 95280.02
1559619439.1429498 26.42 95279.29
1559619499.1874554 26.45 95280.14
1559619559.2163608 26.46 95282.98
1559619619.2452662 26.44 95285.24
1559619679.2741716 26.42 95288.55
1559619739.3186772 26.41 95286.38
1559619799.3475828 26.45 95287.42
1559619859.3764882 26.45 95286.71
1559619919.4053934 26.43 95288.24
1559619979.434299 26.43 95289.64
1559620039.4788046 26.45 95292.44
1559620099.5077097 26.41 95291.24
1559620159.5366154 26.43 95290.41
1559620219.5655205 26.42 95291.86
1559620279.6100261 26.40 95289.71
1559620339.6389318 26.41 95287.61
1559620399.667837 26.40 95287.19
1559620459.6967423 26.42 95286.33
1559620519.725648 26.42 95286.21
1559620579.7701535 26.42 95286.37
1559620639.7990587 26.41 95286.03
1559620699.827964 26.37 95282.96
1559620759.8568697 26.38 95288.51
1559620819.901375 26.42 95289.22
1559620879.9302807 26.42 95288.51
1559620939.9591858 26.39 95288.67
1559620999.9880915 26.38 95291.80
1559621060.0169969 26.36 95287.76
1559621120.0615022 26.33 95284.90
1559621180.0904076 26.36 95286.25
1559621240.1193132 26.35 95284.85
1559621300.1638188 26.35 95284.68
1559621360.1927242 26.33 95287.21
1559621420.2216294 26.37 95287.72
1559621480.250535 26.32 95288.20
1559621540.2794404 26.34 95289.96
1559621600.323946 26.34 95284.56
1559621660.3528512 26.32 95283.63
1559621720.3817568 26.35 95284.68
1559621780.4106622 26.31 95285.89
1559621840.4551675 26.32 95286.92
1559621900.4840732 26.36 95289.77
1559621960.5129783 26.32 95289.10
1559622020.541884 26.33 95284.71
1559622080.5707893 26.33 95285.24
1559622140.6152947 26.34 95284.10
1559622200.6442 26.31 95281.70
1559622260.6731057 26.34 95279.57
1559622320.702011 26.30 95279.63
1559622380.7309165 26.33 95282.56
1559622440.7754219 26.36 95286.25
1559622500.8043275 26.33 95285.53
1559622560.8332329 26.30 95285.66
1559622620.8621383 26.27 95282.77
1559622680.9066436 26.28 95283.84
1559622740.9355493 26.27 95285.22
1559622800.9644547 26.29 95284.97
1559622860.99336 26.29 95286.77
1559622921.0222657 26.29 95290.43
1559622981.066771 26.30 95284.72
1559623041.0956764 26.29 95284.97
1559623101.1245818 26.29 95283.75
1559623161.1534874 26.30 95283.89
1559623221.1823928 26.28 95284.17
1559623281.2268982 26.33 95288.09
1559623341.2558036 26.26 95286.39
1559623401.2847092 26.28 95284.21
1559623461.3136146 26.26 95291.23
1559623521.35812 26.25 95287.95
1559623581.3870254 26.24 95291.77
1559623641.415931 26.25 95286.00
1559623701.4448364 26.27 95289.31
1559623761.4737418 26.27 95288.47
1559623821.5182471 26.27 95291.89
1559623881.5471528 26.26 95285.03
1559623941.5760581 26.26 95286.21
1559624001.6049635 26.22 95287.13
1559624061.6338687 26.22 95284.28
1559624121.6783743 26.23 95293.19
1559624181.70728 26.23 95287.00
1559624241.7361853 26.23 95284.85
1559624301.7650907 26.23 95281.36
1559624361.809596 26.22 95278.35
1559624421.8385017 26.28 95278.27
1559624481.867407 26.26 95277.32
1559624541.8963125 26.25 95274.88
1559624601.9252179 26.26 95275.88
1559624661.9697235 26.30 95277.62
1559624721.9986289 26.29 95274.81
1559624782.027534 26.33 95276.15
1559624842.0564399 26.30 95273.50
1559624902.085345 26.35 95274.39
1559624962.1298506 26.36 95270.70
1559625022.158756 26.36 95271.83
1559625082.1876614 26.33 95272.96
1559625142.2165668 26.29 95273.53
1559625202.2610724 26.33 95268.88
1559625262.2899778 26.27 95268.02
1559625322.3188834 26.24 95264.29
1559625382.3477886 26.25 95261.53
1559625442.3922942 26.25 95258.49
1559625502.4211996 26.24 95260.61
1559625562.4501052 26.25 95256.61
1559625622.4790103 26.22 95256.30
1559625682.5079157 26.22 95256.94
1559625742.5524213 26.18 95260.35
1559625802.5813265 26.22 95258.74
1559625862.6102324 26.20 95259.97
1559625922.6391375 26.18 95260.85
1559625982.683643 26.22 95261.19
1559626042.7125485 26.21 95260.07
1559626102.741454 26.23 95252.31
1559626162.7703593 26.22 95255.26
1559626222.7992647 26.23 95256.02
1559626282.8437703 26.23 95256.22
1559626342.8726757 26.23 95255.83
1559626402.901581 26.21 95252.42
1559626462.9304864 26.19 95250.66
1559626522.959392 26.21 95251.92
1559626583.0038977 26.20 95251.72
1559626643.0328028 26.18 95253.72
1559626703.0617082 26.19 95252.00
1559626763.0906138 26.18 95250.30
1559626823.1351192 26.20 95251.39
1559626883.1640246 26.18 95248.13
1559626943.19293 26.21 95248.33
1559627003.2218356 26.19 95251.36
1559627063.250741 26.16 95248.67
1559627123.2952466 26.17 95253.02
1559627183.3241518 26.14 95255.39
1559627243.3530574 26.15 95254.91
1559627303.3819628 26.19 95255.89
1559627363.4108682 26.17 95259.56
1559627423.4553738 26.17 95265.14
1559627483.4842792 26.20 95263.55
1559627543.5131845 26.20 95267.47
1559627603.54209 26.20 95266.74
1559627663.5709956 26.18 95271.92
1559627723.6155007 26.21 95270.39
1559627783.6444063 26.19 95274.35
1559627843.6733117 26.19 95276.13
1559627903.702217 26.20 95276.12
1559627963.7311227 26.20 95274.78
1559628023.775628 26.17 95279.50
1559628083.8045335 26.19 95270.03
1559628143.8334389 26.18 95274.53
1559628203.8623445 26.17 95268.77
1559628263.9068499 26.17 95269.67
1559628323.9357553 26.20 95271.73
1559628383.9646606 26.18 95269.97
1559628443.9935663 26.18 95267.49
1559628504.0224717 26.16 95265.76
1559628564.066977 26.17 95261.97
1559628624.0958824 26.15 95265.24
1559628684.124788 26.18 95259.51
1559628744.1536932 26.17 95255.20
1559628804.1825988 26.16 95257.52
1559628864.2271042 26.16 95257.66
1559628924.2560098 26.16 95259.67
1559628984.2849152 26.20 95263.33
1559629044.3138204 26.19 95262.62
1559629104.342726 26.20 95265.46
1559629164.3872316 26.20 95265.74
1559629224.416137 26.22 95266.49
1559629284.4450421 26.16 95266.71
1559629344.4739478 26.13 95263.67
1559629404.5028532 26.16 95263.69
1559629464.5473588 26.13 95263.91
1559629524.5762641 26.15 95266.85
1559629584.6051693 26.13 95272.96
1559629644.634075 26.10 95273.65
1559629704.6785805 26.14 95273.82
1559629764.7074857 26.13 95274.53
1559629824.7363913 26.14 95270.00
1559629884.7652967 26.12 95271.16
1559629944.794202 26.11 95268.28
1559630004.8387077 26.08 95269.99
1559630064.8676128 26.06 95271.46
1559630124.8965185 26.03 95268.41
1559630184.9254239 26.08 95270.25
1559630244.9543293 26.08 95278.32
1559630304.9988346 26.08 95275.17
1559630365.0277405 26.06 95273.82
1559630425.0566456 26.05 95274.86
1559630485.085551 26.05 95273.69
1559630545.1144567 26.05 95268.39
1559630605.158962 26.04 95268.64
1559630665.1878674 26.04 95267.97
1559630725.2167728 26.03 95272.60
1559630785.2456784 26.07 95271.50
1559630845.2745838 26.05 95269.89
1559630905.3190892 26.06 95273.38
1559630965.3479946 26.08 95276.58
1559631025.3769002 26.05 95275.60
1559631085.4058056 26.03 95275.51
1559631145.434711 26.02 95274.05
1559631205.4792163 26.06 95275.59
1559631265.508122 26.04 95271.89
1559631325.5370274 26.06 95274.42
1559631385.5659328 26.07 95277.22
1559631445.5948384 26.03 95274.60
1559631505.6393435 26.03 95273.39
1559631565.6682491 26.03 95267.30
1559631625.6971545 26.04 95265.18
1559631685.7260597 26.03 95266.24
1559631745.7549655 26.06 95259.91
1559631805.799471 26.04 95254.59
1559631865.8283763 26.03 95252.12
1559631925.8572817 26.08 95245.12
1559631985.886187 26.08 95242.07
1559632045.9150925 26.08 95248.50
1559632105.959598 26.07 95249.48
1559632165.9885035 26.04 95248.10
1559632226.017409 26.04 95248.77
1559632286.0463142 26.07 95249.48
1559632346.0752196 26.06 95252.21
1559632406.1197252 26.04 95253.79
1559632466.1486309 26.02 95257.39
1559632526.177536 26.04 95264.61
1559632586.2064414 26.05 95263.21
1559632646.235347 26.06 95266.71
1559632706.2798524 26.03 95264.35
1559632766.308758 25.99 95266.16
1559632826.3376632 26.01 95263.86
1559632886.3665688 26.03 95262.85
1559632946.3954742 26.02 95258.50
1559633006.4399796 26.00 95255.80
1559633066.468885 26.02 95252.97
1559633126.4977906 26.02 95252.93
1559633186.526696 25.99 95250.64
1559633246.5556014 25.99 95245.85
1559633306.600107 26.01 95245.33
1559633366.629012 26.00 95242.74
1559633426.6579177 26.03 95245.13
1559633486.6868231 26.02 95245.42
1559633546.7157285 26.03 95248.03
1559633606.7602339 26.02 95250.09
1559633666.7891395 26.02 95251.42
1559633726.818045 25.99 95256.34
1559633786.8469503 25.97 95259.37
1559633846.875856 25.98 95260.85
1559633906.9203613 25.97 95259.60
1559633966.9492667 26.02 95263.83
1559634026.978172 26.00 95263.33
1559634087.0070777 25.97 95263.50
1559634147.035983 25.97 95259.47
1559634207.0804884 25.96 95262.57
1559634267.1093938 25.97 95259.58
1559634327.1382995 25.96 95262.36
1559634387.1672049 25.97 95261.25
1559634447.19611 25.99 95261.27
1559634507.2406156 25.99 95265.32
1559634567.2695212 25.98 95264.82
1559634627.2984266 25.97 95264.60
1559634687.327332 25.95 95269.44
1559634747.3562374 25.97 95265.13
1559634807.400743 25.95 95267.36
1559634867.4296484 26.00 95269.16
1559634927.4585536 26.01 95269.63
1559634987.4874594 25.99 95273.50
1559635047.5163646 25.96 95275.53
1559635107.5608702 25.96 95275.69
1559635167.5897756 25.98 95282.11
1559635227.6186807 25.97 95281.14
1559635287.6475863 25.95 95283.17
1559635347.6764917 25.94 95286.50
1559635407.7209973 25.97 95289.63
1559635467.7499025 25.98 95290.18
1559635527.778808 25.97 95285.71
1559635587.8077135 25.97 95293.27
1559635647.836619 25.94 95294.60
1559635707.8811245 25.96 95297.64
1559635767.91003 25.95 95303.98
1559635827.9389353 25.96 95303.07
1559635887.9678407 25.93 95303.28
1559635947.9967463 25.94 95306.10
1559636008.0412517 25.97 95307.82
1559636068.070157 25.94 95310.96
1559636128.0990624 25.94 95313.86
1559636188.127968 25.92 95313.88
1559636248.1568735 25.95 95316.84
1559636308.2013788 25.93 95315.25
1559636368.2302842 25.90 95316.03
1559636428.2591898 25.91 95317.50
1559636488.2880952 25.91 95317.80
1559636548.3170006 25.91 95319.41
1559636608.361506 25.94 95321.51
1559636668.3904116 25.92 95323.66
1559636728.419317 25.90 95321.89
1559636788.4482224 25.90 95320.79
1559636848.4771278 25.91 95321.59
1559636908.5216334 25.93 95329.19
1559636968.5505388 25.90 95330.44
1559637028.5794442 25.88 95326.00
1559637088.6083498 25.89 95334.33
1559637148.637255 25.90 95340.39
1559637208.6817605 25.91 95339.35
1559637268.710666 25.93 95341.71
1559637328.7395716 25.92 95341.69
1559637388.7684767 25.93 95337.79
1559637448.797382 25.92 95344.80
1559637508.8262875 25.90 95346.35
1559637568.870793 25.89 95346.16
1559637628.8996987 25.91 95347.82
1559637688.928604 25.90 95352.82
1559637748.9575093 25.93 95348.78
1559637808.986415 25.91 95354.78
1559637869.0309203 25.90 95353.55
1559637929.059826 25.92 95352.64
1559637989.088731 25.89 95360.16
1559638049.1176367 25.85 95358.50
1559638109.146542 25.87 95361.21
1559638169.1910474 25.88 95361.33
1559638229.2199528 25.89 95365.75
1559638289.2488585 25.87 95365.63
1559638349.2777638 25.85 95368.59
1559638409.3066692 25.86 95372.17
1559638469.3511746 25.84 95371.88
1559638529.3800802 25.85 95373.61
1559638589.4089856 25.88 95375.17
1559638649.437891 25.84 95377.57
1559638709.4667966 25.82 95375.10
1559638769.511302 25.83 95385.85
1559638829.5402074 25.83 95388.72
1559638889.5691128 25.84 95391.74
1559638949.5980184 25.82 95389.94
1559639009.6269238 25.84 95396.42
1559639069.6714292 25.84 95398.00
1559639129.7003345 25.84 95401.35
1559639189.7292402 25.84 95398.50
1559639249.7581456 25.80 95402.95
1559639309.787051 25.79 95404.18
1559639369.815956 25.82 95409.30
1559639429.8604617 25.84 95410.73
1559639489.8893673 25.84 95408.46
1559639549.9182727 25.81 95413.09
1559639609.947178 25.82 95412.42
1559639669.9760835 25.80 95412.22
1559639730.020589 25.77 95415.28
1559639790.0494945 25.77 95419.47
1559639850.0784 25.78 95419.67
1559639910.1073053 25.79 95424.65
1559639970.1362107 25.82 95424.00
1559640030.1807163 25.81 95426.69
1559640090.2096214 25.80 95425.49
1559640150.238527 25.79 95429.64
1559640210.2674325 25.79 95430.45
1559640270.2963378 25.76 95436.46
1559640330.3408434 25.75 95430.16
1559640390.3697488 25.75 95433.91
1559640450.3986542 25.74 95431.94
1559640510.4275596 25.77 95427.14
1559640570.4564652 25.76 95427.75
1559640630.4853706 25.76 95430.36
1559640690.529876 25.78 95431.22
1559640750.5587814 25.77 95435.85
1559640810.587687 25.74 95434.72
1559640870.6165924 25.73 95440.08
1559640930.6454978 25.73 95448.39
1559640990.6900032 25.75 95437.19
1559641050.7189088 25.75 95442.89
1559641110.7478142 25.75 95439.50
1559641170.7767196 25.73 95440.45
1559641230.8056252 25.71 95437.24
1559641290.8501303 25.71 95440.08
1559641350.879036 25.73 95442.22
1559641410.9079413 25.71 95441.76
1559641470.9368467 25.70 95440.86
1559641530.9657524 25.69 95444.45
1559641590.9946575 25.70 95443.37
1559641651.039163 25.67 95438.06
1559641711.0680685 25.70 95445.92
1559641771.0969741 25.71 95442.26
1559641831.1258793 25.71 95440.02
1559641891.1547847 25.72 95441.83
1559641951.1992903 25.73 95441.35
1559642011.2281957 25.71 95441.46
1559642071.2571013 25.73 95449.28
1559642131.2860065 25.71 95449.50
1559642191.314912 25.72 95453.05
1559642251.3594177 25.72 95453.01
1559642311.3883228 25.69 95450.31
1559642371.4172282 25.68 95451.92
1559642431.4461339 25.72 95449.86
1559642491.4750392 25.70 95450.34
1559642551.5039446 25.69 95458.35
1559642611.54845 25.69 95457.07
1559642671.5773556 25.69 95459.14
1559642731.606261 25.69 95461.92
1559642791.6351664 25.68 95460.29
1559642851.664072 25.71 95462.53
1559642911.7085774 25.72 95461.99
1559642971.7374828 25.72 95464.10
1559643031.7663882 25.73 95464.13
1559643091.7952938 25.72 95467.91
1559643151.8241992 25.68 95470.50
1559643211.8687046 25.68 95474.19
1559643271.89761 25.69 95468.02
1559643331.9265153 25.68 95471.88
1559643391.9554207 25.67 95471.54
1559643451.9843264 25.67 95471.38
1559643512.0132315 25.66 95475.00
1559643572.057737 25.66 95470.53
1559643632.0866427 25.68 95473.02
1559643692.115548 25.68 95475.74
1559643752.1444533 25.65 95478.99
1559643812.173359 25.66 95478.28
1559643872.2178645 25.67 95479.14
1559643932.24677 25.67 95480.85
1559643992.275675 25.66 95479.05
1559644052.3045807 25.66 95479.05
1559644112.333486 25.66 95481.53
1559644172.3623915 25.64 95481.60
1559644232.4068968 25.65 95485.68
1559644292.4358027 25.65 95486.85
1559644352.4647079 25.67 95495.60
1559644412.4936132 25.65 95497.47
1559644472.5225189 25.66 95496.16
1559644532.5670242 25.67 95497.60
1559644592.5959296 25.65 95499.85
1559644652.624835 25.66 95498.71
1559644712.6537406 25.68 95504.16
1559644772.682646 25.68 95500.52
1559644832.7115514 25.65 95501.52
1559644892.7560568 25.65 95503.60
1559644952.7849624 25.64 95507.72
1559645012.8138678 25.66 95508.19
1559645072.8427732 25.65 95510.30
1559645132.8716788 25.65 95513.58
1559645192.916184 25.65 95510.46
1559645252.9450896 25.64 95514.05
1559645312.973995 25.66 95515.46
1559645373.0029004 25.66 95518.86
1559645433.0318058 25.67 95517.60
1559645493.0607111 25.64 95524.67
1559645553.1052167 25.62 95521.12
1559645613.134122 25.62 95527.58
1559645673.1630278 25.64 95528.45
1559645733.191933 25.63 95532.71
1559645793.2208383 25.65 95528.11
1559645853.265344 25.64 95529.08
1559645913.2942493 25.61 95538.74
1559645973.3231547 25.62 95539.27
1559646033.35206 25.59 95538.47
1559646093.3809657 25.62 95545.33
1559646153.409871 25.59 95545.67
1559646213.4543765 25.59 95544.83
1559646273.4832819 25.60 95541.88
1559646333.5121875 25.59 95543.82
1559646393.5410929 25.58 95544.60
1559646453.5699983 25.59 95550.25
1559646513.6145036 25.58 95543.92
1559646573.6434093 25.62 95546.80
1559646633.6723146 25.62 95544.56
1559646693.70122 25.63 95547.14
1559646753.7301257 25.64 95550.02
1559646813.7590308 25.62 95551.66
1559646873.8035364 25.58 95553.74
1559646933.8324418 25.61 95553.07
1559646993.8613474 25.61 95554.97
1559647053.8902528 25.60 95560.80
1559647113.919158 25.59 95558.83
1559647173.9636636 25.59 95557.89
1559647233.992569 25.60 95556.35
1559647294.0214746 25.58 95556.75
1559647354.0503798 25.63 95561.27
1559647414.0792851 25.61 95561.88
1559647474.1081908 25.61 95562.04
1559647534.1526964 25.61 95566.73
1559647594.1816018 25.61 95567.40
1559647654.210507 25.60 95570.14
1559647714.2394125 25.62 95570.17
1559647774.268318 25.62 95570.78
1559647834.3128233 25.60 95575.74
1559647894.341729 25.62 95572.58
1559647954.3706343 25.63 95580.16
1559648014.3995397 25.61 95575.50
1559648074.428445 25.62 95582.57
1559648134.4573507 25.61 95588.53
1559648194.501856 25.61 95590.47
1559648254.5307615 25.59 95589.77
1559648314.5596669 25.58 95589.64
1559648374.5885725 25.59 95592.11
1559648434.617478 25.57 95596.03
1559648494.646383 25.55 95602.46
1559648554.6908886 25.55 95596.71
1559648614.7197943 25.56 95595.16
1559648674.7486997 25.56 95596.00
1559648734.777605 25.58 95599.05
1559648794.8065104 25.57 95601.05
1559648854.851016 25.59 95600.92
1559648914.8799214 25.56 95605.71
1559648974.9088268 25.58 95606.35
1559649034.937732 25.59 95611.91
1559649094.9666378 25.58 95612.74
1559649154.995543 25.58 95614.17
1559649215.0400484 25.57 95619.53
1559649275.0689542 25.56 95622.89
1559649335.0978594 25.59 95618.10
1559649395.1267648 25.57 95620.24
1559649455.1556702 25.59 95620.00
1559649515.1845758 25.61 95618.36
1559649575.2290812 25.61 95613.94
1559649635.2579865 25.61 95618.00
1559649695.286892 25.63 95623.15
1559649755.3157976 25.63 95624.06
1559649815.344703 25.63 95622.38
1559649875.3892083 25.62 95616.32
1559649935.4181137 25.62 95625.20
1559649995.4470193 25.59 95619.60
1559650055.4759247 25.59 95627.88
1559650115.5048301 25.57 95636.95
1559650175.5337358 25.62 95624.93
1559650235.578241 25.56 95630.09
1559650295.6071465 25.55 95630.25
1559650355.636052 25.56 95630.15
1559650415.6649573 25.54 95635.24
1559650475.693863 25.53 95633.39
1559650535.7383683 25.53 95637.25
1559650595.7672737 25.52 95631.72
1559650655.7961793 25.50 95633.66
1559650715.8250844 25.51 95639.19
1559650775.8539898 25.52 95638.22
1559650835.8828955 25.50 95640.22
1559650895.927401 25.51 95640.26
1559650955.9563062 25.48 95645.72
1559651015.9852116 25.48 95648.63
1559651076.014117 25.48 95642.44
1559651136.0430226 25.49 95646.62
1559651196.071928 25.52 95647.96
1559651256.1164334 25.52 95656.00
1559651316.1453388 25.52 95653.32
1559651376.1742444 25.52 95656.13
1559651436.2031498 25.51 95656.87
1559651496.2320552 25.54 95659.45
1559651556.2765605 25.53 95656.71
1559651616.3054662 25.52 95658.25
1559651676.3343716 25.53 95657.71
1559651736.363277 25.52 95660.52
1559651796.3921826 25.49 95657.24
1559651856.421088 25.52 95665.85
1559651916.4655933 25.51 95667.75
1559651976.4944987 25.54 95672.41
1559652036.5234044 25.52 95666.50
1559652096.5523098 25.50 95666.00
1559652156.581215 25.51 95664.74
1559652216.6101205 25.49 95664.80
1559652276.6546261 25.51 95661.52
1559652336.6835315 25.51 95658.88
1559652396.712437 25.51 95667.42
1559652456.7413423 25.52 95666.00
1559652516.7702477 25.50 95668.52
1559652576.799153 25.52 95669.13
1559652636.8436584 25.51 95668.46
1559652696.8725643 25.54 95669.22
1559652756.9014695 25.53 95668.75
1559652816.9303749 25.52 95667.52
1559652876.9592805 25.51 95671.90
1559652937.0037856 25.52 95667.72
1559652997.0326912 25.50 95672.10
1559653057.0615966 25.51 95676.46
1559653117.0905023 25.54 95681.05
1559653177.1194077 25.55 95674.72
1559653237.148313 25.54 95670.71
1559653297.1928184 25.53 95668.42
1559653357.2217238 25.50 95671.20
1559653417.2506294 25.51 95664.77
1559653477.2795348 25.50 95666.85
1559653537.3084402 25.49 95667.61
1559653597.3373456 25.48 95672.10
1559653657.3818512 25.47 95669.85
1559653717.4107566 25.51 95670.89
1559653777.439662 25.54 95669.96
1559653837.4685674 25.50 95667.75
1559653897.497473 25.51 95665.31
1559653957.5263782 25.49 95665.10
1559654017.5708835 25.51 95667.42
1559654077.5997894 25.54 95665.21
1559654137.6286945 25.54 95662.93
1559654197.6576 25.57 95667.35
1559654257.6865056 25.55 95664.07
1559654317.7310112 25.54 95664.44
1559654377.7599163 25.56 95661.96
1559654437.7888217 25.55 95664.24
1559654497.8177273 25.53 95661.63
1559654557.8466327 25.55 95667.59
1559654617.875538 25.53 95668.92
1559654677.9200435 25.55 95673.04
1559654737.948949 25.57 95671.74
1559654797.9778545 25.56 95671.85
1559654858.00676 25.56 95670.24
1559654918.0356655 25.53 95669.60
1559654978.064571 25.53 95675.69
1559655038.1090763 25.53 95667.82
1559655098.1379817 25.54 95671.30
1559655158.1668873 25.57 95668.19
1559655218.1957924 25.56 95668.49
1559655278.224698 25.56 95672.07
1559655338.2692034 25.56 95670.77
1559655398.2981088 25.59 95675.03
1559655458.3270144 25.56 95678.03
1559655518.3559196 25.55 95677.33
1559655578.384825 25.56 95681.49
1559655638.4137306 25.58 95682.22
1559655698.4582362 25.59 95678.61
1559655758.4871414 25.58 95682.92
1559655818.5160468 25.57 95681.46
1559655878.5449524 25.60 95679.04
1559655938.5738578 25.61 95682.77
1559655998.6027632 25.59 95680.02
1559656058.6472685 25.61 95679.44
1559656118.6761742 25.62 95680.78
1559656178.7050796 25.60 95681.99
1559656238.733985 25.62 95683.03
1559656298.7628906 25.63 95683.74
1559656358.807396 25.62 95681.36
1559656418.8363013 25.65 95677.97
1559656478.8652067 25.64 95681.02
1559656538.8941123 25.64 95678.82
1559656598.9230177 25.66 95677.71
1559656658.9519231 25.68 95677.91
1559656718.9964285 25.67 95679.92
1559656779.0253341 25.70 95678.08
1559656839.0542395 25.73 95674.80
1559656899.083145 25.69 95673.53
1559656959.1120503 25.69 95672.52
1559657019.156556 25.70 95673.66
1559657079.1854613 25.72 95674.16
1559657139.2143667 25.69 95676.88
1559657199.2432723 25.66 95672.35
1559657259.2721775 25.62 95671.14
1559657319.3010828 25.61 95672.25
1559657379.3455884 25.65 95672.14
1559657439.3744936 25.67 95674.92
1559657499.4033995 25.67 95675.27
1559657559.4323046 25.68 95676.17
1559657619.46121 25.69 95676.38
1559657679.5057156 25.71 95672.52
1559657739.519021 25.72 95673.83
1559657799.5635264 25.70 95666.96
1559657859.5924318 25.69 95673.92
1559657919.6213374 25.65 95671.14
1559657979.6502428 25.69 95668.67
1559658039.6791482 25.65 95671.71
1559658099.7236536 25.68 95675.16
1559658159.7525592 25.71 95675.74
1559658219.7814646 25.70 95676.30
1559658279.81037 25.69 95675.83
1559658339.8392756 25.70 95678.61
1559658399.8681808 25.70 95680.32
1559658459.9126863 25.71 95679.39
1559658519.9415917 25.70 95676.67
1559658579.9704974 25.70 95680.79
1559658639.9994025 25.67 95681.77
1559658700.0283082 25.68 95680.86
1559658760.0572135 25.67 95680.96
1559658820.101719 25.68 95680.66
1559658880.1306245 25.68 95685.52
1559658940.1595297 25.65 95681.69
1559659000.1884353 25.65 95680.52
1559659060.2173407 25.66 95685.21
1559659120.2618463 25.65 95678.48
1559659180.2907515 25.64 95678.64
1559659240.3196568 25.68 95677.98
1559659300.3485625 25.67 95676.57
1559659360.3774679 25.68 95678.82
1559659420.4063733 25.67 95679.78
1559659480.4508786 25.68 95679.08
1559659540.4797843 25.64 95676.37
1559659600.5086896 25.66 95677.30
1559659660.537595 25.64 95674.33
1559659720.5665007 25.68 95670.61
1559659780.611006 25.67 95668.33
1559659840.6399114 25.69 95669.81
1559659900.6688168 25.65 95669.71
1559659960.6977224 25.66 95668.74
1559660020.7266276 25.65 95663.51
1559660080.7555332 25.68 95660.06
1559660140.8000386 25.69 95660.69
1559660200.8289442 25.65 95660.22
1559660260.8578496 25.66 95655.57
1559660320.8867548 25.67 95659.25
1559660380.9156604 25.67 95658.42
1559660440.9445658 25.63 95658.18
1559660500.9890714 25.63 95655.97
1559660561.0179765 25.63 95652.02
1559660621.0468822 25.64 95647.90
1559660681.0757875 25.64 95648.50
1559660741.104693 25.62 95642.35
1559660801.1335986 25.64 95644.96
1559660861.178104 25.65 95642.17
1559660921.2070093 25.64 95639.50
1559660981.2359147 25.65 95638.63
1559661041.2648203 25.65 95634.27
1559661101.2937257 25.68 95635.11
1559661161.338231 25.68 95637.39
1559661221.3671365 25.65 95633.47
1559661281.3960419 25.63 95630.52
1559661341.4249475 25.67 95632.74
1559661401.453853 25.65 95634.64
1559661461.4827583 25.65 95636.95
1559661521.5272636 25.67 95630.66
1559661581.5561693 25.65 95627.17
1559661641.5850747 25.63 95629.92
1559661701.61398 25.63 95631.56
1559661761.6428854 25.65 95627.44
1559661821.6717908 25.65 95624.76
1559661881.7162964 25.62 95624.10
1559661941.7452018 25.63 95623.69
1559662001.7741075 25.65 95622.49
1559662061.8030126 25.62 95620.74
1559662121.831918 25.62 95618.50
1559662181.8764236 25.64 95614.88
1559662241.905329 25.64 95614.02
1559662301.9342346 25.62 95611.20
1559662361.9631398 25.63 95612.57
1559662421.9920454 25.62 95611.43
1559662482.0209508 25.64 95610.16
1559662542.0654562 25.63 95609.39
1559662602.0943615 25.64 95607.96
1559662662.1232672 25.64 95603.86
1559662722.1521726 25.69 95603.19
1559662782.181078 25.67 95607.78
1559662842.2099836 25.64 95603.46
1559662902.254489 25.63 95599.78
1559662962.2833943 25.61 95601.62
1559663022.3122997 25.62 95601.15
1559663082.3412054 25.63 95600.68
1559663142.3701108 25.62 95597.13
1559663202.399016 25.62 95595.72
1559663262.4435215 25.61 95595.16
1559663322.472427 25.63 95596.73
1559663382.5013325 25.64 95588.10
1559663442.5302377 25.65 95591.17
1559663502.5591433 25.63 95590.24
1559663562.6036487 25.63 95587.39
1559663622.632554 25.62 95586.65
1559663682.6614597 25.63 95582.83
1559663742.6903648 25.62 95584.85
1559663802.7192705 25.63 95585.28
1559663862.7481759 25.63 95583.71
1559663922.7926815 25.64 95580.32
1559663982.8215866 25.68 95580.22
1559664042.8504922 25.66 95579.72
1559664102.8793976 25.64 95576.30
1559664162.908303 25.63 95572.92
1559664222.9372087 25.64 95570.88
1559664282.981714 25.64 95573.49
1559664343.0106194 25.67 95572.89
1559664403.0395248 25.68 95573.69
1559664463.0684304 25.66 95569.20
1559664523.0973358 25.62 95568.40
1559664583.1262412 25.64 95570.98
1559664643.1707466 25.61 95568.94
1559664703.1996522 25.66 95569.64
1559664763.2285576 25.66 95562.10
1559664823.2574627 25.66 95562.47
1559664883.2863686 25.65 95562.27
1559664943.330874 25.62 95556.45
1559665003.3597794 25.63 95552.72
1559665063.3886847 25.63 95555.91
1559665123.41759 25.66 95554.46
1559665183.4464955 25.66 95560.92
1559665243.475401 25.63 95557.21
1559665303.5199065 25.62 95555.88
1559665363.5488117 25.62 95554.03
1559665423.5777173 25.60 95548.58
1559665483.6066227 25.61 95552.86
1559665543.635528 25.61 95553.57
1559665603.6644337 25.60 95548.92
1559665663.708939 25.56 95550.72
1559665723.7378445 25.59 95551.09
1559665783.7667499 25.59 95545.77
1559665843.7956555 25.58 95548.61
1559665903.8245609 25.61 95545.03
1559665963.8534663 25.61 95539.60
1559666023.8979716 25.61 95545.97
1559666083.9268773 25.61 95543.19
1559666143.9557827 25.60 95546.57
1559666203.984688 25.59 95549.11
1559666264.0135937 25.62 95546.57
1559666324.0424988 25.62 95543.32
1559666384.0870044 25.62 95538.36
1559666444.1159098 25.59 95536.52
1559666504.1448154 25.60 95541.11
1559666564.1737206 25.62 95528.58
1559666624.202626 25.62 95535.08
1559666684.2315316 25.59 95533.38
1559666744.2760372 25.59 95534.28
1559666804.3049426 25.60 95531.74
1559666864.3338478 25.59 95532.61
1559666924.3627534 25.61 95524.27
1559666984.3916588 25.61 95518.67
1559667044.4205642 25.60 95524.17
1559667104.4650698 25.60 95522.16
1559667164.493975 25.60 95519.52
1559667224.5228806 25.58 95513.06
1559667284.551786 25.60 95511.44
1559667344.5806913 25.60 95510.21
1559667404.609597 25.61 95506.82
1559667464.6541023 25.59 95510.61
1559667524.6830077 25.62 95514.69
1559667584.711913 25.60 95514.28
1559667644.7408187 25.60 95512.75
1559667704.769724 25.65 95514.58
1559667764.81383 25.67 95515.41
1559667824.8443356 25.69 95511.76
1559667884.8760417 25.67 95509.42
1559667944.9029472 25.68 95513.71
1559668004.9354525 25.70 95514.24
1559668064.9643579 25.70 95515.01
1559668124.9932632 25.74 95511.58
1559668185.0221689 25.76 95510.97
1559668245.0666742 25.76 95510.74
1559668305.0955796 25.77 95508.73
1559668365.124485 25.79 95511.14
1559668425.1533906 25.81 95508.89
1559668485.182296 25.82 95508.35
1559668545.220002 25.83 95504.42
1559668605.2505076 25.82 95510.52
1559668665.2742128 25.83 95511.42
1559668725.3187182 25.80 95508.05
1559668785.3476236 25.82 95503.69
1559668845.3765292 25.85 95505.96
1559668905.4054346 25.86 95503.89
1559668965.43434 25.85 95506.46
1559669025.4632456 25.85 95504.99
1559669085.507751 25.89 95509.13
1559669145.5366564 25.87 95506.86
1559669205.5655618 25.87 95506.53
1559669265.5944674 25.90 95512.18
1559669325.6233728 25.89 95511.21
1559669385.6678782 25.88 95509.21
1559669445.6967835 25.90 95507.82
1559669505.7256892 25.90 95508.22
1559669565.7545946 25.91 95505.17
1559669625.7834997 25.90 95506.08
1559669685.8124053 25.90 95506.38
1559669745.856911 25.90 95506.38
1559669805.8858163 25.89 95505.39
1559669865.9147217 25.89 95504.61
1559669925.943627 25.90 95507.99
1559669985.9725325 25.90 95509.33
1559670046.017038 25.91 95509.02
1559670106.0459433 25.91 95513.14
1559670166.0748491 25.91 95508.89
1559670226.1037543 25.87 95504.99
1559670286.1326597 25.88 95506.12
1559670346.161565 25.85 95504.61
1559670406.2060704 25.88 95503.94
1559670466.234976 25.90 95502.07
1559670526.2638814 25.91 95500.14
1559670586.2927868 25.95 95497.19
1559670646.3216925 25.91 95492.48
1559670706.3661978 25.90 95492.32
1559670766.3951032 25.90 95497.44
1559670826.4240086 25.92 95499.82
1559670886.4529142 25.93 95495.25
1559670946.4818196 25.92 95498.71
1559671006.510725 25.91 95498.91
1559671066.5552304 25.95 95497.63
1559671126.584136 25.94 95495.68
1559671186.6130414 25.94 95493.88
1559671246.6419468 25.93 95494.14
1559671306.6708522 25.90 95495.76
1559671366.7153578 25.93 95488.38
1559671426.7442632 25.93 95489.83
1559671486.7731686 25.94 95492.03
1559671546.8020742 25.97 95494.50
1559671606.8309793 25.95 95494.47
1559671666.8598847 25.97 95493.73
1559671726.9043903 26.01 95493.38
1559671786.933296 26.00 95491.67
1559671846.962201 25.99 95489.77
1559671906.9911065 25.94 95494.71
1559671967.0200121 25.96 95495.71
1559672027.0645173 25.96 95495.98
1559672087.0934231 25.99 95495.29
1559672147.1223283 25.97 95488.74
1559672207.1512337 25.90 95492.35
1559672267.1801393 25.91 95492.85
1559672327.2246447 25.91 95481.39
1559672387.25355 25.91 95486.51
1559672447.2824554 25.91 95491.14
1559672507.311361 25.91 95495.02
1559672567.3402665 25.93 95493.98
1559672627.3691719 25.88 95489.77
1559672687.4136772 25.85 95490.55
1559672747.4425828 25.84 95492.97
1559672807.4714882 25.83 95487.98
1559672867.5003936 25.83 95488.42
1559672927.5292993 25.85 95492.60
1559672987.5738046 25.85 95489.01
1559673047.60271 25.85 95494.88
1559673107.6316154 25.82 95493.27
1559673167.660521 25.80 95486.25
1559673227.6894262 25.80 95488.63
1559673287.7183318 25.80 95484.97
1559673347.7628372 25.80 95486.96
1559673407.7917428 25.82 95487.25
1559673467.8206482 25.82 95487.14
1559673527.8495533 25.87 95489.11
1559673587.878459 25.84 95488.44
1559673647.9229646 25.84 95486.67
1559673707.95187 25.81 95490.50
1559673767.9807754 25.86 95491.42
1559673828.0096807 25.82 95491.10
1559673888.0385861 25.82 95496.28
1559673948.0674915 25.82 95498.86
1559674008.1119971 25.79 95496.57
1559674068.1409023 25.81 95499.17
1559674128.169808 25.79 95503.43
1559674188.1987133 25.76 95503.14
1559674248.227619 25.74 95500.42
1559674308.2565243 25.78 95497.10
1559674368.3010297 25.76 95501.86
1559674428.329935 25.79 95497.94
1559674488.3588405 25.79 95499.48
1559674548.387746 25.75 95498.66
1559674608.4166515 25.77 95502.50
1559674668.4455569 25.76 95505.39
1559674728.4900622 25.73 95507.90
1559674788.5189679 25.73 95507.71
1559674848.5478733 25.75 95510.71
1559674908.5767784 25.74 95511.82
1559674968.6056843 25.73 95509.74
1559675028.6501896 25.78 95516.80
1559675088.679095 25.80 95513.54
1559675148.7080004 25.75 95505.69
1559675208.7369058 25.76 95509.63
1559675268.7658112 25.76 95510.57
1559675328.7947166 25.75 95511.78
1559675388.8392222 25.73 95510.75
1559675448.8681276 25.72 95505.80
1559675508.897033 25.70 95513.07
1559675568.9259384 25.73 95511.02
1559675628.954844 25.74 95516.17
1559675688.9837494 25.75 95515.36
1559675749.0282547 25.73 95513.25
1559675809.0571601 25.75 95518.88
1559675869.0860658 25.75 95520.05
1559675929.1149712 25.73 95518.78
1559675989.1438766 25.69 95513.40
1559676049.1727822 25.73 95518.92
1559676109.2172875 25.74 95520.29
1559676169.246193 25.72 95516.35
1559676229.2750983 25.70 95520.33
1559676289.304004 25.71 95520.16
1559676349.3329093 25.69 95521.81
1559676409.3618145 25.67 95522.68
1559676469.40632 25.68 95524.08
1559676529.4352255 25.70 95525.25
1559676589.464131 25.70 95527.77
1559676649.4930363 25.70 95532.92
1559676709.5219417 25.68 95536.41
1559676769.5508473 25.68 95539.83
1559676829.5953526 25.69 95538.05
1559676889.6242583 25.66 95531.19
1559676949.6531634 25.64 95536.82
1559677009.682069 25.66 95535.48
1559677069.7109745 25.64 95543.02
1559677129.7398798 25.66 95542.14
1559677189.7843852 25.69 95541.36
1559677249.8132908 25.68 95543.28
1559677309.8421962 25.69 95539.89
1559677369.8711016 25.63 95539.90
1559677429.9000072 25.62 95544.05
1559677489.9289124 25.60 95543.63
1559677549.973418 25.60 95546.27
1559677610.0023234 25.60 95550.92
1559677670.031229 25.63 95553.30
1559677730.0601344 25.60 95553.91
1559677790.0890396 25.62 95557.62
1559677850.1179452 25.59 95558.83
1559677910.1624508 25.62 95560.80
1559677970.1913562 25.59 95562.14
1559678030.2202613 25.60 95558.69
1559678090.249167 25.61 95560.83
1559678150.2780724 25.61 95564.52
1559678210.3069777 25.61 95562.21
1559678270.3514833 25.60 95567.30
1559678330.3803885 25.58 95564.69
1559678390.4092941 25.62 95565.66
1559678450.4381995 25.63 95565.12
1559678510.467105 25.59 95565.60
1559678570.4960105 25.56 95563.68
1559678630.540516 25.61 95561.53
1559678690.5694213 25.63 95564.68
1559678750.5983267 25.61 95563.91
1559678810.6272323 25.59 95564.82
1559678870.6561377 25.59 95568.50
1559678930.685043 25.61 95567.90
1559678990.7295485 25.58 95569.38
1559679050.758454 25.62 95563.64
1559679110.7873595 25.65 95571.92
1559679170.8162649 25.61 95565.42
1559679230.8451703 25.61 95569.21
1559679290.8740757 25.63 95570.07
1559679350.9185812 25.63 95568.91
1559679410.9474866 25.63 95573.89
1559679470.9763923 25.61 95572.89
1559679531.0052974 25.60 95573.72
1559679591.0342028 25.61 95573.89
1559679651.0631084 25.59 95580.33
1559679711.1076138 25.57 95578.82
1559679771.1365194 25.57 95579.39
1559679831.1654246 25.54 95582.30
1559679891.1943302 25.55 95580.50
1559679951.2232356 25.57 95583.47
1559680011.252141 25.57 95584.71
1559680071.2966464 25.56 95584.00
1559680131.325552 25.60 95584.14
1559680191.3544574 25.62 95586.25
1559680251.3833628 25.57 95585.08
1559680311.4122684 25.58 95583.53
1559680371.4411738 25.59 95584.24
1559680431.4856791 25.57 95585.49
1559680491.5145845 25.55 95586.19
1559680551.54349 25.56 95585.96
1559680611.5723956 25.56 95588.74
1559680671.601301 25.57 95587.22
1559680731.630206 25.56 95589.80
1559680791.6591117 25.53 95590.91
1559680851.7036173 25.54 95590.14
1559680911.7325225 25.53 95593.75
1559680971.761428 25.56 95591.82
1559681031.7903335 25.56 95590.30
1559681091.819239 25.57 95589.60
1559681151.8481443 25.58 95593.85
1559681211.8926497 25.60 95589.16
1559681271.9215553 25.57 95595.30
1559681331.9504607 25.57 95593.72
1559681391.979366 25.56 95589.80
1559681452.0082717 25.56 95593.32
1559681512.037177 25.56 95593.49
1559681572.0816824 25.58 95596.20
1559681632.1105878 25.56 95595.39
1559681692.1394935 25.55 95593.05
1559681752.1683989 25.55 95593.19
1559681812.1973042 25.56 95593.08
1559681872.2262096 25.55 95590.03
1559681932.2707152 25.54 95594.05
1559681992.2996206 25.55 95591.51
1559682052.328526 25.57 95590.67
1559682112.3574314 25.58 95592.17
1559682172.3863368 25.57 95594.52
1559682232.4152422 25.54 95592.89
1559682292.4597476 25.53 95597.27
1559682352.4886534 25.52 95597.14
1559682412.5175586 25.56 95602.36
1559682472.546464 25.57 95603.66
1559682532.5753694 25.54 95604.60
1559682592.604275 25.52 95603.00
1559682652.6331804 25.55 95604.77
1559682712.6776857 25.55 95606.91
1559682772.7065911 25.56 95607.78
1559682832.7354968 25.55 95606.01
1559682892.7644022 25.56 95604.94
1559682952.7933075 25.56 95605.38
1559683012.8222132 25.55 95605.47
1559683072.8667185 25.54 95604.40
1559683132.895624 25.53 95603.80
1559683192.9245293 25.52 95599.25
1559683252.953435 25.53 95602.13
1559683312.98234 25.54 95603.23
1559683373.0112455 25.52 95602.83
1559683433.055751 25.55 95601.39
1559683493.0690565 25.57 95603.16
1559683553.113562 25.57 95606.98
1559683613.1424673 25.54 95605.07
1559683673.171373 25.54 95605.91
1559683733.2002783 25.53 95603.77
1559683793.2291837 25.51 95605.00
1559683853.2580893 25.51 95604.21
1559683913.3025947 25.49 95605.71
1559683973.3315 25.50 95605.53
1559684033.3604054 25.49 95605.88
1559684093.389311 25.46 95603.77
1559684153.4182162 25.50 95603.36
1559684213.4471219 25.51 95605.00
1559684273.4916272 25.52 95609.19
1559684333.5205328 25.49 95612.57
1559684393.5494382 25.49 95613.88
1559684453.5783434 25.51 95612.24
1559684513.6072488 25.52 95614.48
1559684573.6361544 25.52 95616.79
1559684633.68066 25.51 95622.61
1559684693.7095652 25.50 95619.97
1559684753.738471 25.48 95622.38
1559684813.7673762 25.48 95619.80
1559684873.7962816 25.50 95624.12
1559684933.825187 25.49 95623.78
1559684993.8540926 25.50 95620.97
1559685053.898598 25.50 95628.07
1559685113.9275033 25.48 95629.85
1559685173.9564087 25.48 95632.66
1559685233.9853144 25.49 95631.62
1559685294.0142198 25.48 95628.88
1559685354.043125 25.51 95631.12
1559685414.0876305 25.57 95631.86
1559685474.1165361 25.57 95629.46
1559685534.1454415 25.56 95633.27
1559685594.174347 25.52 95631.96
1559685654.2032523 25.50 95636.88
1559685714.2321577 25.50 95634.20
1559685774.2766633 25.50 95633.86
1559685834.3055687 25.51 95627.57
1559685894.334474 25.53 95633.89
1559685954.3633795 25.50 95633.36
1559686014.3922849 25.50 95630.64
1559686074.4211905 25.51 95635.57
1559686134.465696 25.51 95633.13
1559686194.4946012 25.53 95638.46
1559686254.5235066 25.52 95635.71
1559686314.5524123 25.53 95636.61
1559686374.5813177 25.52 95636.41
1559686434.610223 25.50 95634.53
1559686494.6547284 25.48 95633.16
1559686554.6836338 25.48 95635.24
1559686614.7125394 25.47 95636.78
1559686674.7414448 25.45 95637.35
1559686734.77035 25.48 95640.29
1559686794.8148556 25.47 95639.66
1559686854.8437612 25.47 95641.07
1559686914.8726666 25.45 95643.53
1559686974.901572 25.45 95645.71
1559687034.9304776 25.41 95646.21
1559687094.9593828 25.45 95648.19
1559687155.0038884 25.43 95645.24
1559687215.0327938 25.41 95645.61
1559687275.0616992 25.40 95645.97
1559687335.0906048 25.45 95645.41
1559687395.11951 25.43 95654.75
1559687455.1484156 25.44 95652.27
1559687515.177321 25.44 95656.22
1559687575.2218263 25.40 95656.28
1559687635.2507317 25.41 95658.42
1559687695.2796373 25.42 95656.13
1559687755.3085427 25.44 95656.32
1559687815.3374481 25.42 95655.55
1559687875.3663538 25.43 95654.78
1559687935.410859 25.42 95653.88
1559687995.4397645 25.41 95654.88
1559688055.46867 25.42 95658.19
1559688115.4975755 25.43 95659.30
1559688175.526481 25.42 95661.21
1559688235.555386 25.42 95662.05
1559688295.5842917 25.41 95663.08
1559688355.6287973 25.39 95666.36
1559688415.6577027 25.37 95663.41
1559688475.6866078 25.35 95663.51
1559688535.7155132 25.36 95668.77
1559688595.7444189 25.39 95671.14
1559688655.7733243 25.41 95674.66
1559688715.8178298 25.40 95681.86
1559688775.846735 25.41 95685.38
1559688835.8756406 25.41 95687.52
1559688895.904546 25.41 95689.19
1559688955.9334514 25.39 95685.88
1559689015.962357 25.40 95689.83
1559689076.0068624 25.42 95686.78
1559689136.0357678 25.38 95688.05
1559689196.0646732 25.39 95688.59
1559689256.0935788 25.37 95687.52
1559689316.1224842 25.37 95694.88
1559689376.1513896 25.37 95698.46
1559689436.180295 25.38 95702.67
1559689496.2248006 25.38 95700.71
1559689556.253706 25.38 95700.50
1559689616.2826114 25.37 95704.49
1559689676.3115168 25.39 95707.94
1559689736.3404222 25.40 95706.90
1559689796.3693275 25.40 95709.92
1559689856.3982332 25.39 95711.62
1559689916.4427388 25.39 95708.47
1559689976.471644 25.38 95712.46
1559690036.5005493 25.41 95713.67
1559690096.529455 25.43 95712.50
1559690156.5583603 25.39 95710.49
1559690216.5872657 25.38 95713.92
1559690276.631771 25.37 95716.10
1559690336.6606767 25.35 95720.61
1559690396.689582 25.37 95714.03
1559690456.7184875 25.34 95718.97
1559690516.7473931 25.35 95716.53
1559690576.7762985 25.35 95717.40
1559690636.8052037 25.36 95720.52
1559690696.8497093 25.35 95719.67
1559690756.878615 25.36 95716.17
1559690816.90752 25.34 95712.67
1559690876.9364254 25.34 95717.80
1559690936.9653308 25.35 95715.93
1559690996.9942365 25.33 95715.99
1559691057.038742 25.34 95715.07
1559691117.0676472 25.33 95719.27
1559691177.0965526 25.36 95717.00
1559691237.1254582 25.33 95721.95
1559691297.1543636 25.36 95713.25
1559691357.183269 25.34 95716.39
1559691417.2121747 25.34 95715.19
1559691477.25668 25.34 95717.97
1559691537.2855854 25.31 95708.49
1559691597.3144908 25.31 95705.75
1559691657.3433964 25.29 95708.85
1559691717.3723018 25.32 95714.11
1559691777.4012072 25.32 95714.01
1559691837.4457126 25.33 95719.85
1559691897.4746182 25.30 95717.96
1559691957.5035236 25.31 95716.42
1559692017.5324287 25.33 95717.36
1559692077.5613344 25.32 95720.03
1559692137.5902398 25.32 95720.67
1559692197.6191452 25.32 95723.02
1559692257.6636508 25.30 95723.42
1559692317.6925561 25.32 95726.46
1559692377.7214615 25.29 95725.46
1559692437.750367 25.28 95723.49
1559692497.7792726 25.27 95720.23
1559692557.808178 25.27 95722.41
1559692617.8370833 25.29 95722.71
1559692677.8815887 25.30 95727.33
1559692737.910494 25.29 95725.63
1559692797.9393997 25.32 95726.67
1559692857.968305 25.30 95724.86
