1560470493.9415417 24.89 95336.85
1560470553.970447 24.94 95336.42
1560470614.0149524 24.93 95336.30
1560470674.0438578 24.92 95333.55
1560470734.0727634 24.93 95335.74
1560470794.1016688 24.94 95340.78
1560470854.130574 24.94 95340.67
1560470914.1594799 24.94 95343.46
1560470974.188385 24.98 95342.14
1560471034.2328906 24.94 95342.96
1560471094.261796 24.91 95339.38
1560471154.2907014 24.95 95346.70
1560471214.3196068 24.93 95346.17
1560471274.3485122 24.95 95345.53
1560471334.3774178 24.90 95349.45
1560471394.4063232 24.93 95350.61
1560471454.4508286 24.96 95349.41
1560471514.479734 24.96 95350.44
1560471574.5086396 25.05 95352.63
1560471634.537545 25.03 95353.34
1560471694.5664504 24.99 95355.15
1560471754.595356 24.95 95358.53
1560471814.6242611 24.97 95358.33
1560471874.6687667 24.91 95357.44
1560471934.6976721 24.92 95358.24
1560471994.7265778 24.95 95358.24
1560472054.755483 24.91 95355.43
1560472114.7843885 24.92 95360.08
1560472174.813294 24.93 95361.75
1560472234.8421993 24.98 95362.05
1560472294.886705 25.01 95362.34
1560472354.91561 25.04 95361.43
1560472414.9445155 24.96 95362.65
1560472474.973421 24.93 95357.47
1560472535.0023265 24.92 95365.20
1560472595.031232 24.97 95362.49
1560472655.0601375 25.00 95366.66
1560472715.1046429 25.03 95368.06
1560472775.1335483 25.03 95366.49
1560472835.1624537 25.02 95364.25
1560472895.1913593 25.09 95369.35
1560472955.2202647 24.98 95369.30
1560473015.2491698 24.98 95367.83
1560473075.2936754 24.93 95369.08
1560473135.322581 24.92 95370.18
1560473195.3514864 24.91 95368.47
1560473255.3803916 24.94 95368.31
1560473315.4092972 24.99 95368.57
1560473375.4382026 25.06 95370.63
1560473435.467108 25.02 95368.03
1560473495.5116136 24.97 95368.21
1560473555.540519 24.92 95367.44
1560473615.5694244 24.90 95365.33
1560473675.5983298 24.94 95365.46
1560473735.6272354 24.98 95368.67
1560473795.6561408 25.01 95367.86
1560473855.6850462 24.98 95366.89
1560473915.7295516 25.03 95363.14
1560473975.7584572 24.98 95363.99
1560474035.7873626 24.98 95366.29
1560474095.8162677 24.99 95367.19
1560474155.8451736 24.99 95365.25
1560474215.8740788 25.00 95362.98
1560474275.9185843 24.97 95362.41
1560474335.9474897 25.06 95362.77
1560474395.9763954 24.99 95359.90
1560474456.0053005 25.01 95360.07
1560474516.034206 25.01 95359.16
1560474576.0631113 24.98 95360.64
1560474636.092017 24.97 95358.40
1560474696.1365225 24.93 95358.08
1560474756.1654277 24.92 95362.52
1560474816.194333 25.03 95357.69
1560474876.2232387 24.99 95359.57
1560474936.252144 24.94 95357.33
1560474996.2810495 24.98 95357.86
1560475056.3255548 24.99 95355.89
1560475116.3544605 24.99 95361.61
1560475176.3833659 25.01 95356.82
1560475236.4122713 24.98 95356.13
1560475296.4411767 24.99 95359.27
1560475356.4700823 24.98 95358.66
1560475416.4989874 24.96 95357.87
1560475476.543493 24.97 95353.38
1560475536.5723987 24.97 95353.72
1560475596.6013038 24.99 95353.38
1560475656.6302092 24.95 95351.91
1560475716.6591148 24.97 95350.10
1560475776.6880202 24.94 95354.39
1560475836.7325258 24.98 95357.46
1560475896.761431 25.02 95356.05
1560475956.7903366 25.06 95353.90
1560476016.819242 25.02 95355.21
1560476076.8481474 25.01 95355.72
1560476136.877053 25.03 95353.50
1560476196.9059584 24.99 95356.16
1560476256.9504638 24.97 95354.28
1560476316.9793692 24.95 95354.19
1560476377.0082748 24.88 95355.37
1560476437.0371802 24.98 95357.63
1560476497.0660853 25.00 95355.46
1560476557.0949912 25.05 95356.55
1560476617.1238964 25.08 95357.41
1560476677.168402 25.12 95355.80
1560476737.1973073 25.13 95357.50
1560476797.2262125 25.10 95359.52
1560476857.2551181 25.06 95359.13
1560476917.2840235 25.07 95357.61
1560476977.312929 25.03 95360.24
1560477037.3574345 25.00 95358.39
1560477097.38634 25.03 95357.96
1560477157.4152453 25.03 95359.86
1560477217.4441507 25.12 95360.64
1560477277.4730563 25.08 95360.12
1560477337.5019617 25.07 95359.12
1560477397.530867 25.09 95361.16
1560477457.5753725 25.06 95358.92
1560477517.604278 24.97 95354.82
1560477577.6331835 25.05 95356.82
1560477637.6620889 25.10 95354.70
1560477697.6909943 25.10 95357.71
1560477757.7198997 25.08 95355.37
1560477817.7644053 25.05 95354.10
1560477877.7933106 25.06 95352.07
1560477937.8222163 25.08 95353.89
1560477997.8511214 25.09 95353.33
1560478057.8800268 25.07 95352.19
1560478117.9089324 24.99 95353.08
1560478177.9378378 25.01 95355.75
1560478237.9823434 25.10 95354.42
1560478298.0112486 25.11 95353.92
1560478358.0401542 25.13 95355.56
1560478418.0690596 25.07 95352.42
1560478478.097965 25.12 95355.03
1560478538.1268706 25.09 95350.11
1560478598.171376 25.10 95354.26
1560478658.2002814 25.09 95351.78
1560478718.2291868 25.07 95349.92
1560478778.2580924 25.08 95352.89
1560478838.2869978 25.06 95353.74
1560478898.315903 25.18 95353.74
1560478958.3448083 25.14 95354.66
1560479018.389314 25.12 95355.19
1560479078.4182196 25.11 95354.39
1560479138.447125 25.05 95354.00
1560479198.47603 24.99 95352.51
1560479258.5049357 25.01 95357.53
1560479318.5338411 25.04 95360.10
1560479378.5783465 25.07 95359.12
1560479438.6072521 25.01 95356.86
1560479498.6361575 24.97 95358.67
1560479558.665063 25.00 95357.36
1560479618.6939683 25.03 95362.38
1560479678.722874 25.08 95359.72
1560479738.7517793 25.06 95359.52
1560479798.7962847 25.02 95361.47
1560479858.82519 25.04 95359.05
1560479918.8540957 25.06 95360.76
1560479978.883001 25.01 95356.86
1560480038.9119062 25.06 95355.07
1560480098.9408119 25.10 95355.20
1560480158.9853175 24.99 95351.88
1560480219.0142229 25.09 95351.28
1560480279.0431283 25.02 95351.24
1560480339.0720336 25.00 95349.36
1560480399.100939 25.02 95352.81
1560480459.1298444 25.05 95350.86
1560480519.15875 25.03 95349.75
1560480579.1876554 25.02 95350.57
1560480639.2165608 25.06 95351.60
1560480699.2610662 25.09 95351.39
1560480759.2899718 25.10 95346.96
1560480819.3188772 25.12 95346.60
1560480879.3477826 25.12 95349.77
1560480939.3766882 25.10 95349.35
1560480999.4055936 25.09 95343.42
1560481059.450099 25.09 95346.94
1560481119.4790044 25.02 95344.57
1560481179.5079098 25.07 95344.00
1560481239.5368152 25.10 95343.28
1560481299.5657206 25.12 95342.64
1560481359.594626 25.12 95339.67
1560481419.6235316 25.14 95337.99
1560481479.6680372 25.15 95340.03
1560481539.6969423 25.10 95339.14
1560481599.7258477 25.09 95341.11
1560481659.7547534 25.12 95341.14
1560481719.7836587 25.20 95339.95
1560481779.8125641 25.19 95338.71
1560481839.8570695 25.12 95341.01
1560481899.8859751 25.18 95340.19
1560481959.9148805 25.18 95337.85
1560482019.943786 25.18 95338.85
1560482079.9726915 25.16 95343.71
1560482140.001597 25.11 95344.69
1560482200.030502 25.13 95341.50
1560482260.0750077 25.08 95342.78
1560482320.1039133 25.11 95344.69
1560482380.1328187 25.20 95339.44
1560482440.1617239 25.13 95344.52
1560482500.1906295 25.18 95341.19
1560482560.2195349 25.13 95345.55
1560482620.2484403 25.18 95345.21
1560482680.2929459 25.11 95349.21
1560482740.3218513 25.14 95347.60
1560482800.3507566 25.18 95349.39
1560482860.379662 25.19 95345.50
1560482920.4085677 25.25 95343.52
1560482980.4530728 25.27 95347.39
1560483040.4819784 25.27 95349.23
1560483100.5108838 25.26 95346.09
1560483160.5397892 25.21 95345.97
1560483220.5686948 25.23 95345.13
1560483280.5976002 25.20 95349.72
1560483340.6421056 25.22 95346.30
1560483400.671011 25.12 95346.19
1560483460.6999166 25.16 95349.36
1560483520.728822 25.14 95347.16
1560483580.7577274 25.17 95348.53
1560483640.7866328 25.13 95354.39
1560483700.8311384 25.15 95351.40
1560483760.8600438 25.16 95350.20
1560483820.888949 25.16 95349.96
1560483880.9178548 25.18 95348.11
1560483940.94676 25.17 95348.86
1560484000.9756653 25.13 95348.07
1560484061.004571 25.06 95343.07
1560484121.0490763 25.08 95344.67
1560484181.0779817 25.05 95343.30
1560484241.106887 25.00 95342.57
1560484301.1357927 25.04 95342.03
1560484361.1646981 25.11 95343.52
1560484421.1936035 25.04 95342.42
1560484481.2381089 25.10 95344.72
1560484541.2670145 25.11 95344.62
1560484601.29592 25.09 95344.46
1560484661.3248253 25.11 95340.74
1560484721.353731 25.17 95335.61
1560484781.3826363 25.17 95340.33
1560484841.4115415 25.14 95338.13
1560484901.456047 25.11 95338.50
1560484961.4849527 25.03 95339.66
1560485021.5138578 25.05 95334.03
1560485081.5427635 25.07 95341.82
1560485141.5716686 25.06 95340.12
1560485201.6005743 25.06 95337.85
1560485261.6450799 25.05 95338.28
1560485321.673985 25.07 95338.25
1560485381.7028904 25.07 95335.13
1560485441.731796 25.08 95336.33
1560485501.7607014 25.09 95335.42
1560485561.7896068 25.09 95336.07
1560485621.8185124 25.01 95336.08
1560485681.8630178 24.98 95333.41
1560485741.8919232 25.00 95338.06
1560485801.9208286 25.07 95337.24
1560485861.9497342 25.00 95339.80
1560485921.9786396 25.02 95333.24
1560485982.0075448 25.05 95332.57
1560486042.0520504 25.05 95333.42
1560486102.080956 25.06 95330.32
1560486162.1098614 25.11 95326.02
1560486222.1387665 25.04 95329.55
1560486282.1676722 24.99 95329.23
1560486342.1965775 25.07 95329.00
1560486402.225483 25.06 95327.47
1560486462.2699885 25.08 95325.66
1560486522.298894 25.06 95322.11
1560486582.3277993 25.08 95322.08
1560486642.3567047 25.11 95322.67
1560486702.3856103 25.13 95323.03
1560486762.4145157 25.07 95322.15
1560486822.4434211 24.98 95323.67
1560486882.4879265 25.03 95322.07
1560486942.516832 25.03 95319.92
1560487002.5457375 25.00 95317.75
1560487062.574643 25.03 95315.71
1560487122.6035485 25.03 95315.97
1560487182.6324537 25.03 95318.05
1560487242.6769593 25.02 95318.18
1560487302.7058647 25.08 95319.74
1560487362.73477 25.11 95319.46
1560487422.7636755 25.06 95318.10
1560487482.7925808 25.08 95318.47
1560487542.8214862 25.06 95314.76
1560487602.8503919 25.09 95314.99
1560487662.8948975 25.11 95313.61
1560487722.9238026 25.11 95317.82
1560487782.952708 25.08 95315.22
1560487842.9816136 25.05 95314.69
1560487903.010519 25.08 95316.89
1560487963.0394244 25.05 95315.19
1560488023.06833 25.04 95311.59
1560488083.1128354 25.07 95315.50
1560488143.1417408 25.01 95312.16
1560488203.1706462 25.01 95310.52
1560488263.1995516 24.98 95317.96
1560488323.2284572 24.98 95315.99
1560488383.2573624 24.99 95312.84
1560488443.286268 24.95 95321.11
1560488503.3307736 25.08 95314.55
1560488563.3596787 25.05 95313.46
1560488623.3885841 25.05 95314.69
1560488683.4174898 25.16 95312.42
1560488743.4463952 25.23 95312.33
1560488803.4753006 25.18 95318.88
1560488863.5198061 25.18 95319.94
1560488923.5487115 25.15 95324.30
1560488983.577617 25.18 95319.38
1560489043.6065223 25.19 95324.83
1560489103.635428 25.20 95323.32
1560489163.6643333 25.14 95318.99
1560489223.7088387 25.10 95320.14
1560489283.722144 25.08 95321.17
1560489343.7666495 25.09 95325.19
1560489403.795555 25.09 95324.02
1560489463.8244603 25.08 95324.79
1560489523.853366 25.06 95326.24
1560489583.8822713 25.03 95322.93
1560489643.9111767 25.02 95324.21
1560489703.9556823 25.06 95324.80
1560489763.9845874 25.05 95319.88
1560489824.013493 25.03 95325.74
1560489884.0423985 25.01 95327.42
1560489944.0713038 24.95 95327.76
1560490004.1002095 24.93 95324.09
1560490064.1291149 24.96 95327.60
1560490124.1736202 24.97 95325.72
1560490184.2025256 24.99 95321.77
1560490244.2314312 25.03 95320.82
1560490304.2603366 25.05 95327.94
1560490364.289242 25.05 95329.28
1560490424.3181474 25.08 95330.01
1560490484.3470528 25.08 95328.07
1560490544.3915584 25.11 95328.89
1560490604.4204638 25.06 95327.17
1560490664.4493692 25.08 95327.03
1560490724.4782748 25.04 95329.14
1560490784.50718 24.97 95327.63
1560490844.5360856 25.00 95324.94
1560490904.5805912 24.98 95325.92
1560490964.6094964 24.91 95325.67
1560491024.6384017 24.97 95325.11
1560491084.6673074 24.99 95317.12
1560491144.6962128 25.02 95322.80
1560491204.7251182 25.03 95316.24
1560491264.7540238 25.01 95320.42
1560491324.798529 25.01 95316.78
1560491384.8274345 25.03 95317.21
1560491444.85634 25.00 95317.55
1560491504.8852453 25.05 95325.83
1560491564.914151 25.07 95322.69
1560491624.943056 24.99 95322.14
1560491684.9719615 25.01 95319.46
1560491745.016467 24.99 95323.94
1560491805.0453727 25.01 95323.87
1560491865.0742779 25.05 95319.47
1560491925.1031833 25.02 95325.54
1560491985.132089 24.97 95323.88
1560492045.1609943 25.00 95319.42
1560492105.1898997 24.88 95320.58
1560492165.234405 24.90 95320.28
1560492225.2633107 24.87 95320.52
1560492285.292216 24.95 95322.08
1560492345.3211215 24.96 95324.55
1560492405.350027 24.91 95323.89
1560492465.3789325 24.92 95320.67
1560492525.4078376 24.92 95316.66
1560492585.4523432 24.98 95323.17
1560492645.4812489 24.99 95316.72
1560492705.510154 24.97 95321.21
1560492765.5390596 25.00 95315.64
1560492825.567965 24.97 95314.08
1560492885.5968704 24.95 95314.89
1560492945.6257758 24.94 95316.36
1560493005.6702814 24.90 95317.50
1560493065.6991868 24.91 95320.42
1560493125.7280922 24.96 95321.07
1560493185.7569976 24.97 95316.58
1560493245.7859032 24.95 95320.07
1560493305.8148086 25.02 95317.52
1560493365.859314 24.98 95321.84
1560493425.8882194 24.87 95321.02
1560493485.9171247 24.83 95318.99
1560493545.9460304 24.79 95320.07
1560493605.9749358 24.85 95318.42
1560493666.0038412 24.91 95318.47
1560493726.0327466 24.99 95316.18
1560493786.0772521 24.98 95319.22
1560493846.1061575 25.01 95319.72
1560493906.1350627 24.97 95316.19
1560493966.1639686 24.92 95318.50
1560494026.1928737 24.86 95318.82
1560494086.221779 24.89 95319.61
1560494146.2506847 24.92 95318.60
1560494206.29519 24.93 95320.31
1560494266.3240955 24.94 95318.60
1560494326.3530009 24.92 95318.27
1560494386.3819065 24.90 95319.08
1560494446.410812 24.84 95319.13
1560494506.4397173 24.92 95316.66
1560494566.468623 24.94 95314.28
1560494626.5131283 24.96 95313.72
1560494686.5420337 24.89 95314.70
1560494746.570939 24.91 95316.64
1560494806.5998447 24.98 95309.63
1560494866.62875 24.93 95313.66
1560494926.6576552 24.91 95311.96
1560494986.6865609 24.99 95310.60
1560495046.7310665 25.00 95306.45
1560495106.7599716 24.96 95306.19
1560495166.7888772 24.89 95309.32
1560495226.8177826 24.91 95309.61
1560495286.846688 24.94 95309.10
1560495346.8755934 24.88 95309.78
1560495406.904499 24.89 95308.64
1560495466.9490042 24.88 95309.85
1560495526.9779098 24.90 95309.91
1560495587.0068152 24.89 95309.01
1560495647.0357206 24.93 95306.03
1560495707.0646262 24.95 95306.02
1560495767.0935314 24.92 95308.64
1560495827.1224372 24.89 95304.23
1560495887.1669424 24.83 95306.14
1560495947.195848 24.85 95301.80
1560496007.2247534 24.84 95303.41
1560496067.2536585 24.86 95303.83
1560496127.2825642 24.85 95306.11
1560496187.3114696 24.85 95304.88
1560496247.340375 24.86 95307.28
1560496307.3848803 24.91 95302.82
1560496367.413786 24.86 95304.84
1560496427.4426913 24.86 95302.26
1560496487.4715967 24.88 95302.32
1560496547.5005023 24.91 95299.74
1560496607.5294077 24.87 95302.30
1560496667.5583131 24.87 95304.47
1560496727.6028185 24.87 95303.13
1560496787.631724 24.85 95305.14
1560496847.6606295 24.84 95305.78
1560496907.689535 24.82 95308.10
1560496967.7184403 24.84 95306.58
1560497027.747346 24.86 95305.71
1560497087.776251 24.79 95306.75
1560497147.8051567 24.81 95309.07
1560497207.834062 24.76 95304.82
1560497267.8785675 24.81 95305.18
1560497327.9074728 24.78 95306.49
1560497387.9363785 24.82 95306.92
1560497447.9652839 24.80 95309.50
1560497507.9941893 24.81 95309.39
1560497568.023095 24.83 95312.00
1560497628.052 24.77 95312.55
1560497688.0965056 24.74 95313.89
1560497748.125411 24.76 95313.17
1560497808.1543164 24.77 95316.25
1560497868.183222 24.76 95314.35
1560497928.2121272 24.81 95314.82
1560497988.2410326 24.81 95314.25
1560498048.2699382 24.84 95316.32
1560498108.3144438 24.82 95313.35
1560498168.343349 24.82 95316.02
1560498228.3722544 24.83 95314.85
1560498288.40116 24.81 95312.97
1560498348.4300654 24.80 95313.82
1560498408.4589708 24.80 95310.13
1560498468.4878764 24.83 95312.24
1560498528.5323818 24.82 95310.03
1560498588.5612872 24.78 95313.14
1560498648.5901926 24.75 95311.75
1560498708.6190982 24.75 95313.18
1560498768.6480036 24.71 95311.65
1560498828.6769087 24.78 95312.98
1560498888.7058146 24.82 95310.74
1560498948.75032 24.81 95315.55
1560499008.7792253 24.79 95311.61
1560499068.8081307 24.74 95314.05
1560499128.8370361 24.79 95309.71
1560499188.8659415 24.72 95311.68
1560499248.894847 24.74 95313.89
1560499308.9237525 24.69 95310.52
1560499368.952658 24.73 95312.62
1560499428.9971633 24.77 95315.36
1560499489.0260687 24.77 95319.53
1560499549.0549743 24.81 95319.96
1560499609.0838797 24.78 95322.88
1560499669.112785 24.74 95321.64
1560499729.1416907 24.80 95324.82
1560499789.170596 24.77 95322.71
1560499849.2151015 24.71 95326.16
1560499909.2440069 24.74 95325.03
1560499969.2729125 24.84 95325.14
1560500029.3018177 24.83 95328.56
1560500089.330723 24.82 95331.90
1560500149.3596284 24.77 95332.81
1560500209.388534 24.78 95336.05
1560500269.4330397 24.79 95338.63
1560500329.4619448 24.80 95339.00
1560500389.4908502 24.75 95340.94
1560500449.5197558 24.77 95338.80
1560500509.5486612 24.77 95341.38
1560500569.5775666 24.80 95343.51
1560500629.6064723 24.82 95345.28
1560500689.6509776 24.79 95347.16
1560500749.679883 24.74 95349.07
1560500809.7087884 24.70 95347.83
1560500869.737694 24.79 95352.07
1560500929.7665994 24.77 95354.14
1560500989.7955046 24.74 95354.82
1560501049.8244102 24.69 95353.08
1560501109.8689158 24.73 95359.67
1560501169.8978212 24.65 95357.97
1560501229.9267263 24.67 95358.63
1560501289.955632 24.67 95360.80
1560501349.9845374 24.74 95361.94
1560501410.0134428 24.72 95363.61
1560501470.0423484 24.66 95359.71
1560501530.0712538 24.62 95357.07
1560501590.1157591 24.63 95359.61
1560501650.1446645 24.65 95361.98
1560501710.1735702 24.66 95364.32
1560501770.2024755 24.66 95361.82
1560501830.231381 24.64 95364.35
1560501890.260286 24.71 95364.92
1560501950.2891917 24.74 95363.82
1560502010.3336973 24.74 95363.55
1560502070.3626025 24.69 95361.54
1560502130.3915083 24.66 95361.27
1560502190.4204135 24.71 95362.28
1560502250.449319 24.67 95364.14
1560502310.4782243 24.69 95363.38
1560502370.50713 24.76 95363.61
1560502430.5516353 24.77 95368.29
1560502490.5805407 24.72 95367.59
1560502550.609446 24.75 95367.42
1560502610.6383517 24.67 95365.99
1560502670.667257 24.67 95369.63
1560502730.6961625 24.61 95373.88
1560502790.7250679 24.64 95372.10
1560502850.7695735 24.72 95371.77
1560502910.7984788 24.74 95373.97
1560502970.8273842 24.74 95373.04
1560503030.8562899 24.75 95374.61
1560503090.885195 24.72 95377.78
1560503150.9141004 24.69 95374.71
1560503210.943006 24.75 95381.64
1560503270.9719114 24.75 95380.80
1560503331.016417 24.81 95383.27
1560503391.0453222 24.72 95380.74
1560503451.0742278 24.80 95381.74
1560503511.1031332 24.72 95385.75
1560503571.1320386 24.68 95387.49
1560503631.1609442 24.67 95384.54
1560503691.1898496 24.72 95384.58
1560503751.234355 24.70 95388.09
1560503811.2476604 24.74 95391.97
1560503871.292166 24.69 95393.03
1560503931.3210711 24.71 95395.14
1560503991.3499765 24.75 95395.11
1560504051.378882 24.75 95393.50
1560504111.4077876 24.71 95393.57
1560504171.436693 24.71 95392.30
1560504231.4655983 24.68 95397.42
1560504291.5101037 24.63 95398.56
1560504351.5390093 24.63 95397.96
1560504411.5679147 24.64 95400.52
1560504471.59682 24.68 95401.50
1560504531.6257257 24.67 95400.53
1560504591.6546311 24.62 95406.01
1560504651.6835363 24.60 95406.41
1560504711.712442 24.68 95403.30
1560504771.7569475 24.63 95406.38
1560504831.785853 24.63 95409.32
1560504891.8147583 24.59 95413.33
1560504951.8436637 24.59 95409.96
1560505011.872569 24.60 95413.60
1560505071.9014745 24.65 95410.25
1560505131.93038 24.64 95408.55
1560505191.9748855 24.68 95409.72
1560505252.0037909 24.63 95408.08
1560505312.0326962 24.65 95411.00
1560505372.0616019 24.71 95414.47
1560505432.0905073 24.74 95414.21
1560505492.1194124 24.71 95415.07
1560505552.1483183 24.63 95418.28
1560505612.1772234 24.58 95418.44
1560505672.221729 24.55 95422.35
1560505732.2506344 24.53 95422.22
1560505792.2795398 24.49 95419.14
1560505852.3084452 24.56 95422.96
1560505912.3373506 24.64 95422.10
1560505972.3662562 24.61 95423.80
1560506032.3951616 24.65 95421.96
1560506092.439667 24.66 95427.07
1560506152.4685724 24.63 95427.78
1560506212.4974778 24.68 95426.94
1560506272.5263834 24.69 95426.71
1560506332.5552888 24.66 95431.08
1560506392.5841944 24.64 95428.55
1560506452.6130998 24.65 95430.96
1560506512.642005 24.66 95432.36
1560506572.6865106 24.71 95436.34
1560506632.715416 24.70 95437.91
1560506692.7443213 24.67 95442.89
1560506752.773227 24.66 95443.29
1560506812.8021321 24.71 95445.74
1560506872.8310378 24.69 95447.21
1560506932.8599432 24.67 95448.61
1560506992.9044485 24.67 95447.53
1560507052.933354 24.64 95454.02
1560507112.9622595 24.72 95453.69
1560507172.991165 24.72 95453.46
1560507233.0200703 24.73 95455.53
1560507293.048976 24.71 95457.07
1560507353.077881 24.66 95456.33
1560507413.1067867 24.67 95455.10
1560507473.151292 24.71 95458.91
1560507533.1801977 24.66 95459.17
1560507593.209103 24.67 95455.30
1560507653.2380083 24.69 95457.07
1560507713.266914 24.64 95458.46
1560507773.2958193 24.62 95462.61
1560507833.3247247 24.67 95460.41
1560507893.36923 24.68 95465.63
1560507953.3981357 24.71 95467.14
1560508013.427041 24.68 95461.95
1560508073.4559464 24.67 95469.24
1560508133.484852 24.65 95468.24
1560508193.5137575 24.69 95471.67
1560508253.5426629 24.69 95468.44
1560508313.5715685 24.67 95471.61
1560508373.6160738 24.69 95474.86
1560508433.6449792 24.68 95475.05
1560508493.6738846 24.64 95473.92
1560508553.7027898 24.67 95474.92
1560508613.7316957 24.70 95474.60
1560508673.7606008 24.66 95477.89
1560508733.7895062 24.63 95475.75
1560508793.8340118 24.62 95481.33
1560508853.8629172 24.63 95478.63
1560508913.8918226 24.57 95480.79
1560508973.920728 24.63 95481.81
1560509033.9496336 24.65 95483.98
1560509093.978539 24.64 95485.45
1560509154.0074444 24.61 95487.28
1560509214.0363498 24.63 95490.00
1560509274.0808554 24.67 95490.71
1560509334.1097608 24.64 95493.80
1560509394.1386662 24.63 95498.69
1560509454.1675718 24.69 95497.60
1560509514.196477 24.77 95499.28
1560509574.2253823 24.72 95501.05
1560509634.254288 24.66 95501.80
1560509694.2987936 24.67 95503.51
1560509754.3276987 24.72 95508.13
1560509814.3566043 24.71 95506.99
1560509874.3855097 24.75 95507.36
1560509934.4144151 24.78 95510.11
1560509994.4433205 24.76 95511.78
1560510054.4722261 24.76 95513.19
1560510114.5167315 24.77 95517.03
1560510174.545637 24.67 95515.55
1560510234.5745423 24.68 95518.69
1560510294.603448 24.69 95520.42
1560510354.6323533 24.73 95522.28
1560510414.6612585 24.70 95522.41
1560510474.6901643 24.67 95526.02
1560510534.7190695 24.69 95526.55
1560510594.7479749 24.66 95522.53
1560510654.7768805 24.71 95527.56
1560510714.8213856 24.71 95527.66
1560510774.8502913 24.73 95525.32
1560510834.8791966 24.75 95528.60
1560510894.908102 24.68 95531.20
1560510954.9370077 24.68 95533.44
1560511014.965913 24.69 95534.91
1560511074.9948182 24.70 95536.02
1560511135.0393238 24.69 95536.72
1560511195.0682294 24.72 95540.07
1560511255.0971348 24.74 95540.44
1560511315.1260402 24.74 95545.19
1560511375.1549456 24.78 95543.59
1560511435.183851 24.79 95547.71
1560511495.2127564 24.73 95548.80
1560511555.257262 24.80 95553.13
1560511615.2861674 24.79 95552.99
1560511675.315073 24.80 95552.53
1560511735.3439782 24.77 95556.53
1560511795.3728838 24.78 95556.71
1560511855.4017892 24.79 95557.34
1560511915.4306946 24.89 95558.19
1560511975.4752 24.86 95558.19
1560512035.5041056 24.86 95562.40
1560512095.533011 24.82 95561.42
1560512155.5619164 24.81 95560.28
1560512215.590822 24.87 95565.17
1560512275.6197271 24.90 95565.46
1560512335.6486325 24.88 95567.66
1560512395.6931381 24.85 95570.92
1560512455.7220438 24.88 95568.42
1560512515.7509491 24.88 95566.72
1560512575.7798543 24.85 95570.69
1560512635.8087597 24.79 95572.85
1560512695.8376653 24.74 95571.81
1560512755.8665707 24.76 95571.44
1560512815.911076 24.84 95574.41
1560512875.9399815 24.80 95576.21
1560512935.968887 24.78 95572.99
1560512995.9977925 24.74 95575.89
1560513056.0266979 24.71 95578.46
1560513116.0556035 24.84 95575.64
1560513176.0845087 24.93 95578.38
1560513236.1290143 24.93 95580.35
1560513296.1579196 24.92 95577.90
1560513356.1868253 24.87 95584.02
1560513416.2157307 24.85 95581.53
1560513476.2446358 24.90 95580.82
1560513536.2735415 24.86 95584.45
1560513596.3024468 24.90 95584.78
1560513656.3469522 24.93 95586.50
1560513716.3758578 24.94 95590.25
1560513776.4047632 24.89 95586.69
1560513836.4336686 24.90 95591.28
1560513896.462574 24.90 95584.19
1560513956.4914796 24.92 95587.87
1560514016.520385 24.85 95589.32
1560514076.5648904 24.81 95592.72
1560514136.5937958 24.81 95589.11
1560514196.6227014 24.90 95588.50
1560514256.6516068 24.89 95590.44
1560514316.6805122 24.92 95595.90
1560514376.7094176 24.88 95596.03
1560514436.738323 24.88 95598.50
1560514496.7828286 24.88 95595.19
1560514556.811734 24.87 95593.05
1560514616.8406396 24.90 95595.89
1560514676.8695447 24.88 95598.36
1560514736.8984501 24.87 95596.96
1560514796.9273558 24.84 95599.89
1560514856.9562612 24.77 95599.67
1560514917.0007668 24.74 95598.46
1560514977.029672 24.71 95603.24
1560515037.0585773 24.75 95602.94
1560515097.087483 24.81 95603.10
1560515157.1163883 24.82 95605.53
1560515217.1452937 24.82 95603.13
1560515277.1741993 24.84 95608.09
1560515337.2187047 24.87 95603.64
1560515397.24761 24.86 95606.75
1560515457.2765155 24.85 95603.53
1560515517.305421 24.90 95603.75
1560515577.3343263 24.91 95604.63
1560515637.3632317 24.95 95606.78
1560515697.3921373 24.90 95607.67
1560515757.436643 24.89 95609.47
1560515817.4655483 24.91 95608.47
1560515877.4944534 24.93 95611.46
1560515937.523359 24.93 95613.93
1560515997.5522645 24.85 95612.17
1560516057.5811698 24.91 95611.55
1560516117.6100755 24.86 95612.78
1560516177.6545808 24.89 95611.82
1560516237.6834862 24.90 95612.46
1560516297.7123916 24.90 95610.21
1560516357.7412972 24.93 95609.17
1560516417.7702026 24.90 95615.89
1560516477.799108 24.94 95616.57
1560516537.8436134 24.93 95613.83
1560516597.872519 24.87 95615.52
1560516657.9014244 24.85 95614.91
1560516717.9303296 24.87 95618.36
1560516777.959235 24.86 95621.57
1560516837.9881406 24.82 95616.85
1560516898.017046 24.84 95620.13
1560516958.0615516 24.88 95616.26
1560517018.0904567 24.91 95617.10
1560517078.1193624 24.95 95614.33
1560517138.1482677 24.91 95618.28
1560517198.1771731 24.86 95618.10
1560517258.2060788 24.88 95618.23
1560517318.2349842 24.88 95618.00
1560517378.2794895 24.96 95616.78
1560517438.308395 25.03 95616.46
1560517498.3373005 24.99 95619.17
1560517558.366206 24.90 95615.86
1560517618.3951113 24.89 95614.22
1560517678.424017 24.86 95608.86
1560517738.452922 24.88 95604.61
1560517798.4974277 24.91 95603.46
1560517858.526333 24.89 95601.58
1560517918.5552385 25.00 95600.44
1560517978.5841439 24.99 95598.69
1560518038.6130493 25.00 95595.58
1560518098.641955 24.90 95592.62
1560518158.6708603 24.88 95589.43
1560518218.6997657 24.93 95587.61
1560518278.744271 24.87 95588.46
1560518338.7731767 24.86 95587.12
1560518398.802082 24.93 95584.26
1560518458.8309875 24.94 95587.64
1560518518.859893 25.01 95584.58
1560518578.8887982 24.96 95583.39
1560518638.9333038 24.97 95584.53
1560518698.9622092 24.99 95587.08
1560518758.9911149 24.96 95585.44
1560518819.0200202 24.92 95585.29
1560518879.0489254 24.97 95582.86
1560518939.077831 25.05 95581.21
1560518999.1067364 25.01 95584.64
1560519059.151242 24.94 95579.85
1560519119.1801472 24.89 95579.60
1560519179.2090526 24.91 95583.62
1560519239.2379582 24.90 95576.96
1560519299.2668636 24.90 95574.92
1560519359.295769 24.92 95576.10
1560519419.3402743 24.93 95571.48
1560519479.36918 25.03 95573.50
1560519539.3980854 25.08 95572.51
1560519599.4269907 25.09 95573.99
1560519659.4558964 25.15 95571.75
1560519719.4848018 25.20 95569.78
1560519779.513707 25.22 95572.52
1560519839.5582125 25.27 95568.44
1560519899.5871181 25.22 95570.28
1560519959.6160235 25.15 95571.02
1560520019.644929 25.14 95568.14
1560520079.6738343 25.05 95566.42
1560520139.7027397 25.03 95565.88
1560520199.7472453 25.06 95564.35
1560520259.7761507 25.08 95562.30
1560520319.805056 25.04 95559.99
1560520379.8339615 25.09 95558.57
1560520439.8628669 25.15 95557.02
1560520499.8917725 25.16 95553.32
1560520559.936278 25.18 95552.28
1560520619.9651833 25.26 95551.35
1560520679.9940886 25.22 95553.88
1560520740.0229943 25.16 95553.58
1560520800.0518997 25.09 95555.14
1560520860.080805 25.12 95552.78
1560520920.1097107 25.13 95556.49
1560520980.154216 25.08 95552.67
1560521040.1831214 25.18 95554.05
1560521100.2120268 25.15 95553.17
1560521160.240932 25.22 95550.21
1560521220.2698379 25.21 95543.54
1560521280.298743 25.22 95542.44
1560521340.3432486 25.29 95543.31
1560521400.372154 25.25 95546.32
1560521460.4010594 25.19 95544.55
1560521520.4299648 25.26 95538.59
1560521580.4588702 25.28 95536.82
1560521640.4877758 25.29 95532.07
1560521700.5322812 25.28 95527.85
1560521760.5611866 25.31 95534.00
1560521820.590092 25.30 95528.45
1560521880.6189976 25.24 95525.88
1560521940.647903 25.16 95524.23
1560522000.6768084 25.19 95521.69
1560522060.7213137 25.17 95518.75
1560522120.7502193 25.15 95519.04
1560522180.7791247 25.25 95515.30
1560522240.8080301 25.25 95516.91
1560522300.8369358 25.27 95517.07
1560522360.865841 25.30 95516.07
1560522420.9103465 25.26 95509.57
1560522480.939252 25.29 95509.67
1560522540.9681575 25.28 95507.16
1560522600.997063 25.33 95507.53
1560522661.025968 25.26 95504.59
1560522721.0548737 25.25 95504.58
1560522781.0993793 25.21 95504.89
1560522841.1282847 25.19 95500.44
1560522901.1571898 25.21 95502.82
1560522961.1860955 25.23 95499.24
1560523021.2150009 25.22 95502.11
1560523081.2439063 25.28 95495.99
1560523141.2884119 25.25 95500.67
1560523201.317317 25.27 95496.32
1560523261.3462226 25.26 95491.60
1560523321.375128 25.29 95488.28
1560523381.4040334 25.21 95488.33
1560523441.432939 25.23 95490.03
1560523501.4774444 25.21 95485.14
1560523561.5063498 25.21 95483.07
1560523621.5352552 25.20 95482.24
1560523681.5641608 25.30 95472.60
1560523741.593066 25.27 95477.51
1560523801.6219716 25.21 95475.81
1560523861.666477 25.24 95478.85
1560523921.6953826 25.28 95469.78
1560523981.724288 25.29 95464.22
1560524041.7531934 25.25 95466.53
1560524101.7820988 25.21 95473.70
1560524161.8110042 25.30 95466.70
1560524221.8555098 25.32 95463.38
1560524281.884415 25.30 95462.38
1560524341.9133208 25.27 95458.10
1560524401.942226 25.24 95461.28
1560524461.9711313 25.27 95461.95
1560524522.000037 25.28 95459.64
1560524582.0445423 25.25 95457.50
1560524642.0734477 25.26 95456.73
1560524702.102353 25.22 95453.58
1560524762.1312587 25.16 95456.94
1560524822.160164 25.22 95453.49
1560524882.1890695 25.25 95445.78
1560524942.2335749 25.20 95445.28
1560525002.2624805 25.28 95448.36
1560525062.291386 25.27 95445.22
1560525122.3202913 25.25 95443.41
1560525182.349197 25.26 95439.46
1560525242.378102 25.27 95439.42
1560525302.4226077 25.30 95438.58
1560525362.451513 25.20 95436.99
1560525422.4804184 25.24 95434.85
1560525482.5093238 25.30 95435.57
1560525542.5382292 25.24 95432.60
1560525602.5671346 25.22 95431.30
1560525662.6116402 25.23 95431.20
1560525722.6405458 25.17 95432.25
1560525782.669451 25.18 95431.44
1560525842.6983564 25.21 95434.05
1560525902.727262 25.27 95427.21
1560525962.7561674 25.23 95425.04
1560526022.800673 25.22 95425.95
1560526082.8295782 25.18 95421.90
1560526142.8584838 25.17 95425.46
1560526202.8873892 25.14 95417.69
1560526262.9162946 25.13 95416.99
1560526322.9452002 25.10 95415.66
1560526382.9897056 25.11 95410.50
1560526443.018611 25.17 95411.57
1560526503.0475163 25.18 95408.55
1560526563.076422 25.27 95406.63
1560526623.1053274 25.29 95403.27
1560526683.1342325 25.22 95404.89
1560526743.178738 25.18 95402.13
1560526803.2076437 25.16 95402.00
1560526863.2365491 25.13 95399.92
1560526923.2654545 25.17 95393.86
1560526983.29436 25.11 95397.09
1560527043.3232653 25.16 95392.89
1560527103.3521707 25.18 95390.61
1560527163.396676 25.26 95390.16
1560527223.425582 25.24 95388.10
1560527283.454487 25.20 95388.71
1560527343.4833925 25.18 95386.20
1560527403.5122979 25.19 95384.16
1560527463.5412035 25.21 95386.13
1560527523.5857089 25.20 95382.11
1560527583.6146142 25.18 95382.78
1560527643.6435196 25.18 95379.61
1560527703.6724253 25.23 95373.57
1560527763.7013307 25.23 95373.14
1560527823.7302358 25.25 95377.82
1560527883.7747414 25.23 95376.38
1560527943.803647 25.19 95375.85
1560528003.8325524 25.18 95374.72
1560528063.8614578 25.17 95373.11
1560528123.8903632 25.25 95371.49
1560528183.9192686 25.27 95374.27
1560528243.9637742 25.33 95372.77
1560528303.9926796 25.27 95372.66
1560528364.021585 25.34 95366.85
1560528424.0504904 25.35 95367.98
1560528484.0793958 25.41 95366.92
1560528544.1083014 25.40 95364.05
1560528604.1372068 25.41 95361.50
1560528664.1817122 25.41 95355.88
1560528724.2106175 25.38 95362.25
1560528784.2395232 25.38 95356.78
1560528844.2684286 25.44 95356.44
1560528904.297334 25.40 95355.48
1560528964.3262396 25.36 95351.64
1560529024.370745 25.33 95352.02
1560529084.3996503 25.37 95351.50
1560529144.4285557 25.23 95349.58
1560529204.4574614 25.26 95345.99
1560529264.4863667 25.25 95343.52
1560529324.515272 25.26 95344.61
1560529384.5597775 25.27 95341.24
1560529444.588683 25.30 95342.03
1560529504.6175885 25.40 95341.52
1560529564.6464937 25.36 95340.00
1560529624.675399 25.29 95342.74
1560529684.7043047 25.24 95339.74
1560529744.74881 25.23 95336.89
1560529804.7777157 25.24 95333.38
1560529864.8066208 25.32 95334.85
1560529924.8355265 25.31 95332.69
1560529984.8644319 25.31 95332.19
1560530044.8933372 25.33 95332.67
1560530104.9378426 25.34 95335.22
1560530164.9667482 25.32 95333.89
1560530224.9956536 25.41 95329.53
1560530285.024559 25.42 95334.85
1560530345.0534647 25.41 95328.53
1560530405.0823698 25.30 95326.70
1560530465.1268754 25.31 95328.00
1560530525.1557808 25.35 95325.14
1560530585.1846864 25.32 95327.06
1560530645.2135918 25.31 95326.26
1560530705.2424972 25.25 95323.94
1560530765.2714026 25.23 95320.53
1560530825.3159082 25.28 95318.27
1560530885.3448136 25.34 95319.42
1560530945.3737187 25.35 95317.34
1560531005.4026246 25.38 95316.60
1560531065.4315298 25.36 95314.42
1560531125.4604352 25.31 95316.46
1560531185.5049407 25.29 95311.88
1560531245.533846 25.33 95312.16
1560531305.5627515 25.29 95311.61
1560531365.591657 25.34 95310.22
1560531425.6205623 25.42 95311.05
1560531485.649468 25.33 95310.59
1560531545.6939733 25.35 95313.19
1560531605.7228787 25.34 95309.71
1560531665.751784 25.33 95307.71
1560531725.7806897 25.24 95308.01
1560531785.809595 25.19 95310.30
1560531845.8385005 25.12 95310.02
1560531905.8830059 25.12 95310.53
1560531965.9119115 25.13 95306.71
1560532025.9408169 25.13 95305.81
1560532085.9697223 25.11 95303.77
1560532145.9986277 25.17 95303.58
1560532206.027533 25.08 95304.58
1560532266.0720387 25.10 95303.67
1560532326.1009438 25.07 95299.00
1560532386.1298497 25.08 95300.17
1560532446.1587548 25.10 95301.00
1560532506.1876602 25.11 95302.71
1560532566.2165658 25.10 95298.32
1560532626.2610712 25.22 95300.06
1560532686.2899766 25.20 95300.70
1560532746.318882 25.17 95300.91
1560532806.3477876 25.19 95298.49
1560532866.376693 25.24 95294.66
1560532926.4055984 25.18 95296.05
1560532986.4501038 25.16 95294.99
1560533046.4790094 25.24 95294.13
1560533106.5079148 25.25 95294.69
1560533166.5368202 25.24 95293.72
1560533226.5657258 25.29 95293.81
1560533286.5946312 25.23 95290.02
1560533346.6391366 25.14 95289.77
1560533406.668042 25.10 95288.28
1560533466.6969476 25.10 95285.77
1560533526.7258527 25.06 95285.52
1560533586.7547584 25.07 95288.06
1560533646.7836635 25.04 95287.24
1560533706.8125691 25.02 95287.64
1560533766.8570747 24.96 95280.57
1560533826.88598 24.97 95283.31
1560533886.9148853 25.01 95282.83
1560533946.943791 25.02 95281.49
1560534006.9726963 25.05 95277.77
1560534067.0016017 25.08 95280.43
1560534127.046107 25.08 95276.21
1560534187.0750127 25.06 95276.89
1560534247.103918 25.10 95277.21
1560534307.1328235 25.11 95279.85
1560534367.161729 25.14 95277.50
1560534427.1906345 25.18 95279.33
1560534487.2351398 25.21 95280.61
1560534547.2640452 25.18 95272.77
1560534607.2929509 25.16 95274.67
1560534667.3218563 25.15 95275.66
1560534727.3507614 25.07 95268.82
1560534787.379667 25.06 95271.21
1560534847.4241726 25.04 95266.60
1560534907.453078 25.04 95269.43
1560534967.4819834 25.07 95266.94
1560535027.5108888 25.08 95267.08
1560535087.5397942 25.08 95263.33
1560535147.5686996 25.06 95265.58
1560535207.613205 25.07 95265.82
1560535267.6421108 25.10 95264.77
1560535327.671016 25.09 95265.17
1560535387.6999214 25.03 95261.00
1560535447.7288268 25.07 95263.94
1560535507.7577324 25.06 95259.16
1560535567.7866378 25.11 95261.25
1560535627.8311431 25.07 95262.13
1560535687.8600485 25.14 95258.80
1560535747.8889542 25.15 95257.72
1560535807.9178596 25.22 95256.99
1560535867.946765 25.22 95255.55
1560535927.9756703 25.19 95254.42
1560535988.020176 25.17 95252.46
1560536048.0490813 25.14 95258.13
1560536108.0779867 25.17 95254.33
1560536168.1068923 25.13 95254.61
1560536228.1357975 25.09 95249.78
1560536288.164703 25.09 95255.36
1560536348.2092085 25.07 95254.50
1560536408.2381139 25.10 95250.98
1560536468.2670195 25.07 95253.23
1560536528.2959247 25.04 95249.77
1560536588.3248303 25.08 95248.88
1560536648.3537357 25.07 95252.33
1560536708.398241 25.09 95250.75
1560536768.4271464 25.09 95246.27
1560536828.456052 25.08 95247.71
1560536888.4849575 25.09 95245.43
1560536948.5138628 25.07 95244.40
1560537008.5427685 25.13 95242.00
1560537068.5872738 25.14 95240.60
1560537128.6161792 25.16 95240.32
1560537188.6450846 25.15 95241.10
1560537248.6739902 25.20 95242.67
1560537308.7028956 25.16 95238.88
1560537368.731801 25.14 95241.13
1560537428.7607062 25.16 95237.53
1560537488.805212 25.21 95237.96
1560537548.8341174 25.26 95239.44
1560537608.8630226 25.27 95239.46
1560537668.8919284 25.26 95238.10
1560537728.9208336 25.18 95236.89
1560537788.949739 25.23 95239.68
1560537848.9942446 25.20 95237.28
1560537909.0231497 25.27 95237.96
1560537969.0520554 25.28 95238.13
1560538029.0809608 25.21 95237.96
1560538089.1098661 25.25 95236.03
1560538149.1387718 25.22 95235.21
1560538209.1832771 25.21 95236.01
1560538269.2121825 25.22 95237.71
1560538329.241088 25.32 95236.73
1560538389.2699935 25.36 95236.35
1560538449.298899 25.24 95233.39
1560538509.3278043 25.21 95234.10
1560538569.3723097 25.20 95234.21
1560538629.4012153 25.22 95232.07
1560538689.4301207 25.21 95233.33
1560538749.459026 25.22 95230.46
1560538809.4879315 25.25 95234.46
1560538869.516837 25.24 95233.16
1560538929.5613425 25.20 95237.49
1560538989.5902476 25.27 95235.11
1560539049.6191535 25.22 95234.41
1560539109.6480587 25.19 95234.75
1560539169.676964 25.14 95238.08
1560539229.7058697 25.22 95234.80
1560539289.7503748 25.19 95236.59
1560539349.7792804 25.24 95236.39
1560539409.8081858 25.24 95237.34
1560539469.8370914 25.25 95236.46
1560539529.8659968 25.22 95236.41
1560539589.8949022 25.22 95235.87
1560539649.9394076 25.28 95235.85
1560539709.968313 25.25 95236.76
1560539769.9972186 25.26 95238.03
1560539830.026124 25.29 95239.89
1560539890.0550294 25.32 95238.63
1560539950.083935 25.33 95238.80
1560540010.1284404 25.33 95237.36
1560540070.1573458 25.25 95239.21
1560540130.1862512 25.25 95239.14
1560540190.2151566 25.31 95237.97
1560540250.2440622 25.26 95236.60
1560540310.2729673 25.27 95238.63
1560540370.317473 25.28 95239.76
1560540430.3307784 25.39 95241.38
1560540490.3752837 25.35 95239.86
1560540550.404189 25.35 95243.88
1560540610.4330947 25.35 95241.20
1560540670.4620001 25.27 95243.48
1560540730.4909055 25.31 95242.42
1560540790.5198112 25.30 95242.07
1560540850.5643165 25.33 95243.32
1560540910.593222 25.37 95245.50
1560540970.6221273 25.29 95245.98
1560541030.651033 25.25 95246.64
1560541090.6799383 25.26 95248.75
1560541150.7088435 25.19 95249.97
1560541210.753349 25.28 95249.50
1560541270.7822547 25.35 95246.66
1560541330.81116 25.33 95246.50
1560541390.8400652 25.33 95249.30
1560541450.8689709 25.38 95248.55
1560541510.8978763 25.42 95249.27
1560541570.9423819 25.37 95250.09
1560541630.9712873 25.34 95248.36
1560541691.0001924 25.33 95248.57
1560541751.029098 25.31 95246.54
1560541811.0580034 25.28 95251.07
1560541871.0869088 25.31 95249.49
1560541931.1314144 25.38 95250.85
1560541991.1603198 25.36 95248.16
1560542051.1892252 25.40 95249.97
1560542111.2181306 25.42 95254.85
1560542171.2470362 25.35 95249.77
1560542231.2759416 25.39 95252.96
1560542291.320447 25.45 95252.29
1560542351.3493524 25.42 95252.61
1560542411.378258 25.44 95252.33
1560542471.4071634 25.39 95250.41
1560542531.4360688 25.37 95248.92
1560542591.4649742 25.37 95253.37
1560542651.5094798 25.34 95250.81
1560542711.5383852 25.35 95253.45
1560542771.5672905 25.39 95258.42
1560542831.5961962 25.33 95257.94
1560542891.6251013 25.40 95256.67
1560542951.6540067 25.43 95258.39
1560543011.6985123 25.38 95258.38
1560543071.7274177 25.32 95256.74
1560543131.7563233 25.39 95256.10
1560543191.7852285 25.37 95257.11
1560543251.8141341 25.31 95258.02
1560543311.8430395 25.30 95255.05
1560543371.8875449 25.26 95256.10
1560543431.9164503 25.28 95259.21
1560543491.945356 25.30 95257.69
1560543551.9742613 25.34 95260.32
1560543612.0031667 25.34 95256.00
1560543672.0320723 25.39 95261.22
1560543732.0765774 25.47 95260.58
1560543792.105483 25.44 95260.46
1560543852.1343884 25.49 95260.67
1560543912.1632938 25.43 95261.58
1560543972.1921995 25.33 95260.89
1560544032.2211049 25.36 95263.25
1560544092.2656102 25.36 95266.13
1560544152.2945156 25.31 95266.25
1560544212.3234212 25.34 95266.17
1560544272.3523264 25.39 95270.36
1560544332.381232 25.45 95272.25
1560544392.4101374 25.38 95269.13
1560544452.454643 25.37 95273.46
1560544512.4835484 25.36 95274.50
1560544572.5124536 25.34 95271.96
1560544632.5413592 25.36 95275.17
1560544692.5702646 25.31 95277.42
1560544752.59917 25.34 95276.47
1560544812.6436753 25.39 95280.74
1560544872.672581 25.42 95280.69
1560544932.7014863 25.38 95281.85
1560544992.7303917 25.38 95284.60
1560545052.7592974 25.34 95287.86
1560545112.7882028 25.36 95283.94
1560545172.8327081 25.37 95284.46
1560545232.8616135 25.42 95284.14
1560545292.8905191 25.38 95283.79
1560545352.9194245 25.41 95284.35
1560545412.94833 25.41 95286.19
1560545472.9772353 25.37 95291.53
1560545533.021741 25.32 95292.25
1560545593.0506463 25.32 95288.03
1560545653.0795515 25.42 95291.11
1560545713.1084573 25.43 95292.71
1560545773.1373625 25.41 95294.72
1560545833.1662679 25.36 95296.72
1560545893.2107735 25.38 95297.48
1560545953.2396786 25.45 95296.47
1560546013.2685843 25.35 95299.50
1560546073.2974896 25.34 95300.75
1560546133.326395 25.42 95301.95
1560546193.3553007 25.44 95300.53
1560546253.399806 25.46 95303.00
1560546313.4287114 25.39 95304.61
1560546373.4576168 25.28 95298.53
1560546433.4865224 25.32 95299.48
1560546493.5154278 25.35 95300.94
1560546553.5443332 25.37 95301.47
1560546613.5888386 25.30 95300.90
1560546673.6177442 25.30 95300.63
1560546733.6466496 25.33 95302.22
1560546793.675555 25.36 95301.84
1560546853.7044604 25.31 95309.72
1560546913.733366 25.34 95307.21
1560546973.7778714 25.38 95306.55
1560547033.8067768 25.41 95309.41
1560547093.8356824 25.36 95308.53
1560547153.8645875 25.40 95313.07
1560547213.893493 25.42 95310.32
1560547273.9223986 25.37 95313.45
1560547333.9669042 25.38 95314.92
1560547393.9958093 25.42 95313.87
1560547454.0247147 25.33 95313.37
1560547514.0536203 25.30 95316.13
1560547574.0825257 25.34 95318.32
1560547634.1114311 25.36 95318.51
1560547694.1559365 25.40 95319.43
1560547754.1848419 25.29 95321.05
1560547814.2137475 25.30 95320.84
1560547874.242653 25.32 95323.85
1560547934.2715583 25.33 95323.97
1560547994.300464 25.32 95325.19
1560548054.3449693 25.31 95323.35
1560548114.3738747 25.36 95326.38
1560548174.40278 25.33 95322.41
1560548234.4316854 25.41 95326.52
1560548294.460591 25.41 95325.69
1560548354.4894962 25.37 95325.90
1560548414.5340018 25.37 95327.14
1560548474.5629075 25.36 95326.61
1560548534.5918126 25.36 95330.79
1560548594.620718 25.31 95328.63
1560548654.6496236 25.39 95332.46
1560548714.678529 25.36 95333.40
1560548774.7230346 25.45 95331.73
1560548834.75194 25.45 95331.29
1560548894.7808454 25.39 95332.35
1560548954.8097508 25.39 95334.26
1560549014.8386562 25.42 95338.43
1560549074.8675618 25.43 95339.61
1560549134.9120672 25.39 95335.43
1560549194.9409726 25.33 95336.36
1560549254.969878 25.30 95336.03
1560549314.9987836 25.39 95335.57
1560549375.027689 25.38 95339.05
1560549435.0721943 25.31 95340.02
1560549495.1010997 25.37 95336.95
1560549555.1300054 25.43 95336.22
1560549615.1589108 25.49 95340.05
1560549675.1878161 25.45 95340.43
1560549735.2167213 25.42 95343.06
1560549795.261227 25.38 95343.94
1560549855.2901325 25.38 95343.40
1560549915.319038 25.46 95342.81
1560549975.3479433 25.43 95344.92
1560550035.3768487 25.39 95342.50
1560550095.405754 25.44 95341.88
1560550155.4502597 25.41 95342.25
1560550215.479165 25.38 95343.17
1560550275.5080705 25.37 95343.54
1560550335.5369759 25.37 95346.89
1560550395.5658813 25.36 95347.96
1560550455.594787 25.33 95348.91
1560550515.6392925 25.31 95348.21
1560550575.6681976 25.35 95346.66
1560550635.697103 25.43 95348.14
1560550695.7260087 25.45 95349.07
1560550755.754914 25.47 95349.07
1560550815.7838194 25.54 95351.08
1560550875.8283248 25.43 95349.61
1560550935.8572304 25.43 95352.63
1560550995.8861358 25.51 95352.22
1560551055.9150412 25.42 95354.53
1560551115.9439468 25.48 95348.86
1560551175.9728522 25.45 95355.39
1560551236.0173576 25.50 95352.30
1560551296.046263 25.44 95356.77
1560551356.0751686 25.41 95358.32
1560551416.104074 25.41 95358.28
1560551476.1329792 25.47 95361.78
1560551536.1618848 25.39 95359.87
1560551596.2063904 25.42 95360.57
1560551656.2352955 25.41 95361.24
1560551716.2642012 25.39 95360.41
1560551776.2931063 25.44 95361.73
1560551836.322012 25.34 95358.91
1560551896.3509173 25.41 95362.34
1560551956.3954227 25.41 95361.13
1560552016.424328 25.46 95367.95
1560552076.4532337 25.44 95365.91
1560552136.482139 25.47 95366.14
1560552196.5110445 25.44 95366.98
1560552256.5399501 25.45 95366.71
1560552316.5844555 25.42 95366.11
1560552376.613361 25.37 95374.77
1560552436.6422663 25.40 95369.64
1560552496.671172 25.46 95373.27
1560552556.7000773 25.40 95369.14
1560552616.7289824 25.40 95375.57
1560552676.773488 25.45 95372.03
1560552736.8023937 25.48 95374.07
1560552796.831299 25.43 95371.03
1560552856.8602042 25.47 95372.07
1560552916.8891098 25.45 95374.47
1560552976.9180152 25.44 95377.46
1560553036.9625206 25.42 95375.36
1560553096.9914262 25.41 95375.69
1560553157.0203316 25.45 95377.32
1560553217.049237 25.49 95375.71
1560553277.0781424 25.41 95373.78
1560553337.107048 25.45 95376.75
1560553397.1359534 25.39 95374.76
1560553457.1804588 25.42 95375.99
1560553517.2093642 25.50 95374.39
1560553577.2382698 25.40 95374.33
1560553637.2671752 25.38 95377.08
1560553697.2960806 25.34 95378.83
1560553757.3249862 25.37 95378.28
1560553817.3694913 25.37 95378.35
1560553877.398397 25.31 95378.71
1560553937.4273024 25.32 95378.93
1560553997.456208 25.38 95377.08
1560554057.4851131 25.45 95374.82
1560554117.5140185 25.42 95377.77
1560554177.5585241 25.36 95381.90
1560554237.5874293 25.47 95379.19
1560554297.6163352 25.47 95378.32
1560554357.6452403 25.43 95377.57
1560554417.6741457 25.40 95382.60
1560554477.7030513 25.38 95381.73
1560554537.7475567 25.37 95380.29
1560554597.776462 25.34 95384.18
1560554657.8053675 25.42 95383.89
1560554717.834273 25.40 95384.27
1560554777.8631785 25.43 95378.77
1560554837.892084 25.45 95379.39
1560554897.9365892 25.47 95377.99
1560554957.9654949 25.40 95382.53
1560555017.9944003 25.40 95387.05
1560555078.0233057 25.40 95382.69
1560555138.0522113 25.37 95388.22
1560555198.0811164 25.39 95388.66
1560555258.125622 25.38 95383.71
1560555318.1545274 25.44 95381.11
1560555378.183433 25.45 95388.64
1560555438.2123382 25.48 95382.77
1560555498.2412438 25.45 95382.17
1560555558.2857492 25.44 95387.50
1560555618.3146548 25.45 95384.39
1560555678.3435602 25.43 95384.13
1560555738.3724654 25.48 95380.50
1560555798.4013708 25.43 95384.13
1560555858.4302764 25.38 95388.39
1560555918.474782 25.43 95381.41
1560555978.5036874 25.40 95383.70
1560556038.5325925 25.46 95386.19
1560556098.5614982 25.46 95385.49
1560556158.5904036 25.47 95384.85
1560556218.619309 25.45 95393.49
1560556278.6638143 25.45 95392.05
1560556338.69272 25.43 95391.05
1560556398.7216253 25.44 95390.68
1560556458.7505307 25.38 95393.88
1560556518.7794363 25.41 95396.88
1560556578.8083417 25.45 95398.41
1560556638.852847 25.43 95393.13
1560556698.8817525 25.45 95392.82
1560556758.9106581 25.39 95393.88
1560556818.9395635 25.45 95396.64
