1559865686.744854 25.14 95258.42
1559865746.7893593 25.15 95257.58
1559865806.8182647 25.15 95255.82
1559865866.8471704 25.19 95253.25
1559865926.8760757 25.22 95254.99
1559865986.904981 25.22 95253.98
1559866046.9338865 25.19 95254.22
1559866106.962792 25.18 95256.77
1559866167.0072973 25.20 95256.46
1559866227.036203 25.19 95257.50
1559866287.0651083 25.21 95253.92
1559866347.0940137 25.22 95259.17
1559866407.122919 25.21 95259.97
1559866467.1518247 25.18 95257.91
1559866527.18073 25.19 95260.41
1559866587.2252355 25.18 95260.72
1559866647.2541409 25.17 95258.85
1559866707.2830465 25.19 95259.61
1559866767.3119519 25.18 95262.10
1559866827.340857 25.20 95258.47
1559866887.369763 25.20 95261.58
1559866947.398668 25.19 95263.13
1559867007.4431736 25.15 95263.07
1559867067.472079 25.24 95261.36
1559867127.5009844 25.20 95267.24
1559867187.5298898 25.21 95258.94
1559867247.5587952 25.23 95262.37
1559867307.5877008 25.21 95264.16
1559867367.6166062 25.19 95262.52
1559867427.6611118 25.22 95267.36
1559867487.690017 25.22 95264.58
1559867547.7189226 25.24 95270.03
1559867607.747828 25.24 95270.57
1559867667.7767334 25.20 95269.67
1559867727.805639 25.18 95270.32
1559867787.8345444 25.17 95274.25
1559867847.8790498 25.17 95276.65
1559867907.892355 25.17 95270.19
1559867967.9368606 25.17 95273.81
1559868027.965766 25.19 95270.05
1559868087.9946716 25.18 95275.17
1559868148.0235767 25.21 95271.42
1559868208.0524824 25.21 95273.82
1559868268.0813878 25.19 95275.41
1559868328.1102931 25.18 95270.63
1559868388.1547985 25.23 95271.61
1559868448.1837041 25.26 95269.05
1559868508.2126095 25.22 95272.21
1559868568.241515 25.23 95273.78
1559868628.2704206 25.24 95275.58
1559868688.2993257 25.24 95274.89
1559868748.3282313 25.28 95275.17
1559868808.3727367 25.23 95271.74
1559868868.4016423 25.21 95277.44
1559868928.4305477 25.18 95274.53
1559868988.4594529 25.18 95274.60
1559869048.4883585 25.20 95273.80
1559869108.517264 25.21 95278.85
1559869168.5461693 25.23 95277.33
1559869228.5906746 25.20 95280.82
1559869288.6195805 25.20 95279.32
1559869348.6484857 25.20 95277.10
1559869408.677391 25.23 95277.66
1559869468.7062967 25.23 95277.33
1559869528.735202 25.27 95280.80
1559869588.7641075 25.28 95277.28
1559869648.8086128 25.25 95274.44
1559869708.8375185 25.28 95271.49
1559869768.8664238 25.25 95275.25
1559869828.8953292 25.26 95276.32
1559869888.9242344 25.25 95275.45
1559869948.9531403 25.24 95278.07
1559870008.9820454 25.23 95280.14
1559870069.026551 25.23 95272.28
1559870129.0554564 25.23 95272.67
1559870189.0843618 25.24 95276.72
1559870249.1132672 25.24 95277.39
1559870309.1421726 25.24 95278.43
1559870369.1710782 25.24 95278.16
1559870429.1999836 25.22 95276.07
1559870489.244489 25.26 95275.47
1559870549.2733943 25.26 95275.54
1559870609.3023 25.25 95276.78
1559870669.3312054 25.25 95273.17
1559870729.3601108 25.27 95274.94
1559870789.3890164 25.28 95273.10
1559870849.4179215 25.24 95275.08
1559870909.4624271 25.25 95275.68
1559870969.4913325 25.24 95274.71
1559871029.5202382 25.25 95274.58
1559871089.5491433 25.24 95272.97
1559871149.578049 25.27 95274.27
1559871209.6069543 25.24 95270.53
1559871269.6358597 25.23 95272.41
1559871329.6803653 25.28 95274.43
1559871389.7092705 25.28 95274.16
1559871449.738176 25.29 95274.19
1559871509.7670815 25.26 95274.71
1559871569.795987 25.27 95273.53
1559871629.8248925 25.26 95273.74
1559871689.8693979 25.27 95270.86
1559871749.8983033 25.26 95271.74
1559871809.9272087 25.27 95273.20
1559871869.9561143 25.30 95273.92
1559871929.9850197 25.29 95274.60
1559871990.013925 25.30 95274.66
1559872050.0428302 25.27 95275.38
1559872110.0873358 25.26 95275.97
1559872170.1162415 25.25 95272.00
1559872230.1451468 25.26 95268.82
1559872290.174052 25.23 95269.33
1559872350.2029576 25.26 95269.72
1559872410.231863 25.26 95269.49
1559872470.2607684 25.27 95268.78
1559872530.305274 25.29 95268.71
1559872590.3341794 25.25 95267.22
1559872650.3630848 25.24 95267.78
1559872710.3919902 25.22 95268.36
1559872770.4208958 25.23 95270.17
1559872830.4498012 25.26 95264.87
1559872890.4787066 25.28 95267.24
1559872950.523212 25.28 95266.13
1559873010.5521176 25.25 95266.08
1559873070.581023 25.20 95267.44
1559873130.6099284 25.18 95265.07
1559873190.638834 25.16 95267.08
1559873250.6677392 25.16 95268.39
1559873310.6966445 25.15 95265.96
1559873370.7411501 25.13 95268.90
1559873430.7700558 25.14 95267.50
1559873490.798961 25.13 95265.05
1559873550.8278663 25.12 95269.24
1559873610.856772 25.13 95267.33
1559873670.8856773 25.11 95264.56
1559873730.9145827 25.09 95266.74
1559873790.959088 25.10 95266.67
1559873850.9879937 25.08 95261.25
1559873911.016899 25.07 95259.79
1559873971.0458045 25.08 95259.58
1559874031.0747101 25.07 95261.29
1559874091.1036155 25.07 95258.35
1559874151.1325207 25.09 95262.79
1559874211.1770263 25.07 95262.43
1559874271.2059317 25.06 95256.05
1559874331.234837 25.07 95259.79
1559874391.2637427 25.08 95258.58
1559874451.2926478 25.07 95261.10
1559874511.3215535 25.04 95262.08
1559874571.3504589 25.05 95256.99
1559874631.3793643 25.04 95251.03
1559874691.4238696 25.01 95254.06
1559874751.4527752 25.02 95254.28
1559874811.4816806 24.99 95253.83
1559874871.510586 24.99 95254.80
1559874931.5394917 25.02 95256.30
1559874991.568397 25.01 95256.83
1559875051.5973022 24.99 95253.19
1559875111.6418078 24.99 95254.80
1559875171.6707134 24.97 95255.44
1559875231.6996188 24.97 95251.46
1559875291.7285242 24.97 95252.53
1559875351.7574296 24.99 95253.63
1559875411.786335 24.95 95250.83
1559875471.8152404 24.95 95254.52
1559875531.8597457 24.97 95254.14
1559875591.8730514 24.96 95254.11
1559875651.9175568 24.97 95254.21
1559875711.9464622 24.95 95255.68
1559875771.9753678 24.97 95254.77
1559875832.0042732 24.96 95253.44
1559875892.0331786 24.96 95254.91
1559875952.0620842 24.99 95250.39
1559876012.0909894 24.98 95253.00
1559876072.1198947 24.95 95250.10
1559876132.1644003 24.94 95250.14
1559876192.1933055 24.94 95250.71
1559876252.2222111 24.92 95252.01
1559876312.2511165 24.92 95256.30
1559876372.280022 24.94 95257.06
1559876432.3089275 24.95 95258.80
1559876492.337833 24.94 95259.83
1559876552.3823383 24.92 95256.96
1559876612.4112437 24.93 95259.10
1559876672.4401493 24.96 95255.01
1559876732.4690547 24.94 95253.21
1559876792.49796 24.94 95254.99
1559876852.5268657 24.90 95253.69
1559876912.5557709 24.91 95251.48
1559876972.5846763 24.89 95250.49
1559877032.6291819 24.92 95252.32
1559877092.6580875 24.90 95251.02
1559877152.686993 24.90 95250.71
1559877212.715898 24.90 95253.29
1559877272.7448037 24.93 95255.28
1559877332.773709 24.91 95252.08
1559877392.8026145 24.94 95250.53
1559877452.8471198 24.93 95249.37
1559877512.8760254 24.89 95246.74
1559877572.9049308 24.89 95242.96
1559877632.9338362 24.86 95242.90
1559877692.9627419 24.88 95241.78
1559877752.991647 24.87 95246.28
1559877813.0205526 24.86 95243.67
1559877873.049458 24.86 95247.42
1559877933.0939636 24.88 95244.00
1559877993.122869 24.86 95245.91
1559878053.1517742 24.85 95245.25
1559878113.1806798 24.85 95249.13
1559878173.2095852 24.87 95245.94
1559878233.2384906 24.85 95244.00
1559878293.2673962 24.85 95245.44
1559878353.2963016 24.85 95244.94
1559878413.340807 24.86 95244.21
1559878473.3697124 24.85 95242.57
1559878533.3986177 24.84 95249.39
1559878593.4275234 24.82 95249.24
1559878653.4564288 24.83 95246.52
1559878713.4853342 24.83 95245.52
1559878773.5142395 24.84 95243.08
1559878833.5587451 24.84 95248.06
1559878893.5876505 24.83 95246.86
1559878953.6165557 24.82 95243.01
1559879013.6454616 24.84 95244.91
1559879073.6743667 24.83 95244.58
1559879133.703272 24.83 95245.58
1559879193.7321777 24.83 95242.58
1559879253.7610831 24.83 95240.00
1559879313.8055885 24.82 95240.21
1559879373.8344939 24.80 95240.17
1559879433.8633995 24.83 95243.31
1559879493.892305 24.84 95245.99
1559879553.9212103 24.81 95240.14
1559879613.9501157 24.81 95239.64
1559879673.9790213 24.80 95244.59
1559879734.0079265 24.81 95242.99
1559879794.052432 24.81 95240.30
1559879854.0813377 24.77 95242.66
1559879914.1102428 24.81 95237.96
1559879974.1391482 24.77 95238.75
1559880034.1680539 24.76 95237.48
1559880094.1969593 24.79 95236.63
1559880154.2258646 24.81 95239.30
1559880214.2547703 24.80 95233.16
1559880274.2992756 24.79 95233.69
1559880334.328181 24.77 95231.16
1559880394.3570864 24.76 95232.19
1559880454.385992 24.81 95237.30
1559880514.4148974 24.80 95234.99
1559880574.4438028 24.78 95234.39
1559880634.472708 24.77 95235.10
1559880694.5016136 24.76 95237.08
1559880754.5461192 24.75 95232.23
1559880814.5750244 24.76 95226.91
1559880874.60393 24.75 95234.00
1559880934.6328354 24.79 95234.60
1559880994.6617408 24.80 95233.25
1559881054.6906462 24.79 95238.31
1559881114.7195518 24.79 95237.14
1559881174.7484572 24.78 95234.83
1559881234.7929626 24.79 95234.86
1559881294.821868 24.79 95235.80
1559881354.8507736 24.78 95233.60
1559881414.879679 24.76 95228.18
1559881474.908584 24.78 95232.22
1559881534.93749 24.78 95231.05
1559881594.9663951 24.78 95231.22
1559881654.9953005 24.79 95231.28
1559881715.0398061 24.75 95231.50
1559881775.0687115 24.78 95231.05
1559881835.097617 24.76 95230.06
1559881895.1265223 24.78 95232.66
1559881955.155428 24.78 95231.89
1559882015.1843333 24.79 95236.94
1559882075.2132387 24.78 95238.67
1559882135.2421443 24.78 95237.67
1559882195.2710497 24.75 95235.57
1559882255.299955 24.73 95236.05
1559882315.3444605 24.73 95235.92
1559882375.373366 24.75 95230.66
1559882435.4022715 24.78 95227.97
1559882495.4311767 24.75 95227.14
1559882555.4600823 24.74 95227.89
1559882615.4889877 24.75 95228.49
1559882675.517893 24.76 95227.01
1559882735.5467987 24.73 95224.01
1559882795.5913038 24.76 95222.39
1559882855.6202095 24.77 95229.42
1559882915.6491148 24.73 95225.78
1559882975.6780202 24.75 95227.15
1559883035.7069259 24.72 95225.42
1559883095.7358313 24.74 95226.85
1559883155.7647364 24.73 95226.96
1559883215.793642 24.72 95226.66
1559883275.8381476 24.71 95230.21
1559883335.8670528 24.76 95227.41
1559883395.8959584 24.77 95222.73
1559883455.9248638 24.74 95223.54
1559883515.9537692 24.74 95220.89
1559883575.9826746 24.74 95220.89
1559883636.0115802 24.76 95223.03
1559883696.0404854 24.74 95218.39
1559883756.084991 24.75 95219.06
1559883816.1138964 24.77 95216.71
1559883876.142802 24.80 95217.97
1559883936.1717074 24.80 95218.47
1559883996.2006128 24.81 95214.72
1559884056.2295182 24.86 95213.41
1559884116.2584236 24.82 95215.28
1559884176.3029292 24.81 95214.06
1559884236.3318346 24.83 95212.47
1559884296.3607402 24.79 95214.23
1559884356.3896453 24.77 95211.80
1559884416.4185507 24.77 95214.77
1559884476.4474564 24.78 95209.25
1559884536.4763618 24.76 95212.33
1559884596.5208673 24.77 95209.58
1559884656.5497725 24.76 95205.61
1559884716.5786781 24.71 95208.63
1559884776.6075835 24.72 95211.04
1559884836.636489 24.76 95212.00
1559884896.665394 24.74 95207.56
1559884956.6943 24.74 95205.68
1559885016.7388053 24.77 95205.17
1559885076.7677107 24.77 95204.17
1559885136.796616 24.73 95200.88
1559885196.8255215 24.71 95204.39
1559885256.8544269 24.69 95207.74
1559885316.8833323 24.73 95205.25
1559885376.912238 24.71 95208.24
1559885436.9411433 24.69 95203.96
1559885496.9856486 24.70 95206.10
1559885557.014554 24.68 95202.56
1559885617.0434597 24.69 95201.89
1559885677.072365 24.68 95197.88
1559885737.1012704 24.68 95195.35
1559885797.130176 24.69 95199.72
1559885857.1590815 24.70 95195.97
1559885917.1879866 24.72 95194.42
1559885977.2324922 24.71 95195.90
1559886037.2613978 24.68 95193.00
1559886097.290303 24.71 95193.13
1559886157.3192086 24.72 95192.75
1559886217.348114 24.70 95194.50
1559886277.3770194 24.67 95194.41
1559886337.4059248 24.68 95194.24
1559886397.4348304 24.70 95192.83
1559886457.4793358 24.72 95193.59
1559886517.5082412 24.69 95191.36
1559886577.5371466 24.70 95191.89
1559886637.5660522 24.70 95191.19
1559886697.5949576 24.70 95191.82
1559886757.6238627 24.67 95189.46
1559886817.6527686 24.66 95192.37
1559886877.6816738 24.66 95192.77
1559886937.7261794 24.67 95190.63
1559886997.7550848 24.66 95191.20
1559887057.78399 24.65 95191.24
1559887117.8128955 24.68 95194.71
1559887177.841801 24.66 95192.44
1559887237.8707063 24.65 95191.34
1559887297.899612 24.66 95193.88
1559887357.9285173 24.68 95191.46
1559887417.9574227 24.65 95191.47
1559887478.001928 24.66 95194.88
1559887538.0308337 24.67 95192.67
1559887598.059739 24.64 95189.23
1559887658.0886445 24.66 95194.88
1559887718.1175501 24.63 95195.25
1559887778.1464553 24.64 95196.69
1559887838.1753607 24.61 95195.53
1559887898.2042663 24.62 95194.22
1559887958.2487717 24.65 95194.82
1559888018.2776773 24.63 95194.75
1559888078.3065825 24.64 95192.91
1559888138.335488 24.63 95193.92
1559888198.3643935 24.63 95196.19
1559888258.3932989 24.65 95193.78
1559888318.4222045 24.63 95194.46
1559888378.45111 24.62 95193.92
1559888438.480015 24.61 95192.82
1559888498.5089207 24.62 95190.88
1559888558.5534263 24.63 95194.96
1559888618.5823314 24.58 95192.39
1559888678.611237 24.60 95194.63
1559888738.6401424 24.60 95195.74
1559888798.6690478 24.59 95196.17
1559888858.6979532 24.60 95193.13
1559888918.7268589 24.60 95195.07
1559888978.7557642 24.58 95196.03
1559889038.7846696 24.58 95195.77
1559889098.829175 24.60 95197.14
1559889158.8580806 24.59 95197.85
1559889218.886986 24.59 95195.84
1559889278.9158914 24.60 95195.03
1559889338.9447966 24.61 95194.46
1559889398.9737022 24.61 95199.81
1559889459.0026076 24.58 95192.36
1559889519.031513 24.59 95192.83
1559889579.0760186 24.60 95193.22
1559889639.104924 24.58 95191.86
1559889699.1338294 24.58 95194.24
1559889759.1627347 24.58 95193.13
1559889819.1916404 24.54 95191.77
1559889879.2205458 24.59 95191.99
1559889939.2494512 24.59 95194.42
1559889999.2783566 24.57 95194.07
1559890059.307262 24.57 95190.66
1559890119.3517675 24.55 95191.63
1559890179.380673 24.54 95196.28
1559890239.4095786 24.55 95193.24
1559890299.4384837 24.56 95194.64
1559890359.467389 24.58 95193.86
1559890419.4962947 24.59 95195.50
1559890479.5252001 24.58 95197.78
1559890539.5541055 24.58 95197.61
1559890599.5986109 24.57 95194.07
1559890659.6275165 24.57 95196.08
1559890719.656422 24.57 95196.17
1559890779.6853273 24.55 95196.49
1559890839.7142327 24.53 95195.72
1559890899.7431383 24.53 95201.24
1559890959.7720435 24.55 95198.19
1559891019.800949 24.54 95195.85
1559891079.8298545 24.53 95195.65
1559891139.87436 24.54 95195.85
1559891199.9032652 24.54 95194.78
1559891259.9321709 24.56 95197.44
1559891319.9610763 24.54 95195.61
1559891379.9899817 24.56 95198.15
1559891440.0188873 24.52 95196.66
1559891500.0477927 24.54 95198.79
1559891560.076698 24.55 95199.55
1559891620.1056032 24.52 95198.96
1559891680.1501088 24.52 95201.83
1559891740.1790144 24.54 95198.28
1559891800.2079198 24.53 95202.07
1559891860.236825 24.53 95202.07
1559891920.2657306 24.53 95202.91
1559891980.294636 24.52 95198.50
1559892040.3235414 24.55 95203.21
1559892100.352447 24.53 95199.39
1559892160.3969524 24.53 95198.16
1559892220.4258578 24.54 95198.28
1559892280.4547632 24.52 95194.64
1559892340.4836688 24.52 95198.03
1559892400.5125742 24.49 95195.02
1559892460.5414796 24.52 95200.00
1559892520.570385 24.51 95201.07
1559892580.5992906 24.49 95204.05
1559892640.6281958 24.49 95201.75
1559892700.6727014 24.48 95202.14
1559892760.701607 24.50 95204.41
1559892820.7305121 24.52 95203.97
1559892880.7594175 24.53 95197.60
1559892940.7883232 24.52 95197.79
1559893000.8172286 24.50 95200.83
1559893060.846134 24.51 95199.97
1559893120.8750396 24.53 95200.89
1559893180.9039447 24.51 95203.58
1559893240.9484503 24.50 95203.35
1559893300.9773557 24.53 95199.50
1559893361.0062613 24.51 95203.82
1559893421.0351667 24.49 95204.28
1559893481.064072 24.51 95201.47
1559893541.0929775 24.49 95203.61
1559893601.121883 24.50 95208.69
1559893661.1507883 24.53 95211.36
1559893721.179694 24.52 95209.19
1559893781.2085993 24.51 95211.00
1559893841.2375045 24.49 95209.17
1559893901.28201 24.48 95212.21
1559893961.3109155 24.49 95214.24
1559894021.339821 24.48 95211.77
1559894081.3687265 24.48 95210.87
1559894141.3976316 24.49 95214.41
1559894201.4265373 24.50 95214.38
1559894261.4554427 24.48 95216.55
1559894321.484348 24.46 95215.25
1559894381.5132537 24.46 95219.42
1559894441.557759 24.49 95219.13
1559894501.5866644 24.46 95222.94
1559894561.6155698 24.46 95222.88
1559894621.6444755 24.48 95222.74
1559894681.6733809 24.49 95222.47
1559894741.702286 24.48 95224.57
1559894801.7311919 24.48 95225.64
1559894861.760097 24.49 95221.77
1559894921.7890024 24.50 95225.41
1559894981.833508 24.47 95223.17
1559895041.8624134 24.49 95219.75
1559895101.8913188 24.44 95222.88
1559895161.9202242 24.44 95218.92
1559895221.9491298 24.46 95219.89
1559895281.9780352 24.45 95219.70
1559895342.0069406 24.45 95224.01
1559895402.035846 24.43 95220.74
1559895462.0647516 24.44 95221.77
1559895522.109257 24.43 95226.82
1559895582.1381624 24.41 95221.54
1559895642.167068 24.43 95219.34
1559895702.1959732 24.45 95224.88
1559895762.2248785 24.44 95223.78
1559895822.2537842 24.44 95226.46
1559895882.2826896 24.45 95220.30
1559895942.311595 24.45 95222.35
1559896002.3405006 24.46 95221.93
1559896062.3850057 24.47 95221.93
1559896122.4139113 24.44 95223.61
1559896182.4428167 24.47 95225.35
1559896242.4717221 24.44 95225.05
1559896302.5006278 24.44 95222.67
1559896362.5295331 24.44 95223.85
1559896422.5584383 24.42 95224.92
1559896482.587344 24.43 95228.03
1559896542.6162493 24.42 95229.69
1559896602.6607547 24.41 95231.67
1559896662.6896603 24.43 95232.10
1559896722.7185657 24.46 95223.61
1559896782.747471 24.43 95227.72
1559896842.7763765 24.42 95228.42
1559896902.805282 24.45 95228.35
1559896962.8341875 24.42 95231.47
1559897022.863093 24.40 95228.70
1559897082.8919983 24.40 95230.77
1559897142.936504 24.43 95232.07
1559897202.9654093 24.42 95236.28
1559897262.9943144 24.42 95231.53
1559897323.0232203 24.40 95230.14
1559897383.0521255 24.39 95231.91
1559897443.0810308 24.38 95231.50
1559897503.1099365 24.37 95231.31
1559897563.1388419 24.38 95235.08
1559897623.1677473 24.41 95235.58
1559897683.2122526 24.41 95240.53
1559897743.2411582 24.43 95241.89
1559897803.2700636 24.43 95242.07
1559897863.298969 24.40 95242.63
1559897923.3278747 24.43 95245.97
1559897983.3567798 24.41 95243.60
1559898043.3856852 24.41 95244.17
1559898103.4145908 24.37 95242.90
1559898163.4434962 24.38 95245.44
1559898223.4724016 24.44 95245.24
1559898283.516907 24.46 95246.97
1559898343.5458124 24.42 95244.03
1559898403.574718 24.39 95245.47
1559898463.6036234 24.38 95250.22
1559898523.6325288 24.39 95248.78
1559898583.6614344 24.39 95249.02
1559898643.6903396 24.36 95248.08
1559898703.719245 24.38 95248.89
1559898763.7481506 24.38 95255.40
1559898823.777056 24.35 95252.63
1559898883.8059614 24.37 95248.32
1559898943.8504667 24.36 95255.13
1559899003.8793724 24.38 95249.75
1559899063.9082778 24.39 95253.13
1559899123.9371831 24.37 95257.77
1559899183.9660888 24.37 95258.50
1559899243.9949942 24.41 95258.03
1559899304.0238993 24.40 95261.05
1559899364.0528052 24.41 95261.14
1559899424.0817103 24.40 95261.55
1559899484.1106157 24.38 95266.56
1559899544.1551213 24.36 95264.83
1559899604.1840267 24.37 95264.28
1559899664.212932 24.37 95264.72
1559899724.2418375 24.38 95264.09
1559899784.2707431 24.39 95267.83
1559899844.2996485 24.36 95267.80
1559899904.328554 24.38 95266.10
1559899964.3574593 24.35 95268.53
1559900024.386365 24.35 95269.53
1559900084.4308703 24.36 95268.90
1559900144.4597757 24.35 95270.27
1559900204.4886813 24.36 95270.30
1559900264.5175865 24.38 95273.35
1559900324.5464919 24.35 95274.72
1559900384.5753975 24.38 95273.11
1559900444.604303 24.37 95275.82
1559900504.6332083 24.36 95276.59
1559900564.662114 24.34 95274.75
1559900624.706619 24.34 95276.53
1559900684.7355247 24.33 95275.46
1559900744.76443 24.31 95270.91
1559900804.7933354 24.33 95276.59
1559900864.822241 24.35 95278.30
1559900924.8511465 24.34 95277.36
1559900984.8800516 24.34 95281.83
1559901044.9089572 24.34 95280.00
1559901104.9378626 24.34 95282.37
1559901164.966768 24.35 95286.04
1559901225.0112736 24.34 95290.69
1559901285.040179 24.31 95290.39
1559901345.0690844 24.29 95290.79
1559901405.0979898 24.31 95294.91
1559901465.1268954 24.31 95296.51
1559901525.1558006 24.31 95296.47
1559901585.1847062 24.33 95294.14
1559901645.2136116 24.32 95296.50
1559901705.242517 24.33 95294.46
1559901765.2714224 24.35 95299.45
1559901825.3159277 24.29 95302.49
1559901885.3448334 24.31 95304.83
1559901945.3737388 24.31 95303.66
1559902005.4026442 24.33 95308.03
1559902065.4315498 24.30 95311.78
1559902125.4604552 24.30 95309.30
1559902185.4893606 24.32 95308.97
1559902245.5182662 24.36 95313.52
1559902305.5471714 24.33 95313.05
1559902365.5760767 24.29 95315.02
1559902425.6205823 24.28 95312.64
1559902485.649488 24.29 95313.91
1559902545.6783931 24.30 95317.32
1559902605.7072985 24.27 95321.50
1559902665.7362041 24.27 95319.72
1559902725.7651095 24.31 95320.90
1559902785.794015 24.29 95319.50
1559902845.8229206 24.29 95323.71
1559902905.851826 24.31 95328.55
1559902965.8963313 24.34 95329.56
1559903025.9252367 24.33 95330.72
1559903085.954142 24.33 95335.37
1559903145.9830477 24.31 95334.24
1559903206.0119529 24.33 95335.40
1559903266.0408583 24.33 95336.88
1559903326.069764 24.32 95335.27
1559903386.0986693 24.32 95333.42
1559903446.1275747 24.32 95334.36
1559903506.1564803 24.32 95339.14
1559903566.1853855 24.33 95339.21
1559903626.2142909 24.32 95341.15
1559903686.2431965 24.32 95342.55
1559903746.287702 24.29 95343.08
1559903806.3166075 24.28 95348.97
1559903866.3455126 24.31 95349.10
1559903926.3744183 24.28 95349.53
1559903986.4033237 24.29 95351.27
1559904046.432229 24.28 95349.86
1559904106.4611347 24.26 95356.22
1559904166.49004 24.28 95357.15
1559904226.5189452 24.29 95364.64
1559904286.547851 24.31 95363.33
1559904346.5923564 24.29 95363.64
1559904406.6212618 24.30 95364.03
1559904466.6501672 24.28 95367.44
1559904526.6790726 24.31 95363.17
1559904586.707978 24.28 95368.78
1559904646.7368834 24.27 95365.67
1559904706.765789 24.28 95367.94
1559904766.7946944 24.28 95369.02
1559904826.8235998 24.28 95366.74
1559904886.8525052 24.31 95367.14
1559904946.8970108 24.32 95371.35
1559905006.9259162 24.30 95369.46
1559905066.9548216 24.32 95371.46
1559905126.9837272 24.33 95371.80
1559905187.0126324 24.33 95371.80
1559905247.0415378 24.34 95375.50
1559905307.0704432 24.33 95376.97
1559905367.0993488 24.34 95378.08
1559905427.1282542 24.31 95377.85
1559905487.1727598 24.32 95380.75
1559905547.201665 24.31 95382.02
1559905607.2305706 24.32 95384.22
1559905667.259476 24.32 95383.72
1559905727.2883813 24.32 95387.60
1559905787.317287 24.31 95388.80
1559905847.3461924 24.31 95389.97
1559905907.3750975 24.30 95393.11
1559905967.4040031 24.31 95392.04
1559906027.4485087 24.30 95392.14
1559906087.477414 24.30 95392.50
1559906147.5063195 24.35 95394.85
1559906207.535225 24.35 95396.69
1559906267.5641303 24.35 95392.58
1559906327.5930357 24.35 95392.75
1559906387.6219413 24.35 95392.58
1559906447.6508467 24.34 95390.78
1559906507.679752 24.32 95391.85
1559906567.7086575 24.33 95391.71
1559906627.753163 24.31 95396.32
1559906687.7820685 24.31 95393.92
1559906747.8109736 24.32 95390.94
1559906807.8398795 24.33 95394.22
1559906867.8687847 24.30 95394.68
1559906927.89769 24.33 95401.53
1559906987.9265957 24.35 95397.86
1559907047.955501 24.35 95400.03
1559907107.9844065 24.39 95396.13
1559907168.013312 24.34 95400.97
1559907228.0578175 24.35 95402.27
1559907288.0867229 24.35 95402.88
1559907348.1156282 24.33 95404.91
1559907408.1445339 24.38 95407.92
1559907468.173439 24.36 95407.58
1559907528.2023444 24.36 95412.20
1559907588.2312498 24.40 95410.27
1559907648.2601554 24.37 95412.91
1559907708.2890608 24.39 95415.61
1559907768.3179662 24.36 95418.28
1559907828.3468719 24.37 95417.68
1559907888.375777 24.33 95420.49
1559907948.4202826 24.34 95419.02
1559908008.449188 24.35 95415.37
1559908068.4780936 24.33 95417.64
1559908128.5069988 24.36 95417.98
1559908188.5359042 24.36 95418.38
1559908248.5648098 24.35 95421.25
1559908308.5937152 24.34 95420.89
1559908368.6226206 24.35 95419.38
1559908428.6515262 24.35 95422.83
1559908488.6960316 24.38 95422.39
1559908548.724937 24.38 95420.89
1559908608.7538424 24.36 95422.39
1559908668.782748 24.36 95421.63
1559908728.8116534 24.36 95425.71
1559908788.8405585 24.38 95428.58
1559908848.8694644 24.34 95427.37
1559908908.8983696 24.35 95428.44
1559908968.927275 24.34 95430.48
1559909028.9561806 24.36 95431.42
1559909089.000686 24.35 95431.25
1559909149.0295913 24.34 95433.05
1559909209.0584967 24.35 95431.08
1559909269.0874023 24.35 95428.61
1559909329.1163077 24.36 95430.64
1559909389.1452131 24.39 95431.96
1559909449.1741185 24.41 95430.66
1559909509.203024 24.44 95428.99
1559909569.2319293 24.45 95434.14
1559909629.260835 24.45 95436.21
1559909689.3053405 24.41 95434.94
1559909749.3342457 24.42 95432.63
1559909809.363151 24.40 95438.38
1559909869.3920565 24.39 95436.07
1559909929.420962 24.41 95440.05
1559909989.4498675 24.43 95439.32
1559910049.4787729 24.47 95441.86
1559910109.5076785 24.46 95443.80
1559910169.5365837 24.43 95444.26
1559910229.5810893 24.44 95443.36
1559910289.6099946 24.45 95444.33
1559910349.6389003 24.50 95444.35
1559910409.6678057 24.45 95444.10
1559910469.6967108 24.44 95446.37
1559910529.7256165 24.44 95442.19
1559910589.7545218 24.43 95444.97
1559910649.7834272 24.44 95446.94
1559910709.8123329 24.46 95450.08
1559910769.8412383 24.46 95449.85
1559910829.8857436 24.44 95454.16
1559910889.914649 24.47 95451.86
1559910949.9435546 24.47 95448.05
1559911009.9724598 24.47 95449.28
1559911070.0013654 24.45 95452.42
1559911130.0302708 24.43 95453.52
1559911190.0591762 24.45 95451.18
1559911250.0880816 24.45 95452.19
1559911310.1169872 24.47 95456.64
1559911370.1614926 24.45 95454.53
1559911430.190398 24.43 95456.10
1559911490.2193034 24.51 95461.03
1559911550.248209 24.50 95456.47
1559911610.2771144 24.48 95457.07
1559911670.3060198 24.50 95455.47
1559911730.3349254 24.48 95453.83
1559911790.3638306 24.49 95453.90
1559911850.392736 24.51 95456.01
1559911910.4216416 24.47 95453.86
1559911970.4661472 24.47 95450.28
1559912030.4950523 24.50 95445.91
1559912090.5239577 24.45 95447.41
1559912150.5528631 24.47 95450.89
1559912210.5817688 24.50 95449.69
1559912270.6106741 24.46 95449.25
1559912330.6395795 24.51 95450.39
1559912390.6684852 24.52 95450.33
1559912450.6973903 24.57 95444.35
1559912510.7262957 24.60 95445.92
1559912570.7552013 24.62 95445.16
1559912630.7841067 24.64 95446.66
1559912690.828612 24.64 95448.60
1559912750.8575175 24.71 95443.70
1559912810.886423 24.81 95443.24
1559912870.9153285 24.82 95443.17
1559912930.944234 24.77 95441.75
1559912990.9731395 24.63 95443.86
1559913051.002045 24.56 95442.58
1559913111.03095 24.77 95442.83
1559913171.0598557 24.91 95444.74
1559913231.1043613 24.85 95448.78
1559913291.1332667 25.00 95445.27
1559913351.1621718 25.05 95443.00
1559913411.1910775 25.01 95440.89
1559913471.2199829 25.08 95440.52
1559913531.2488883 25.29 95442.40
1559913591.277794 25.28 95439.42
1559913651.3066993 25.23 95438.13
1559913711.3512046 25.23 95435.21
1559913771.38011 25.43 95437.58
1559913831.4090157 25.43 95435.31
1559913891.437921 25.09 95437.10
1559913951.4668264 24.96 95438.75
1559914011.4957318 24.95 95438.58
1559914071.5246372 24.85 95438.08
1559914131.5691428 24.80 95437.64
1559914191.5980482 24.89 95437.02
1559914251.6269538 24.97 95433.73
1559914311.655859 24.95 95434.14
1559914371.6847644 24.94 95431.36
1559914431.7136698 24.91 95429.02
1559914491.7425754 24.86 95429.92
1559914551.7714808 24.88 95426.78
1559914611.8159862 24.89 95425.64
1559914671.8448915 24.85 95424.67
1559914731.8737972 24.80 95422.20
1559914791.9027026 24.80 95424.30
1559914851.931608 24.74 95431.09
1559914911.9605134 24.74 95426.88
1559914971.989419 24.79 95423.86
1559915032.0339243 24.78 95423.16
1559915092.0628297 24.88 95423.74
1559915152.0917354 24.77 95419.08
1559915212.1206405 24.86 95420.56
1559915272.149546 24.83 95416.47
1559915332.1784515 24.73 95416.88
1559915392.207357 24.68 95414.57
1559915452.2518625 24.79 95411.53
1559915512.2807677 24.84 95411.26
1559915572.3096733 24.90 95407.52
1559915632.3385787 24.91 95406.78
1559915692.367484 25.04 95402.92
1559915752.3963897 24.96 95400.82
1559915812.425295 24.97 95405.74
1559915872.4542003 24.89 95406.35
1559915932.4987059 24.96 95404.53
1559915992.5276115 24.87 95400.99
1559916052.556517 24.88 95401.42
1559916112.585422 24.93 95402.96
1559916172.6143277 24.91 95402.92
1559916232.643233 24.97 95405.24
1559916292.6721385 24.90 95405.74
1559916352.716644 24.82 95407.92
1559916412.7455492 24.73 95406.61
1559916472.7744548 24.81 95403.60
1559916532.8033602 24.65 95402.80
1559916592.8322656 24.68 95397.08
1559916652.8611712 24.65 95401.03
1559916712.8900766 24.77 95395.48
1559916772.934582 24.72 95395.78
1559916832.9634874 24.63 95395.55
1559916892.992393 24.61 95390.16
1559916953.0212982 24.65 95392.40
1559917013.0502038 24.66 95391.03
1559917073.0791092 24.60 95391.46
1559917133.1080146 24.53 95389.42
1559917193.1525202 24.51 95388.15
1559917253.1814256 24.59 95385.05
1559917313.210331 24.61 95387.22
1559917373.2392364 24.55 95384.71
1559917433.2681417 24.65 95381.24
1559917493.2970474 24.69 95376.65
1559917553.3259528 24.75 95373.50
1559917613.3548582 24.62 95376.19
1559917673.3993635 24.58 95380.84
1559917733.4282691 24.59 95371.38
1559917793.4571745 24.66 95369.83
1559917853.48608 24.71 95367.49
1559917913.5149856 24.71 95364.92
1559917973.5438907 24.62 95362.88
1559918033.572796 24.51 95365.02
1559918093.6017017 24.52 95358.03
1559918153.646207 24.51 95360.41
1559918213.6751127 24.51 95357.40
1559918273.7040179 24.45 95355.16
1559918333.7329235 24.43 95350.21
1559918393.761829 24.37 95347.60
1559918453.7907343 24.36 95348.77
1559918513.81964 24.36 95347.13
1559918573.8485453 24.39 95346.27
1559918633.8930507 24.38 95344.80
1559918693.921956 24.44 95343.49
1559918753.9508615 24.48 95341.46
1559918813.9797668 24.46 95342.96
1559918874.0086725 24.43 95340.19
1559918934.0375776 24.37 95341.55
1559918994.0664833 24.41 95342.46
1559919054.0953887 24.43 95343.33
1559919114.124294 24.40 95340.49
1559919174.1531997 24.48 95332.50
1559919234.197705 24.43 95330.83
1559919294.2266104 24.37 95336.54
1559919354.2555158 24.39 95332.36
1559919414.2844214 24.36 95335.97
1559919474.3133268 24.29 95339.91
1559919534.3422322 24.37 95336.57
1559919594.3711376 24.34 95334.24
1559919654.400043 24.37 95329.28
1559919714.4445486 24.28 95332.10
1559919774.473454 24.27 95330.78
1559919834.5023594 24.32 95331.60
1559919894.5312648 24.29 95330.96
1559919954.5601702 24.34 95327.46
1559920014.5890758 24.35 95328.69
1559920074.6179812 24.39 95327.61
1559920134.6468866 24.40 95327.28
1559920194.675792 24.36 95320.70
1559920254.7202976 24.34 95322.53
1559920314.749203 24.34 95320.46
1559920374.7781084 24.35 95318.00
1559920434.807014 24.32 95321.40
1559920494.8359191 24.31 95313.35
1559920554.8648245 24.33 95316.69
1559920614.8937302 24.36 95318.13
1559920674.9226356 24.39 95310.44
1559920734.951541 24.36 95310.91
1559920794.9960463 24.37 95308.14
1559920855.0249517 24.32 95312.08
1559920915.0538573 24.36 95305.70
1559920975.0827627 24.34 95306.66
1559921035.111668 24.35 95299.75
1559921095.1405737 24.35 95301.08
1559921155.169479 24.32 95303.06
1559921215.1983843 24.37 95298.78
1559921275.24289 24.40 95300.65
1559921335.2717955 24.35 95295.24
1559921395.3007007 24.34 95293.63
1559921455.329606 24.42 95289.75
1559921515.3585117 24.36 95293.43
1559921575.387417 24.37 95290.25
1559921635.4163225 24.42 95291.92
1559921695.445228 24.44 95294.13
1559921755.4897335 24.41 95292.16
1559921815.5186388 24.44 95294.19
1559921875.5475442 24.37 95290.63
1559921935.5764499 24.34 95291.19
1559921995.6053553 24.36 95291.16
1559922055.6342604 24.35 95293.16
1559922115.6631663 24.39 95288.46
1559922175.6920714 24.38 95280.36
1559922235.736577 24.39 95282.83
1559922295.7654824 24.42 95281.10
1559922355.7943878 24.40 95280.00
1559922415.8232932 24.39 95275.92
1559922475.8521986 24.39 95274.65
1559922535.8811042 24.39 95272.91
1559922595.9100096 24.36 95268.67
1559922655.938915 24.39 95265.50
1559922715.9834204 24.41 95260.82
1559922776.012326 24.39 95257.10
1559922836.0412314 24.38 95253.07
1559922896.0701368 24.36 95251.96
1559922956.0990424 24.35 95249.22
1559923016.1279476 24.36 95247.61
1559923076.156853 24.37 95251.76
1559923136.1857584 24.40 95250.19
1559923196.230264 24.38 95245.94
1559923256.2591693 24.35 95245.98
1559923316.2880747 24.36 95242.21
1559923376.3169801 24.43 95245.57
1559923436.3458858 24.43 95246.10
1559923496.3747911 24.46 95242.02
1559923556.4036965 24.45 95242.42
1559923616.4326022 24.44 95239.72
1559923676.4771075 24.43 95239.22
1559923736.506013 24.44 95236.88
1559923796.5349183 24.42 95236.38
1559923856.563824 24.36 95235.02
1559923916.592729 24.39 95234.64
1559923976.6216347 24.38 95232.35
1559924036.65054 24.39 95226.69
1559924096.6794455 24.40 95226.09
1559924156.723951 24.39 95220.91
1559924216.7528563 24.40 95216.74
1559924276.781762 24.43 95219.03
1559924336.8106673 24.45 95219.20
1559924396.8395727 24.43 95219.71
1559924456.8684783 24.40 95217.24
1559924516.8973837 24.35 95217.03
1559924576.9262888 24.31 95218.82
1559924636.9707944 24.31 95216.45
1559924696.9997 24.32 95214.97
1559924757.0286055 24.33 95213.77
1559924817.0575109 24.33 95210.76
1559924877.0864162 24.35 95209.22
1559924937.1153216 24.37 95205.54
1559924997.144227 24.37 95203.71
1559925057.1731327 24.39 95205.53
1559925117.202038 24.36 95202.50
1559925177.2309434 24.37 95200.36
1559925237.2754488 24.36 95199.60
1559925297.3043542 24.40 95202.60
1559925357.3332598 24.36 95201.64
1559925417.3621652 24.39 95205.88
1559925477.3910706 24.37 95202.71
1559925537.419976 24.37 95203.97
1559925597.4488814 24.37 95205.54
1559925657.4777868 24.36 95204.07
1559925717.5222924 24.39 95202.17
1559925777.5511978 24.36 95204.07
1559925837.5801034 24.36 95201.83
1559925897.6090086 24.39 95201.39
1559925957.6379142 24.38 95199.76
1559926017.6668196 24.36 95195.49
1559926077.695725 24.41 95194.03
1559926137.7246306 24.39 95194.11
1559926197.769136 24.37 95195.46
1559926257.7980413 24.37 95192.71
1559926317.8269467 24.39 95191.17
1559926377.8558524 24.42 95192.87
1559926437.8847575 24.38 95192.24
1559926497.913663 24.38 95193.38
1559926557.9425685 24.36 95191.64
1559926617.9870741 24.38 95192.41
1559926678.0159795 24.43 95188.49
1559926738.0448847 24.38 95189.57
1559926798.0737903 24.42 95191.10
1559926858.1026957 24.42 95188.56
1559926918.131601 24.37 95187.83
1559926978.1605067 24.36 95186.19
1559927038.189412 24.35 95181.96
1559927098.2339175 24.39 95179.41
1559927158.2628229 24.41 95179.33
1559927218.2917285 24.39 95180.47
1559927278.320634 24.35 95178.55
1559927338.3495393 24.37 95176.34
1559927398.3784444 24.35 95174.77
1559927458.40735 24.36 95172.36
1559927518.4362555 24.43 95172.61
1559927578.480761 24.41 95170.08
1559927638.5096662 24.36 95170.42
1559927698.5385718 24.42 95172.85
1559927758.5674772 24.41 95169.41
1559927818.5963826 24.40 95171.46
1559927878.6252882 24.42 95171.88
1559927938.6541936 24.45 95170.71
1559927998.6830988 24.44 95172.58
1559928058.7276044 24.41 95177.33
1559928118.75651 24.40 95174.19
1559928178.7854154 24.42 95174.16
1559928238.8143208 24.41 95174.42
1559928298.8432262 24.41 95173.25
1559928358.8721316 24.38 95169.62
1559928418.901037 24.40 95171.78
1559928478.9299426 24.45 95171.03
1559928538.9744482 24.44 95170.14
1559928599.0033534 24.44 95169.71
1559928659.0322587 24.44 95171.14
1559928719.0611644 24.38 95171.02
1559928779.0900698 24.39 95171.99
1559928839.1189752 24.43 95170.61
1559928899.1478808 24.42 95170.61
1559928959.176786 24.43 95168.67
1559929019.2212915 24.45 95168.23
1559929079.250197 24.47 95168.19
1559929139.2791026 24.49 95165.32
1559929199.3080077 24.55 95164.63
1559929259.3369133 24.49 95163.78
1559929319.3658187 24.49 95163.82
1559929379.3947241 24.47 95163.00
1559929439.4236295 24.47 95164.92
1559929499.4681349 24.44 95159.11
1559929559.4970403 24.43 95157.41
1559929619.525946 24.49 95159.16
1559929679.5548513 24.46 95157.77
1559929739.5837567 24.43 95159.75
1559929799.6126623 24.40 95157.08
1559929859.6415675 24.42 95157.01
1559929919.686073 24.42 95155.30
1559929979.7149785 24.44 95158.27
1559930039.743884 24.42 95156.74
1559930099.7727895 24.41 95155.11
1559930159.8016946 24.44 95149.82
1559930219.8306003 24.48 95153.58
1559930279.8595057 24.49 95152.51
1559930339.888411 24.47 95149.81
1559930399.9329164 24.44 95149.85
1559930459.961822 24.47 95144.13
1559930519.9907274 24.46 95142.42
1559930580.0196328 24.42 95139.70
1559930640.0485384 24.53 95141.27
1559930700.0774438 24.52 95140.44
1559930760.1063492 24.47 95138.17
1559930820.1352546 24.45 95139.35
1559930880.1797602 24.46 95142.36
1559930940.2086656 24.45 95143.36
1559931000.237571 24.48 95141.75
1559931060.2664764 24.49 95139.04
1559931120.295382 24.49 95141.15
1559931180.3242872 24.47 95142.19
1559931240.3531928 24.44 95140.07
1559931300.3820982 24.48 95139.82
1559931360.4110036 24.45 95141.66
1559931420.455509 24.41 95145.68
1559931480.4844146 24.43 95140.30
1559931540.51332 24.45 95138.62
1559931600.5422254 24.50 95141.00
1559931660.571131 24.47 95142.12
1559931720.6000361 24.51 95137.46
1559931780.6289418 24.51 95134.72
1559931840.657847 24.52 95132.52
1559931900.7023525 24.51 95134.69
1559931960.7312582 24.46 95129.69
1559932020.7601633 24.44 95135.65
1559932080.7890687 24.48 95128.35
1559932140.8179743 24.51 95127.88
1559932200.8468797 24.49 95128.67
1559932260.875785 24.50 95128.71
1559932320.9046907 24.48 95127.82
1559932380.949196 24.48 95132.46
1559932440.9781015 24.50 95129.88
1559932501.007007 24.48 95129.35
1559932561.0359125 24.47 95132.10
1559932621.064818 24.45 95136.35
1559932681.093723 24.47 95135.00
1559932741.1226287 24.50 95135.22
1559932801.1671343 24.52 95138.63
1559932861.1960397 24.48 95139.82
1559932921.2249448 24.49 95140.82
1559932981.2538507 24.48 95135.97
1559933041.2827559 24.51 95142.41
1559933101.3116612 24.49 95140.58
1559933161.3405669 24.49 95136.60
1559933221.3694723 24.46 95136.08
1559933281.4139776 24.47 95141.28
1559933341.442883 24.44 95138.49
1559933401.4717886 24.43 95138.53
1559933461.500694 24.42 95136.56
1559933521.5295994 24.51 95135.22
1559933581.5585048 24.52 95137.92
1559933641.5874102 24.47 95135.94
1559933701.6163156 24.47 95136.44
1559933761.6608212 24.42 95138.76
1559933821.6897268 24.42 95142.14
1559933881.718632 24.45 95138.52
1559933941.7475374 24.46 95136.64
1559934001.7764428 24.47 95136.21
1559934061.8053484 24.51 95137.57
1559934121.8342538 24.52 95139.00
1559934181.8631592 24.51 95139.41
1559934241.9076645 24.52 95140.33
1559934301.9365702 24.57 95142.86
1559934361.9654756 24.57 95142.69
1559934421.994381 24.49 95142.45
1559934482.0232863 24.53 95140.17
1559934542.0521917 24.54 95140.53
1559934602.0810971 24.52 95140.87
1559934662.1256027 24.54 95138.19
1559934722.1545084 24.53 95139.16
1559934782.1834135 24.52 95138.66
1559934842.212319 24.55 95137.52
1559934902.2412245 24.53 95136.05
1559934962.27013 24.54 95137.62
1559935022.2990353 24.58 95135.03
1559935082.327941 24.63 95131.50
1559935142.3724463 24.64 95132.00
1559935202.4013517 24.60 95133.55
1559935262.430257 24.60 95134.65
1559935322.4591627 24.64 95132.00
1559935382.488068 24.63 95132.67
1559935442.5169733 24.56 95135.10
1559935502.545879 24.52 95133.28
1559935562.5747843 24.46 95133.97
1559935622.6192899 24.46 95134.03
1559935682.648195 24.49 95135.36
1559935742.6771007 24.54 95140.80
1559935802.706006 24.52 95139.47
1559935862.7349114 24.51 95139.74
1559935922.763817 24.50 95141.08
1559935982.7927225 24.53 95136.39
1559936042.8372278 24.54 95139.63
1559936102.8661332 24.52 95142.54
1559936162.8950386 24.53 95139.89
1559936222.9239442 24.51 95137.23
1559936282.9528496 24.55 95133.34
1559936342.9817548 24.48 95134.70
1559936403.0106604 24.46 95131.83
1559936463.0395658 24.45 95135.17
1559936523.0840714 24.50 95131.99
1559936583.1129768 24.51 95134.13
1559936643.1418822 24.51 95135.19
1559936703.1707876 24.50 95132.32
1559936763.199693 24.50 95136.00
1559936823.2285986 24.53 95132.48
1559936883.257504 24.56 95134.31
1559936943.2864094 24.51 95130.78
1559937003.3309147 24.55 95128.29
1559937063.3598204 24.51 95134.06
1559937123.3887258 24.47 95135.03
1559937183.4176311 24.46 95130.39
1559937243.4465368 24.48 95130.85
1559937303.475442 24.49 95129.55
1559937363.5043473 24.53 95129.41
1559937423.548853 24.52 95129.07
1559937483.5777586 24.51 95133.72
1559937543.6066637 24.50 95132.32
1559937603.635569 24.50 95128.48
1559937663.6644747 24.53 95129.37
1559937723.69338 24.54 95132.57
1559937783.7222855 24.53 95128.64
1559937843.7511911 24.52 95131.31
1559937903.7800965 24.47 95127.42
1559937963.8090017 24.47 95133.00
1559938023.8535073 24.46 95132.90
1559938083.882413 24.50 95132.16
1559938143.9113183 24.53 95135.22
1559938203.9402235 24.50 95135.39
1559938263.9691293 24.49 95140.38
1559938323.9980345 24.49 95138.27
1559938384.0269399 24.50 95137.83
1559938444.0558453 24.46 95137.48
1559938504.1003506 24.48 95136.71
1559938564.1292562 24.50 95138.00
1559938624.1581616 24.52 95139.16
1559938684.187067 24.51 95140.57
1559938744.2159727 24.49 95137.94
1559938804.244878 24.46 95138.18
1559938864.2737832 24.45 95140.82
1559938924.3182888 24.44 95140.63
1559938984.3471944 24.43 95136.69
1559939044.3760998 24.40 95141.24
1559939104.4050052 24.46 95137.92
1559939164.4339106 24.48 95140.32
1559939224.462816 24.46 95140.99
1559939284.4917214 24.51 95139.47
1559939344.520627 24.52 95138.46
1559939404.5651324 24.51 95138.40
1559939464.5940378 24.50 95137.67
1559939524.6229432 24.44 95137.39
1559939584.6518488 24.45 95142.36
1559939644.6807542 24.44 95140.22
1559939704.7096596 24.45 95141.46
1559939764.7385652 24.40 95141.14
1559939824.7674704 24.46 95140.02
1559939884.811976 24.47 95143.36
1559939944.8408813 24.48 95140.32
1559940004.869787 24.41 95145.35
1559940064.8986921 24.45 95145.64
1559940124.9275978 24.47 95146.36
1559940184.9565032 24.49 95149.34
1559940244.9854085 24.49 95145.42
1559940305.014314 24.47 95148.41
1559940365.0588193 24.50 95149.80
1559940425.0877247 24.49 95152.94
1559940485.1166303 24.52 95149.86
1559940545.1455357 24.49 95149.00
1559940605.174441 24.46 95153.05
1559940665.2033467 24.48 95154.42
1559940725.232252 24.53 95155.27
1559940785.2767575 24.53 95156.94
1559940845.3056629 24.51 95156.96
1559940905.3345685 24.48 95155.25
1559940965.363474 24.47 95160.00
1559941025.392379 24.47 95158.43
1559941085.4212847 24.45 95161.02
1559941145.45019 24.43 95162.89
1559941205.4790955 24.47 95170.03
1559941265.5236008 24.46 95169.66
1559941325.5525064 24.46 95168.77
1559941385.5814118 24.52 95173.86
1559941445.6103172 24.50 95170.25
1559941505.6392229 24.50 95174.27
1559941565.6681283 24.47 95174.47
1559941625.6970336 24.49 95175.17
1559941685.725939 24.43 95177.92
1559941745.7704446 24.46 95180.32
1559941805.79935 24.45 95181.36
1559941865.8282554 24.47 95181.39
1559941925.8571608 24.39 95178.00
1559941985.8860662 24.46 95177.02
1559942045.9149716 24.43 95179.57
1559942105.9438772 24.47 95177.65
1559942165.9727826 24.43 95178.69
1559942226.017288 24.45 95179.72
1559942286.0461934 24.46 95180.36
1559942346.075099 24.46 95179.69
1559942406.1040044 24.45 95179.39
1559942466.1329098 24.43 95178.86
1559942526.1618154 24.45 95181.36
1559942586.1907206 24.48 95179.49
1559942646.219626 24.46 95181.96
1559942706.2641315 24.44 95177.25
1559942766.293037 24.47 95178.89
1559942826.3219426 24.46 95178.36
1559942886.3508477 24.46 95176.52
1559942946.379753 24.41 95176.26
1559943006.4086587 24.40 95173.89
1559943066.4375641 24.40 95173.39
1559943126.4664695 24.40 95172.05
1559943186.510975 24.44 95177.32
1559943246.5398805 24.45 95176.89
1559943306.568786 24.41 95175.32
1559943366.5976913 24.44 95174.58
1559943426.626597 24.45 95175.91
1559943486.655502 24.42 95181.80
1559943546.6844075 24.38 95180.38
1559943606.713313 24.38 95183.89
1559943666.7578187 24.37 95184.32
1559943726.786724 24.38 95182.55
1559943786.8156292 24.39 95182.41
1559943846.8445349 24.43 95181.60
1559943906.8734403 24.40 95184.72
1559943966.9023457 24.36 95180.71
1559944026.9312513 24.37 95183.35
1559944086.9601567 24.44 95179.72
1559944146.9890618 24.48 95178.08
1559944207.0179677 24.44 95181.90
1559944267.062473 24.46 95178.32
1559944327.0913785 24.42 95181.00
1559944387.1202838 24.43 95177.59
1559944447.1491892 24.42 95178.89
1559944507.1780946 24.42 95183.31
1559944567.207 24.41 95183.35
1559944627.2359056 24.46 95182.53
1559944687.264811 24.46 95184.50
1559944747.3093164 24.50 95185.13
1559944807.3382218 24.50 95188.14
1559944867.3671272 24.45 95186.08
1559944927.3960328 24.42 95184.48
1559944987.4249382 24.44 95184.35
1559945047.4538436 24.45 95181.36
1559945107.482749 24.41 95176.66
1559945167.5116544 24.42 95176.96
1559945227.5405598 24.36 95172.66
1559945287.5850654 24.41 95172.58
1559945347.6139708 24.40 95176.30
1559945407.6428764 24.43 95177.13
1559945467.6717815 24.42 95173.22
1559945527.7006872 24.44 95174.49
1559945587.7295926 24.38 95177.50
1559945647.758498 24.38 95176.53
1559945707.7874036 24.44 95177.89
1559945767.831909 24.36 95173.83
1559945827.8608143 24.34 95176.24
1559945887.8897197 24.31 95180.53
1559945947.9186254 24.35 95180.45
1559946007.9475305 24.38 95179.38
1559946067.9764361 24.40 95184.75
1559946128.0053415 24.43 95186.58
1559946188.034247 24.48 95186.71
1559946248.0787525 24.43 95190.66
1559946308.1076577 24.42 95190.83
1559946368.1365633 24.42 95193.17
1559946428.1654687 24.35 95191.47
1559946488.194374 24.32 95191.91
1559946548.2232797 24.34 95192.78
1559946608.252185 24.35 95194.19
1559946668.2810903 24.31 95195.77
1559946728.3255959 24.36 95199.80
1559946788.3545015 24.36 95196.96
1559946848.3834069 24.39 95199.66
1559946908.4123123 24.36 95202.97
1559946968.4412174 24.36 95202.10
1559947028.470123 24.38 95203.10
1559947088.4990284 24.37 95201.57
1559947148.5279338 24.37 95199.89
1559947208.5724392 24.38 95199.22
1559947268.601345 24.33 95199.53
1559947328.6302502 24.33 95200.38
1559947388.6591556 24.29 95201.82
1559947448.6880612 24.27 95201.14
1559947508.7169666 24.33 95200.10
1559947568.7458718 24.35 95202.38
1559947628.7747777 24.35 95206.17
1559947688.8036828 24.37 95206.82
1559947748.8481884 24.38 95205.24
1559947808.8770938 24.39 95204.64
1559947868.9059992 24.40 95205.41
1559947928.9349046 24.38 95206.17
1559947988.96381 24.34 95206.52
1559948048.9927156 24.33 95207.85
1559948109.021621 24.27 95210.77
1559948169.0505264 24.26 95211.54
1559948229.0950317 24.30 95208.69
1559948289.1239374 24.34 95206.25
1559948349.1528428 24.32 95207.62
1559948409.1817482 24.34 95203.75
1559948469.2106538 24.40 95206.74
1559948529.239559 24.32 95208.83
1559948589.2684643 24.37 95207.05
1559948649.29737 24.36 95207.58
1559948709.3418756 24.37 95203.71
1559948769.3707807 24.36 95204.51
1559948829.399686 24.30 95209.46
1559948889.4285917 24.29 95212.74
1559948949.4574971 24.26 95211.10
1559949009.4864025 24.26 95210.21
1559949069.5153081 24.29 95206.42
1559949129.5442135 24.28 95210.53
1559949189.573119 24.30 95209.90
1559949249.6176243 24.28 95208.70
1559949309.6465297 24.33 95208.63
1559949369.6754353 24.37 95207.82
1559949429.7043405 24.39 95208.08
1559949489.7332463 24.48 95208.86
1559949549.7621515 24.45 95209.14
1559949609.7910569 24.45 95210.54
1559949669.8199623 24.50 95207.02
1559949729.848868 24.50 95210.43
1559949789.8933733 24.48 95206.32
1559949849.9222786 24.50 95205.08
1559949909.951184 24.48 95205.69
1559949969.9800897 24.50 95210.97
1559950030.008995 24.48 95209.77
1559950090.0379002 24.48 95209.27
1559950150.066806 24.36 95212.13
1559950210.0957112 24.36 95215.97
1559950270.1246166 24.38 95209.96
1559950330.1691222 24.34 95216.88
1559950390.1980276 24.40 95208.55
1559950450.226933 24.38 95209.58
1559950510.2558384 24.35 95206.55
1559950570.284744 24.34 95206.99
1559950630.3136494 24.35 95207.89
1559950690.3425548 24.30 95213.41
1559950750.3870602 24.25 95213.48
1559950810.4159658 24.22 95216.69
1559950870.4448712 24.24 95214.61
1559950930.4737766 24.22 95213.08
1559950990.5026822 24.17 95212.99
1559951050.5315876 24.20 95215.28
1559951110.5604928 24.23 95219.96
1559951170.5893984 24.31 95220.62
1559951230.633904 24.23 95225.91
1559951290.6628091 24.23 95227.25
1559951350.6917148 24.20 95228.82
1559951410.72062 24.27 95231.32
1559951470.7495255 24.30 95230.89
1559951530.778431 24.28 95233.86
1559951590.8073363 24.30 95233.02
1559951650.836242 24.28 95231.69
1559951710.8807473 24.27 95232.96
1559951770.9096527 24.25 95233.53
1559951830.938558 24.26 95234.06
1559951890.9674637 24.22 95239.88
1559951950.996369 24.28 95233.92
1559952011.0252745 24.27 95236.53
