1560124898.2821348 23.70 95420.02
1560124958.3110402 23.73 95414.63
1560125018.3399458 23.68 95413.33
1560125078.3688512 23.64 95417.03
1560125138.3977566 23.60 95414.84
1560125198.4266622 23.60 95415.80
1560125258.4555676 23.65 95418.13
1560125318.4844728 23.64 95416.05
1560125378.5133784 23.64 95417.36
1560125438.5422838 23.69 95420.15
1560125498.5711892 23.68 95420.11
1560125558.6000948 23.65 95420.10
1560125618.6290002 23.65 95419.50
1560125678.6579056 23.64 95421.86
1560125738.686811 23.66 95422.35
1560125798.7313166 23.62 95426.46
1560125858.760222 23.60 95424.99
1560125918.7891273 23.65 95423.37
1560125978.818033 23.61 95425.15
1560126038.8469381 23.59 95422.51
1560126098.8758435 23.60 95424.68
1560126158.9047492 23.57 95427.50
1560126218.9336545 23.54 95432.33
1560126278.96256 23.55 95433.91
1560126338.9914656 23.56 95435.64
1560126399.0203707 23.54 95435.43
1560126459.0648763 23.58 95433.99
1560126519.0937817 23.59 95436.36
1560126579.1226869 23.59 95433.53
1560126639.1515927 23.57 95431.35
1560126699.180498 23.58 95433.82
1560126759.2094033 23.57 95441.35
1560126819.238309 23.58 95435.13
1560126879.2672143 23.64 95436.82
1560126939.2961197 23.61 95435.84
1560126999.3250253 23.57 95435.96
1560127059.3539305 23.59 95437.13
1560127119.3828363 23.56 95440.78
1560127179.4117415 23.59 95437.86
1560127239.456247 23.61 95438.00
1560127299.4851525 23.69 95439.35
1560127359.5140576 23.68 95437.87
1560127419.5429633 23.70 95434.31
1560127479.5718687 23.67 95436.64
1560127539.600774 23.65 95436.86
1560127599.6296797 23.63 95439.19
1560127659.658585 23.68 95442.21
1560127719.6874902 23.69 95442.35
1560127779.7163959 23.63 95437.28
1560127839.7453012 23.62 95437.32
1560127899.7742066 23.64 95441.89
1560127959.8187122 23.64 95441.42
1560128019.8476176 23.61 95442.48
1560128079.876523 23.62 95441.92
1560128139.9054284 23.62 95445.46
1560128199.934334 23.68 95440.88
1560128259.9632394 23.59 95446.34
1560128319.9921448 23.62 95448.10
1560128380.0210502 23.60 95446.11
1560128440.0499556 23.63 95451.24
1560128500.078861 23.60 95452.96
1560128560.1077666 23.69 95452.14
1560128620.136672 23.70 95453.61
1560128680.1811776 23.62 95453.93
1560128740.2100828 23.58 95454.14
1560128800.2389884 23.59 95454.18
1560128860.2678938 23.54 95449.89
1560128920.2967992 23.55 95450.56
1560128980.3257048 23.57 95449.21
1560129040.3546102 23.58 95449.74
1560129100.3835154 23.59 95452.92
1560129160.4124207 23.56 95451.47
1560129220.4413264 23.62 95459.47
1560129280.4702318 23.61 95455.53
1560129340.4991372 23.65 95453.05
1560129400.5280428 23.64 95455.28
1560129460.5569482 23.58 95456.85
1560129520.5858533 23.63 95455.38
1560129580.630359 23.60 95454.86
1560129640.6592646 23.63 95452.53
1560129700.68817 23.66 95449.82
1560129760.717075 23.63 95457.41
1560129820.7459807 23.54 95454.46
1560129880.7748861 23.59 95455.25
1560129940.8037915 23.60 95454.06
1560130000.8326972 23.59 95458.72
1560130060.8616025 23.61 95458.50
1560130120.8905077 23.54 95460.40
1560130180.9194136 23.65 95465.07
1560130240.9483187 23.64 95468.77
1560130300.9928243 23.67 95466.71
1560130361.0217297 23.61 95466.88
1560130421.050635 23.59 95468.07
1560130481.0795405 23.66 95468.47
1560130541.108446 23.68 95469.28
1560130601.1373515 23.73 95472.11
1560130661.166257 23.78 95468.50
1560130721.1951623 23.78 95473.17
1560130781.2240677 23.72 95469.50
1560130841.2529733 23.69 95470.73
1560130901.2818785 23.74 95472.60
1560130961.310784 23.69 95472.10
1560131021.3396895 23.75 95474.40
1560131081.3841949 23.77 95477.25
1560131141.4131002 23.84 95479.28
1560131201.4420059 23.78 95481.76
1560131261.4709113 23.78 95479.25
1560131321.4998167 23.75 95476.77
1560131381.5287223 23.84 95477.11
1560131441.5576277 23.91 95473.03
1560131501.586533 23.84 95478.42
1560131561.6154382 23.85 95472.44
1560131621.6443439 23.87 95472.35
1560131681.6732492 23.85 95474.71
1560131741.7021546 23.82 95478.91
1560131801.74666 23.81 95480.03
1560131861.7755656 23.78 95476.78
1560131921.804471 23.78 95474.08
1560131981.8333764 23.79 95475.49
1560132041.862282 23.75 95477.67
1560132101.8911874 23.71 95475.28
1560132161.9200926 23.77 95476.44
1560132221.9489982 23.80 95478.53
1560132281.9779036 23.80 95478.77
1560132342.006809 23.84 95483.62
1560132402.0357146 23.79 95480.72
1560132462.06462 23.78 95479.25
1560132522.1091254 23.81 95481.53
1560132582.1380308 23.82 95481.25
1560132642.1669364 23.78 95480.99
1560132702.1958418 23.78 95484.13
1560132762.2247472 23.78 95483.27
1560132822.2536526 23.84 95479.82
1560132882.2825582 23.83 95483.92
1560132942.3114634 23.86 95480.53
1560133002.340369 23.86 95478.92
1560133062.3692744 23.82 95485.08
1560133122.3981798 23.86 95481.83
1560133182.4270854 23.87 95481.71
1560133242.4559908 23.85 95481.46
1560133302.484896 23.86 95487.71
1560133362.5138016 23.87 95481.53
1560133422.5583072 23.83 95483.69
1560133482.5872123 23.87 95476.16
1560133542.616118 23.86 95479.13
1560133602.6450233 23.84 95483.19
1560133662.6739287 23.83 95482.92
1560133722.7028341 23.81 95484.21
1560133782.7317398 23.80 95483.84
1560133842.7606452 23.84 95482.75
1560133902.7895505 23.83 95481.08
1560133962.8184557 23.76 95483.32
1560134022.8473613 23.79 95482.74
1560134082.8762667 23.82 95482.75
1560134142.920772 23.82 95487.05
1560134202.9496777 23.79 95484.57
1560134262.978583 23.78 95487.47
1560134323.0074885 23.77 95488.93
1560134383.036394 23.76 95484.15
1560134443.0652995 23.79 95491.58
1560134503.094205 23.87 95486.21
1560134563.1231103 23.88 95476.80
1560134623.1520157 23.81 95481.00
1560134683.180921 23.81 95478.50
1560134743.2098265 23.76 95480.58
1560134803.238732 23.69 95479.75
1560134863.2832375 23.65 95483.76
1560134923.3121428 23.71 95480.55
1560134983.3410482 23.67 95483.40
1560135043.3699539 23.71 95482.56
1560135103.3988593 23.79 95480.50
1560135163.4277647 23.79 95485.30
1560135223.4566703 23.82 95482.55
1560135283.4855754 23.78 95487.53
1560135343.5144808 23.77 95492.71
1560135403.5433865 23.74 95492.89
1560135463.5722919 23.75 95499.21
1560135523.6011972 23.62 95493.72
1560135583.6457026 23.53 95494.77
1560135643.6746082 23.50 95494.12
1560135703.7035136 23.60 95498.35
1560135763.732419 23.58 95500.17
1560135823.7613246 23.57 95498.16
1560135883.79023 23.58 95500.00
1560135943.8191354 23.65 95499.96
1560136003.8480408 23.69 95503.98
1560136063.8769462 23.71 95503.92
1560136123.9058516 23.76 95511.03
1560136183.9347572 23.78 95513.38
1560136243.9636626 23.78 95509.84
1560136303.992568 23.80 95512.22
1560136364.0370734 23.75 95513.92
1560136424.0659788 23.72 95512.64
1560136484.0948844 23.78 95513.98
1560136544.1237898 23.76 95512.26
1560136604.1526952 23.68 95511.75
1560136664.1816006 23.69 95510.72
1560136724.210506 23.77 95509.07
1560136784.2394114 23.77 95512.94
1560136844.268317 23.79 95510.78
1560136904.2972224 23.78 95514.25
1560136964.3261278 23.83 95518.25
1560137024.3550332 23.83 95517.32
1560137084.3839388 23.89 95517.35
1560137144.412844 23.81 95515.74
1560137204.4417496 23.79 95520.74
1560137264.4862552 23.77 95514.77
1560137324.5151603 23.82 95515.14
1560137384.5440657 23.81 95516.16
1560137444.5729713 23.85 95517.96
1560137504.6018767 23.91 95515.45
1560137564.6307821 23.87 95514.07
1560137624.6596878 23.78 95512.91
1560137684.688593 23.80 95514.89
1560137744.7174985 23.81 95514.00
1560137804.746404 23.81 95513.80
1560137864.7753093 23.81 95512.73
1560137924.8042147 23.83 95513.57
1560137984.84872 23.83 95514.60
1560138044.8776257 23.77 95514.24
1560138104.906531 23.76 95513.14
1560138164.9354365 23.68 95511.35
1560138224.964342 23.77 95515.08
1560138284.9932475 23.80 95512.72
1560138345.0221527 23.85 95511.61
1560138405.0510583 23.83 95516.35
1560138465.0799637 23.79 95516.78
1560138525.108869 23.77 95518.94
1560138585.1377747 23.77 95517.17
1560138645.16668 23.73 95516.79
1560138705.2111855 23.73 95521.13
1560138765.2400908 23.72 95518.89
1560138825.2689962 23.63 95517.66
1560138885.2979019 23.64 95518.71
1560138945.3268073 23.62 95521.69
1560139005.3557127 23.66 95520.82
1560139065.384618 23.55 95518.28
1560139125.4135234 23.64 95518.87
1560139185.4424288 23.61 95520.35
1560139245.4713345 23.52 95519.24
1560139305.5002398 23.49 95523.65
1560139365.5291452 23.49 95526.02
1560139425.5736506 23.52 95525.60
1560139485.6025562 23.50 95523.42
1560139545.6314616 23.49 95523.02
1560139605.660367 23.55 95521.32
1560139665.6892726 23.51 95525.40
1560139725.7181778 23.45 95523.63
1560139785.7470832 23.57 95526.21
1560139845.7759888 23.52 95526.41
1560139905.8048942 23.51 95530.47
1560139965.8337996 23.51 95528.64
1560140025.8627052 23.57 95524.80
1560140085.8916106 23.49 95529.35
1560140145.920516 23.48 95528.85
1560140205.9494214 23.49 95528.82
1560140265.9783268 23.42 95530.67
1560140326.0072322 23.48 95526.21
1560140386.0517375 23.50 95526.89
1560140446.0806432 23.49 95525.32
1560140506.1095486 23.51 95525.30
1560140566.138454 23.50 95528.60
1560140626.1673596 23.52 95524.03
1560140686.196265 23.44 95526.92
1560140746.2251701 23.45 95525.09
1560140806.254076 23.47 95520.07
1560140866.2829812 23.46 95520.66
1560140926.3118865 23.52 95522.03
1560140986.3407922 23.48 95519.53
1560141046.3696976 23.40 95519.05
1560141106.398603 23.46 95520.59
1560141166.4431083 23.43 95516.66
1560141226.4720137 23.45 95520.58
1560141286.5009193 23.52 95518.66
1560141346.5298247 23.55 95520.65
1560141406.5587301 23.47 95520.46
1560141466.5876358 23.52 95519.19
1560141526.616541 23.47 95521.74
1560141586.6454463 23.39 95522.11
1560141646.674352 23.38 95521.21
1560141706.7032573 23.38 95521.86
1560141766.7321627 23.37 95523.30
1560141826.7610683 23.37 95521.66
1560141886.7899735 23.39 95516.40
1560141946.834479 23.39 95510.76
1560142006.8633845 23.37 95511.72
1560142066.89229 23.47 95509.28
1560142126.9211955 23.54 95512.36
1560142186.9501007 23.46 95514.02
1560142246.9790063 23.47 95510.14
1560142307.0079117 23.40 95510.47
1560142367.036817 23.39 95509.10
1560142427.0657227 23.42 95510.49
1560142487.094628 23.38 95514.96
1560142547.1235332 23.34 95509.22
1560142607.1524389 23.37 95510.88
1560142667.1813443 23.33 95516.92
1560142727.2102497 23.31 95515.64
1560142787.2547553 23.40 95512.34
1560142847.283661 23.42 95515.36
1560142907.312566 23.44 95514.24
1560142967.3414714 23.55 95510.67
1560143027.370377 23.65 95515.10
1560143087.3992825 23.54 95515.21
1560143147.4281878 23.65 95516.41
1560143207.4570935 23.58 95512.07
1560143267.4859986 23.61 95513.78
1560143327.514904 23.47 95513.39
1560143387.5438097 23.38 95515.03
1560143447.572715 23.46 95514.55
1560143507.6172206 23.49 95515.80
1560143567.6461258 23.57 95513.02
1560143627.6750312 23.54 95516.94
1560143687.7039368 23.47 95515.22
1560143747.7328422 23.48 95517.36
1560143807.7617476 23.41 95510.38
1560143867.7906532 23.44 95511.30
1560143927.8195584 23.40 95509.33
1560143987.8484638 23.42 95507.85
1560144047.8773694 23.51 95508.21
1560144107.9062748 23.48 95504.68
1560144167.9351802 23.49 95506.59
1560144227.9640858 23.46 95507.34
1560144287.992991 23.40 95505.36
1560144348.0218966 23.37 95506.71
1560144408.050802 23.35 95512.94
1560144468.0953076 23.39 95507.99
1560144528.124213 23.38 95505.72
1560144588.1531181 23.40 95511.47
1560144648.1820238 23.40 95511.21
1560144708.2109292 23.45 95510.61
1560144768.2398345 23.38 95509.06
1560144828.2687402 23.45 95510.77
1560144888.2976456 23.38 95507.05
1560144948.3265507 23.40 95509.74
1560145008.3554566 23.38 95520.03
1560145068.3843617 23.45 95513.17
1560145128.4132671 23.51 95511.78
1560145188.4421728 23.42 95508.35
1560145248.4866781 23.43 95510.32
1560145308.5155835 23.43 95507.29
1560145368.544489 23.39 95506.82
1560145428.5733945 23.39 95508.39
1560145488.6023 23.44 95509.36
1560145548.6312053 23.37 95503.47
1560145608.660111 23.38 95507.52
1560145668.6890163 23.47 95504.44
1560145728.7179215 23.40 95506.97
1560145788.7468271 23.43 95508.75
1560145848.7757325 23.41 95504.10
1560145908.804638 23.46 95506.64
1560145968.8335435 23.45 95505.23
1560146028.8780487 23.43 95506.99
1560146088.9069543 23.39 95501.42
1560146148.9358597 23.36 95502.30
1560146208.964765 23.39 95503.10
1560146268.9936707 23.39 95504.32
1560146329.022576 23.40 95501.63
1560146389.0514812 23.40 95506.21
1560146449.0803869 23.48 95505.85
1560146509.1092923 23.50 95507.50
1560146569.1381977 23.45 95504.60
1560146629.1671033 23.39 95502.25
1560146689.1960087 23.42 95503.84
1560146749.2249138 23.44 95501.05
1560146809.2694194 23.42 95501.17
1560146869.298325 23.38 95504.35
1560146929.3272305 23.39 95501.42
1560146989.3561356 23.36 95500.50
1560147049.3850415 23.35 95502.77
1560147109.4139466 23.39 95499.58
1560147169.442852 23.35 95502.25
1560147229.4717577 23.37 95499.30
1560147289.500663 23.43 95497.64
1560147349.5295684 23.38 95496.88
1560147409.558474 23.47 95498.14
1560147469.5873792 23.46 95499.00
1560147529.6162846 23.40 95500.89
1560147589.6451902 23.38 95495.00
1560147649.6740956 23.33 95502.25
1560147709.703001 23.37 95496.57
1560147769.7319067 23.32 95499.33
1560147829.776412 23.33 95501.88
1560147889.8053174 23.35 95499.92
1560147949.8342228 23.30 95502.46
1560148009.8631284 23.39 95500.32
1560148069.8920338 23.34 95497.18
1560148129.920939 23.46 95495.89
1560148189.9498446 23.41 95496.13
1560148249.97875 23.38 95494.34
1560148310.0076554 23.41 95495.03
1560148370.036561 23.40 95493.14
1560148430.0654664 23.40 95493.39
1560148490.0943716 23.36 95490.66
1560148550.1232774 23.38 95494.17
1560148610.1521826 23.33 95490.36
1560148670.1966882 23.34 95491.51
1560148730.2255936 23.32 95489.10
1560148790.2544987 23.35 95491.41
1560148850.2834044 23.33 95487.73
1560148910.3123097 23.33 95487.94
1560148970.3412151 23.34 95490.27
1560149030.3701208 23.37 95488.06
1560149090.3990262 23.32 95482.39
1560149150.4279313 23.32 95491.22
1560149210.4568372 23.33 95486.03
1560149270.4857423 23.33 95490.74
1560149330.5146477 23.39 95488.97
1560149390.5435534 23.41 95492.36
1560149450.5724587 23.42 95490.99
1560149510.616964 23.43 95486.43
1560149570.6458695 23.41 95483.85
1560149630.6747751 23.37 95489.86
1560149690.7036805 23.32 95486.82
1560149750.732586 23.37 95481.92
1560149810.7614915 23.33 95481.76
1560149870.790397 23.40 95483.81
1560149930.819302 23.32 95477.25
1560149990.8482077 23.34 95481.30
1560150050.877113 23.29 95481.83
1560150110.9060185 23.32 95477.75
1560150170.9349241 23.37 95476.42
1560150230.9638295 23.39 95479.74
1560150291.0083349 23.40 95480.03
1560150351.0372403 23.33 95481.79
1560150411.066146 23.32 95482.59
1560150471.0950513 23.35 95484.17
1560150531.1239564 23.37 95480.69
1560150591.1528618 23.40 95485.17
1560150651.1817675 23.38 95481.60
1560150711.2106729 23.39 95480.03
1560150771.2395785 23.36 95483.64
1560150831.2684839 23.43 95483.06
1560150891.2973893 23.43 95481.29
1560150951.326295 23.39 95480.70
1560151011.3552 23.33 95480.26
1560151071.3841054 23.35 95477.80
1560151131.4130108 23.30 95474.86
1560151191.4419165 23.31 95474.61
1560151251.4708219 23.35 95474.40
1560151311.4997272 23.31 95469.77
1560151371.5442326 23.34 95468.69
1560151431.5731382 23.32 95470.38
1560151491.6020436 23.26 95473.14
1560151551.630949 23.29 95476.00
1560151611.6598547 23.26 95473.14
1560151671.6887598 23.29 95474.79
1560151731.7176652 23.29 95473.73
1560151791.7465708 23.26 95479.41
1560151851.7754762 23.21 95478.94
1560151911.8043816 23.24 95481.53
1560151971.8332872 23.21 95475.21
1560152031.8621924 23.24 95477.60
1560152091.8910978 23.22 95477.49
1560152151.9200034 23.25 95481.24
1560152211.9645088 23.31 95475.41
1560152271.9934144 23.35 95475.67
1560152332.0223196 23.34 95475.46
1560152392.0512252 23.31 95473.91
1560152452.0801306 23.29 95473.73
1560152512.109036 23.24 95470.53
1560152572.1379416 23.27 95473.01
1560152632.166847 23.23 95468.22
1560152692.1957521 23.20 95470.27
1560152752.224658 23.21 95472.07
1560152812.2535632 23.24 95468.02
1560152872.2824686 23.24 95467.49
1560152932.3113742 23.23 95469.72
1560152992.3402796 23.23 95467.88
1560153052.369185 23.29 95466.82
1560153112.4136903 23.26 95468.53
1560153172.442596 23.18 95466.78
1560153232.4715014 23.17 95466.17
1560153292.5004067 23.21 95461.53
1560153352.529312 23.23 95463.21
1560153412.5582178 23.25 95462.32
1560153472.587123 23.21 95462.63
1560153532.6160283 23.25 95463.59
1560153592.644934 23.21 95461.43
1560153652.6738393 23.24 95464.52
1560153712.7027447 23.26 95461.86
1560153772.7316504 23.24 95459.52
1560153832.7605555 23.27 95461.00
1560153892.789461 23.24 95460.82
1560153952.8183665 23.24 95458.35
1560154012.8628721 23.26 95459.19
1560154072.8917773 23.23 95461.44
1560154132.9206827 23.20 95459.05
1560154192.9495883 23.22 95460.36
1560154252.9784937 23.22 95463.94
1560154313.007399 23.24 95466.19
1560154373.0363047 23.26 95460.96
1560154433.06521 23.26 95467.40
1560154493.0941153 23.26 95466.86
1560154553.123021 23.21 95469.60
1560154613.1519263 23.19 95464.19
1560154673.1808317 23.22 95465.88
1560154733.2097373 23.22 95468.85
1560154793.2386427 23.28 95470.15
1560154853.2675478 23.27 95473.04
1560154913.2964535 23.24 95469.92
1560154973.3253589 23.23 95470.85
1560155033.3542643 23.28 95471.92
1560155093.38317 23.26 95469.71
1560155153.4276755 23.23 95470.62
1560155213.4565806 23.24 95473.32
1560155273.485486 23.22 95472.61
1560155333.5143917 23.23 95471.41
1560155393.543297 23.22 95474.28
1560155453.5722024 23.25 95475.33
1560155513.601108 23.21 95479.44
1560155573.6300132 23.18 95472.28
1560155633.6589186 23.24 95481.19
1560155693.687824 23.24 95481.83
1560155753.7167296 23.20 95485.17
1560155813.745635 23.18 95487.39
1560155873.7745407 23.24 95492.04
1560155933.803446 23.28 95492.87
1560155993.8323512 23.23 95495.43
1560156053.8768568 23.26 95494.55
1560156113.9057622 23.31 95497.36
1560156173.9346678 23.27 95498.63
1560156233.963573 23.23 95499.24
1560156293.9924784 23.24 95505.52
1560156354.021384 23.28 95508.85
1560156414.0502894 23.27 95507.81
1560156474.0791948 23.27 95503.60
1560156534.1081004 23.27 95507.04
1560156594.1370058 23.30 95500.82
1560156654.1659112 23.29 95498.52
1560156714.1948166 23.28 95506.82
1560156774.223722 23.30 95500.99
1560156834.2526274 23.31 95502.07
1560156894.2971327 23.32 95498.74
1560156954.3260386 23.25 95501.92
1560157014.3549438 23.23 95505.25
1560157074.3838491 23.25 95510.30
1560157134.4127548 23.27 95512.45
1560157194.4416602 23.29 95515.50
1560157254.4705653 23.22 95515.41
1560157314.4994712 23.22 95519.82
1560157374.5283763 23.24 95521.36
1560157434.5572817 23.23 95519.82
1560157494.5861874 23.30 95521.31
1560157554.6150928 23.25 95519.27
1560157614.6439981 23.25 95523.71
1560157674.6729038 23.25 95523.44
1560157734.701809 23.28 95526.66
1560157794.7307146 23.28 95524.33
1560157854.75962 23.29 95527.17
1560157914.7885253 23.22 95522.72
1560157974.8174307 23.26 95524.69
1560158034.861936 23.26 95525.35
1560158094.8908415 23.27 95523.05
1560158154.919747 23.24 95525.07
1560158214.9486525 23.23 95524.83
1560158274.977558 23.20 95521.97
1560158335.0064635 23.18 95520.75
1560158395.0353687 23.19 95522.66
1560158455.064274 23.21 95524.17
1560158515.0931797 23.21 95524.35
1560158575.122085 23.14 95532.63
1560158635.1509905 23.11 95527.71
1560158695.179896 23.12 95525.14
1560158755.2088013 23.19 95530.00
1560158815.237707 23.21 95529.11
1560158875.2666123 23.21 95532.85
1560158935.311118 23.17 95537.12
1560158995.3400233 23.19 95533.10
1560159055.3689284 23.16 95537.85
1560159115.397834 23.18 95536.26
1560159175.4267395 23.15 95539.61
1560159235.4556448 23.16 95541.55
1560159295.4845505 23.15 95538.67
1560159355.5134559 23.24 95540.55
1560159415.5423613 23.23 95537.85
1560159475.571267 23.19 95541.17
1560159535.600172 23.18 95537.10
1560159595.6290774 23.17 95540.30
1560159655.657983 23.21 95540.63
1560159715.6868885 23.18 95544.74
1560159775.7157938 23.21 95541.66
1560159835.7602992 23.20 95548.49
1560159895.7892048 23.17 95546.64
1560159955.8181102 23.15 95549.82
1560160015.8470156 23.22 95547.94
1560160075.8759212 23.14 95550.38
1560160135.9048266 23.20 95549.89
1560160195.9337318 23.26 95552.14
1560160255.9626374 23.23 95553.69
1560160315.9915428 23.22 95555.88
1560160376.0204482 23.18 95553.44
1560160436.0493538 23.17 95550.30
1560160496.0782592 23.12 95556.07
1560160556.1071646 23.14 95554.88
1560160616.1360698 23.13 95556.60
1560160676.1649754 23.14 95556.98
1560160736.209481 23.17 95556.53
1560160796.2383862 23.18 95563.22
1560160856.267292 23.17 95561.88
1560160916.2961972 23.22 95567.69
1560160976.3251026 23.23 95563.36
1560161036.354008 23.25 95567.17
1560161096.3829136 23.18 95567.89
1560161156.411819 23.20 95565.97
1560161216.4407244 23.17 95568.97
1560161276.4696298 23.16 95570.58
1560161336.4985352 23.13 95570.94
1560161396.5274405 23.17 95573.58
1560161456.5563462 23.16 95571.17
1560161516.5852516 23.18 95576.10
1560161576.614157 23.21 95573.52
1560161636.6430624 23.17 95577.59
1560161696.671968 23.17 95574.32
1560161756.7008731 23.15 95575.50
1560161816.7297788 23.16 95580.35
1560161876.7586842 23.10 95581.16
1560161936.8031895 23.10 95578.83
1560161996.832095 23.11 95579.47
1560162056.8610005 23.09 95581.52
1560162116.889906 23.10 95581.25
1560162176.9188113 23.10 95583.74
1560162236.947717 23.20 95578.75
1560162296.976622 23.19 95577.94
1560162357.0055277 23.21 95580.99
1560162417.0344331 23.18 95581.07
1560162477.0633385 23.16 95580.92
1560162537.092244 23.13 95576.08
1560162597.1211495 23.08 95576.38
1560162657.150055 23.10 95579.25
1560162717.1789603 23.14 95579.33
1560162777.2078657 23.14 95582.07
1560162837.2523713 23.16 95582.75
1560162897.2812767 23.14 95584.40
1560162957.3101819 23.17 95589.23
1560163017.3390877 23.20 95587.92
1560163077.3679929 23.15 95585.67
1560163137.3968983 23.22 95590.07
1560163197.4258037 23.18 95593.44
1560163257.4547093 23.21 95589.03
1560163317.4836147 23.21 95591.40
1560163377.51252 23.16 95594.76
1560163437.5414255 23.13 95594.00
1560163497.5703309 23.13 95595.67
1560163557.5992362 23.08 95596.88
1560163617.6281419 23.11 95601.42
1560163677.6570473 23.14 95604.68
1560163737.6859527 23.13 95606.94
1560163797.730458 23.13 95604.67
1560163857.7593637 23.15 95603.39
1560163917.788269 23.15 95606.65
1560163977.8171744 23.17 95603.44
1560164037.84608 23.14 95605.25
1560164097.8749852 23.17 95604.17
1560164157.9038906 23.18 95606.96
1560164217.9327962 23.13 95609.67
1560164277.9617016 23.13 95604.71
1560164337.990607 23.18 95605.72
1560164398.0195127 23.22 95604.32
1560164458.048418 23.20 95608.44
1560164518.0773234 23.27 95608.03
1560164578.1062288 23.26 95612.19
1560164638.1351342 23.22 95612.23
1560164698.1640396 23.16 95616.81
1560164758.1929452 23.16 95619.28
1560164818.2218506 23.17 95619.12
1560164878.250756 23.18 95620.25
1560164938.2952614 23.12 95624.78
1560164998.324167 23.20 95623.28
1560165058.3530724 23.27 95622.50
1560165118.3819778 23.25 95629.57
1560165178.4108832 23.21 95628.33
1560165238.4397886 23.18 95632.93
1560165298.468694 23.19 95630.88
1560165358.4975996 23.18 95634.64
1560165418.526505 23.19 95633.99
1560165478.5554104 23.17 95635.77
1560165538.584316 23.18 95629.97
1560165598.6132212 23.19 95631.05
1560165658.6421266 23.22 95632.25
1560165718.671032 23.19 95631.75
1560165778.6999376 23.20 95632.86
1560165838.744443 23.17 95629.42
1560165898.7733486 23.21 95635.10
1560165958.8022537 23.23 95635.09
1560166018.8311594 23.24 95638.17
1560166078.8600647 23.20 95638.90
1560166138.8889701 23.22 95638.32
1560166198.9178758 23.21 95641.24
1560166258.9467812 23.23 95642.03
1560166318.9756863 23.17 95642.94
1560166379.004592 23.20 95643.13
1560166439.0334973 23.21 95641.37
1560166499.0624027 23.22 95643.02
1560166559.0913084 23.27 95636.22
1560166619.1202137 23.26 95639.46
1560166679.149119 23.24 95639.97
1560166739.1936245 23.18 95636.47
1560166799.2225301 23.19 95638.85
1560166859.2514355 23.17 95635.03
1560166919.280341 23.25 95635.88
1560166979.3092463 23.24 95642.17
1560167039.3381517 23.27 95642.23
1560167099.367057 23.37 95643.46
1560167159.3959627 23.37 95638.39
1560167219.424868 23.31 95641.83
1560167279.4537735 23.24 95641.90
1560167339.482679 23.26 95639.55
1560167399.5115845 23.24 95645.17
1560167459.5404897 23.28 95643.60
1560167519.5693953 23.32 95644.99
1560167579.613901 23.37 95640.55
1560167639.642806 23.38 95644.44
1560167699.6717114 23.46 95645.97
1560167759.685017 23.50 95647.35
1560167819.7295225 23.51 95647.39
1560167879.7584279 23.55 95645.99
1560167939.7873335 23.60 95647.72
1560167999.8162386 23.63 95645.52
1560168059.8451443 23.70 95644.24
1560168119.8740494 23.65 95648.64
1560168179.902955 23.61 95644.31
1560168239.9318604 23.64 95645.86
1560168299.9607658 23.64 95644.56
1560168359.9896715 23.66 95647.78
1560168420.0185769 23.66 95645.94
1560168480.047482 23.64 95647.72
1560168540.0763876 23.60 95647.24
1560168600.1208932 23.64 95643.46
1560168660.1497986 23.58 95645.51
1560168720.1787038 23.62 95647.41
1560168780.2076094 23.57 95648.08
1560168840.2365148 23.58 95646.28
1560168900.2654202 23.61 95640.46
1560168960.2943258 23.62 95642.24
1560169020.3232312 23.56 95641.56
1560169080.3521366 23.58 95639.50
1560169140.381042 23.49 95643.00
1560169200.4099474 23.50 95641.37
1560169260.4388528 23.46 95640.74
1560169320.4833584 23.44 95644.52
1560169380.5122638 23.43 95644.55
1560169440.5411692 23.43 95642.64
1560169500.5700746 23.54 95641.03
1560169560.5989802 23.58 95642.00
1560169620.6278856 23.57 95642.30
1560169680.656791 23.55 95644.25
1560169740.6856966 23.57 95638.46
1560169800.714602 23.61 95641.60
1560169860.7435071 23.55 95640.67
1560169920.7724128 23.48 95644.03
1560169980.8013182 23.50 95643.41
1560170040.8302236 23.62 95642.00
1560170100.8747292 23.62 95640.44
1560170160.9036345 23.64 95639.18
1560170220.93254 23.56 95637.49
1560170280.9614453 23.49 95630.14
1560170340.990351 23.47 95629.80
1560170401.0192564 23.58 95627.42
1560170461.0481617 23.55 95628.46
1560170521.077067 23.54 95631.42
1560170581.1059725 23.56 95628.24
1560170641.134878 23.67 95631.47
1560170701.1637833 23.54 95627.12
1560170761.192689 23.53 95627.82
1560170821.2371943 23.54 95624.25
1560170881.2660997 23.49 95623.47
1560170941.295005 23.47 95623.36
1560171001.3239107 23.42 95621.71
1560171061.352816 23.37 95623.60
1560171121.3817215 23.40 95624.86
1560171181.410627 23.47 95625.09
1560171241.4395323 23.53 95628.08
1560171301.4684377 23.42 95622.44
1560171361.4973433 23.45 95626.25
1560171421.5262487 23.51 95622.92
1560171481.555154 23.51 95620.32
1560171541.5840595 23.51 95617.64
1560171601.612965 23.51 95617.92
1560171661.6418703 23.48 95613.99
1560171721.670776 23.42 95610.55
1560171781.7152815 23.47 95611.57
1560171841.7441866 23.51 95609.74
1560171901.773092 23.58 95611.66
1560171961.8019977 23.52 95609.98
1560172021.830903 23.44 95605.64
1560172081.8598084 23.50 95608.50
1560172141.888714 23.53 95601.54
1560172201.9176192 23.49 95602.95
1560172261.9465246 23.49 95606.96
1560172321.9754303 23.48 95610.44
1560172382.0043356 23.42 95609.27
1560172442.033241 23.45 95606.72
1560172502.0777464 23.47 95607.84
1560172562.106652 23.49 95608.05
1560172622.1355574 23.53 95607.28
1560172682.1644628 23.53 95605.42
1560172742.1933684 23.50 95605.78
1560172802.2222738 23.47 95607.43
1560172862.2511792 23.52 95605.35
1560172922.2800844 23.54 95603.99
1560172982.30899 23.46 95603.52
1560173042.3378954 23.47 95604.94
1560173102.3668008 23.52 95600.94
1560173162.3957064 23.55 95602.56
1560173222.4402118 23.62 95603.05
1560173282.4691172 23.59 95599.46
1560173342.4980226 23.58 95593.37
1560173402.5269282 23.55 95595.28
1560173462.5558336 23.56 95594.96
1560173522.584739 23.60 95594.15
1560173582.6136444 23.64 95591.55
1560173642.6425498 23.66 95601.01
1560173702.6714551 23.59 95597.42
1560173762.7003608 23.65 95594.42
1560173822.7292662 23.66 95594.83
1560173882.7737715 23.64 95590.64
1560173942.802677 23.70 95592.00
1560174002.8315825 23.75 95590.89
1560174062.860488 23.69 95593.46
1560174122.8893933 23.72 95587.50
1560174182.918299 23.72 95589.83
1560174242.947204 23.80 95586.32
1560174302.9761097 23.70 95589.12
1560174363.0050151 23.77 95591.27
1560174423.0339205 23.76 95589.33
1560174483.062826 23.76 95587.26
1560174543.0917315 23.78 95585.71
1560174603.136237 23.80 95586.85
1560174663.1651423 23.80 95576.67
1560174723.1940477 23.79 95578.89
1560174783.2229533 23.82 95576.08
1560174843.2518587 23.82 95571.36
1560174903.2807639 23.84 95574.11
1560174963.3096695 23.82 95575.98
1560175023.338575 23.79 95566.44
1560175083.3674803 23.82 95563.78
1560175143.396386 23.79 95567.11
1560175203.440891 23.88 95570.41
1560175263.4541965 23.90 95567.61
1560175323.498702 23.82 95564.89
1560175383.5276074 23.83 95564.03
1560175443.556513 23.83 95562.02
1560175503.5854185 23.88 95562.62
1560175563.6143236 23.91 95564.25
1560175623.6432292 23.92 95560.77
1560175683.6721346 23.98 95558.64
1560175743.70104 23.96 95558.25
1560175803.7299457 23.90 95558.29
1560175863.758851 23.90 95557.92
1560175923.7877564 23.91 95559.21
1560175983.8322618 23.92 95548.42
1560176043.8611674 23.91 95548.78
1560176103.8900728 23.92 95544.75
1560176163.9189782 23.93 95552.03
1560176223.9478838 23.95 95544.59
1560176283.976789 23.95 95545.53
1560176344.0056944 23.93 95545.52
1560176404.0346 23.85 95538.33
1560176464.0635054 23.88 95541.42
1560176524.0924108 23.93 95542.21
1560176584.1369162 23.93 95538.17
1560176644.1658218 23.95 95538.67
1560176704.1947272 23.91 95533.35
1560176764.2236326 23.92 95530.28
1560176824.2525382 23.98 95533.92
1560176884.2814436 23.98 95535.59
1560176944.3103487 24.05 95533.05
1560177004.3392544 24.02 95527.89
1560177064.3681598 24.00 95527.18
1560177124.3970652 24.02 95527.39
1560177184.4415708 24.03 95522.02
1560177244.4704762 24.08 95523.44
1560177304.4993815 24.05 95525.03
1560177364.528287 24.01 95528.05
1560177424.5571926 23.97 95525.33
1560177484.586098 23.96 95521.35
1560177544.6150033 23.94 95521.75
1560177604.6439085 23.98 95519.89
1560177664.6728141 24.01 95519.87
1560177724.7017195 24.00 95514.89
1560177784.746225 24.01 95514.39
1560177844.7751305 24.00 95515.92
1560177904.804036 23.93 95518.30
1560177964.8329413 23.90 95509.50
1560178024.8618467 23.83 95509.67
1560178084.8907523 23.82 95510.69
1560178144.9196577 23.85 95510.44
1560178204.948563 23.83 95502.28
1560178264.9774685 23.82 95503.45
1560178325.006374 23.79 95500.60
1560178385.0508795 23.78 95500.89
1560178445.0797849 23.80 95498.03
1560178505.1086903 23.81 95497.57
1560178565.1375957 23.78 95493.95
1560178625.166501 23.83 95490.23
1560178685.1954067 23.88 95483.31
1560178745.224312 23.86 95485.50
1560178805.2532175 23.87 95486.38
1560178865.282123 23.86 95481.86
1560178925.3110285 23.92 95478.02
1560178985.3555338 23.87 95484.74
1560179045.3844392 23.81 95478.74
1560179105.4133449 23.85 95479.89
1560179165.44225 23.85 95471.37
1560179225.4711556 23.83 95477.03
1560179285.500061 23.84 95472.27
1560179345.5289664 23.88 95469.28
1560179405.5578718 23.87 95467.50
1560179465.5867774 23.86 95462.73
1560179525.6156828 23.90 95464.28
1560179585.6445882 23.85 95458.52
1560179645.6734934 23.84 95454.21
1560179705.702399 23.86 95449.21
1560179765.7469046 23.87 95448.11
1560179825.7758098 23.86 95448.10
1560179885.8047156 23.82 95445.41
1560179945.8336208 23.79 95442.00
1560180005.8625262 23.83 95440.51
1560180065.8914316 23.91 95437.24
1560180125.9203372 23.91 95434.13
1560180185.9492426 23.88 95432.71
1560180245.978148 23.83 95433.63
1560180306.0070534 23.87 95430.82
1560180366.051559 23.85 95433.91
1560180426.0804644 23.86 95425.26
1560180486.1093698 23.84 95424.39
1560180546.1382754 23.82 95421.44
1560180606.1671805 23.81 95419.30
1560180666.196086 23.84 95418.97
1560180726.2249916 23.83 95418.41
1560180786.253897 23.83 95417.94
1560180846.2828023 23.80 95416.49
1560180906.311708 23.84 95415.67
1560180966.3406131 23.81 95416.63
1560181026.3851187 23.79 95413.52
1560181086.414024 23.78 95412.74
1560181146.4429297 23.79 95413.89
1560181206.471835 23.83 95404.28
1560181266.5007403 23.80 95405.17
1560181326.529646 23.80 95395.89
1560181386.5585513 23.81 95397.23
1560181446.5874567 23.84 95393.94
1560181506.6163623 23.81 95391.19
1560181566.6452677 23.81 95387.91
1560181626.689773 23.86 95386.19
1560181686.7186785 23.94 95379.80
1560181746.747584 23.89 95377.75
1560181806.7764895 23.85 95374.21
1560181866.8053946 23.83 95374.33
1560181926.8343005 23.81 95370.75
1560181986.8632057 23.82 95372.46
1560182046.892111 23.91 95365.84
1560182106.9210167 23.91 95362.50
1560182166.949922 23.90 95359.28
1560182226.9944274 23.90 95357.39
1560182287.0233328 23.89 95358.39
1560182347.0522382 23.86 95357.31
1560182407.0811439 23.83 95353.22
1560182467.1100492 23.79 95353.01
1560182527.1389544 23.80 95350.48
1560182587.1678603 23.80 95349.64
1560182647.1967654 23.80 95346.78
1560182707.2256708 23.85 95348.92
1560182767.2545764 23.84 95346.88
1560182827.2834818 23.84 95346.55
1560182887.3279872 23.81 95339.83
1560182947.3568926 23.80 95336.36
1560183007.3857982 23.83 95336.69
1560183067.4147036 23.85 95335.97
1560183127.443609 23.90 95335.52
1560183187.4725144 23.88 95336.32
1560183247.5014198 23.83 95332.19
1560183307.5303252 23.87 95325.89
1560183367.5592308 23.83 95328.25
1560183427.5881362 23.81 95326.44
1560183487.6326418 23.78 95323.43
1560183547.661547 23.81 95318.57
1560183607.6904526 23.81 95316.26
1560183667.719358 23.83 95318.97
1560183727.7482634 23.82 95313.19
1560183787.777169 23.91 95310.90
1560183847.8060744 23.99 95312.05
1560183907.8349795 23.93 95312.04
1560183967.8638852 23.88 95313.84
1560184027.8927906 23.83 95312.96
1560184087.921696 23.86 95313.03
1560184147.9506016 23.84 95308.22
1560184207.979507 23.83 95307.45
1560184268.0240123 23.86 95309.16
1560184328.0529177 23.87 95308.19
1560184388.0818233 23.91 95297.32
1560184448.1107287 23.88 95298.17
1560184508.1396341 23.90 95295.75
1560184568.1685393 23.91 95295.71
1560184628.197445 23.86 95288.92
1560184688.2263503 23.88 95290.83
1560184748.2552557 23.89 95285.52
1560184808.2841613 23.93 95290.91
1560184868.3286667 23.90 95288.06
1560184928.357572 23.88 95287.13
1560184988.3864775 23.87 95288.02
1560185048.415383 23.90 95283.25
1560185108.4442885 23.89 95277.91
1560185168.473194 23.85 95277.27
1560185228.5020993 23.90 95275.53
1560185288.531005 23.87 95275.40
1560185348.55991 23.84 95278.67
1560185408.5888157 23.85 95272.53
1560185468.6333213 23.91 95270.77
1560185528.6622264 23.89 95270.66
1560185588.6911318 23.89 95269.39
1560185648.7200375 23.92 95266.28
1560185708.7489429 23.95 95261.99
1560185768.7778482 23.96 95259.35
1560185828.8067539 23.96 95259.11
1560185888.835659 23.92 95257.88
1560185948.8645644 23.89 95256.60
1560186008.89347 23.90 95254.67
1560186068.9379756 23.97 95253.74
1560186128.966881 23.98 95253.03
1560186188.9957862 23.90 95250.50
1560186249.0246918 23.88 95255.67
1560186309.0535972 23.94 95254.87
1560186369.0825026 24.03 95248.36
1560186429.1114082 24.14 95250.27
1560186489.1403136 24.09 95252.57
1560186549.169219 24.03 95244.46
1560186609.1981242 24.09 95245.60
1560186669.24263 24.13 95242.89
1560186729.2715354 24.13 95238.17
1560186789.3004405 24.07 95234.47
1560186849.3293464 24.10 95235.77
1560186909.3582516 24.19 95235.80
1560186969.387157 24.26 95236.00
1560187029.4160624 24.24 95233.39
1560187089.444968 24.18 95236.00
1560187149.4738734 24.11 95237.07
1560187209.5027788 24.10 95238.17
1560187269.5472841 24.07 95236.97
1560187329.5761898 24.08 95237.74
1560187389.6050951 24.11 95231.72
1560187449.6340003 24.06 95229.82
1560187509.6629062 24.07 95231.19
1560187569.6918113 24.08 95232.89
1560187629.7207167 24.04 95226.72
1560187689.7496223 24.08 95225.61
1560187749.7785277 24.00 95224.52
1560187809.8074331 24.05 95223.25
1560187869.8519385 24.07 95220.85
1560187929.880844 24.05 95219.40
1560187989.9097495 24.13 95224.64
1560188049.938655 24.17 95225.41
1560188109.9675605 24.19 95229.39
1560188169.996466 24.16 95227.15
1560188230.025371 24.18 95225.41
1560188290.0542767 24.19 95223.03
1560188350.083182 24.16 95225.55
1560188410.1120875 24.17 95226.02
1560188470.140993 24.11 95227.32
1560188530.1698985 24.03 95226.75
1560188590.1988037 24.14 95226.68
1560188650.2433093 24.10 95225.58
1560188710.272215 23.98 95226.49
1560188770.3011203 23.93 95220.21
1560188830.3300254 23.93 95223.38
1560188890.3589308 23.94 95220.67
1560188950.3878365 23.91 95222.61
1560189010.4167418 23.86 95221.47
1560189070.4456475 23.85 95221.50
1560189130.4745529 23.83 95222.97
1560189190.5034583 23.85 95222.44
1560189250.5479636 23.86 95220.41
1560189310.576869 23.87 95222.47
1560189370.6057746 23.86 95221.00
1560189430.63468 23.86 95222.64
1560189490.6635852 23.88 95217.53
1560189550.692491 23.87 95218.64
1560189610.7213962 23.92 95218.64
1560189670.7503016 23.95 95217.39
1560189730.7792072 23.94 95215.97
1560189790.8081126 23.92 95216.43
1560189850.837018 23.92 95212.69
1560189910.8815234 23.90 95212.30
1560189970.910429 23.93 95210.99
1560190030.9393344 23.91 95210.92
1560190090.9682398 23.90 95208.32
1560190150.9971452 23.89 95208.89
1560190211.0260508 23.87 95211.09
1560190271.054956 23.87 95202.97
1560190331.0838616 23.85 95202.64
1560190391.112767 23.87 95200.41
1560190451.1416724 23.88 95198.14
1560190511.1861777 23.90 95200.67
1560190571.2150834 23.91 95199.71
1560190631.2439888 23.90 95197.39
1560190691.2728941 23.92 95195.83
1560190751.3017998 23.92 95192.82
1560190811.330705 23.89 95197.33
1560190871.3596106 23.90 95193.39
1560190931.388516 23.92 95193.72
1560190991.4174213 23.93 95194.23
1560191051.4463267 23.88 95195.80
1560191111.4908323 23.86 95190.69
1560191171.5197375 23.90 95194.33
1560191231.548643 23.88 95190.12
1560191291.5775485 23.88 95187.38
1560191351.6064541 23.87 95187.21
1560191411.6353595 23.88 95188.38
1560191471.664265 23.92 95187.42
1560191531.69317 23.97 95183.50
1560191591.7220757 23.96 95183.44
1560191651.750981 23.93 95184.11
1560191711.7954867 23.96 95180.63
1560191771.824392 23.94 95181.94
1560191831.8532975 23.92 95187.71
1560191891.8822029 23.95 95180.07
1560191951.9111083 23.91 95181.10
1560192011.940014 23.93 95182.38
1560192071.9689193 23.90 95178.03
1560192131.9978247 23.92 95178.63
1560192192.02673 23.93 95178.13
1560192252.0556355 23.92 95174.22
1560192312.100141 23.97 95177.69
1560192372.1290464 23.96 95179.13
1560192432.157952 23.97 95175.92
1560192492.1868572 23.90 95173.60
1560192552.2157626 23.90 95176.89
1560192612.2446682 23.98 95176.96
1560192672.2735736 23.95 95173.62
1560192732.302479 23.97 95169.82
1560192792.3313847 23.96 95171.75
1560192852.3602898 23.91 95173.52
1560192912.3891954 23.88 95170.92
1560192972.4181008 23.91 95171.82
1560193032.4626064 23.97 95172.92
1560193092.4915118 23.97 95170.98
1560193152.520417 23.92 95171.19
1560193212.5493226 23.99 95168.41
1560193272.578228 23.97 95171.41
1560193332.6071334 23.98 95168.38
1560193392.636039 24.01 95169.71
1560193452.6649444 23.99 95169.50
1560193512.6938496 24.08 95169.94
1560193572.722755 24.06 95172.81
1560193632.7672608 24.07 95169.90
1560193692.7961662 24.12 95172.10
1560193752.8250716 24.19 95174.19
1560193812.8539767 24.16 95173.03
1560193872.8828824 24.17 95177.50
1560193932.9117877 24.34 95171.50
1560193992.9406931 24.39 95173.10
1560194052.9695988 24.42 95172.35
1560194112.9985042 24.51 95172.83
1560194173.0430095 24.67 95170.10
1560194233.071915 24.64 95170.17
1560194293.1008205 24.70 95171.10
1560194353.129726 24.80 95173.97
1560194413.1586313 24.90 95174.23
1560194473.187537 24.91 95177.24
1560194533.2320423 24.93 95176.15
1560194593.2609477 24.98 95175.33
1560194653.289853 24.97 95174.33
1560194713.3187585 24.94 95171.47
1560194773.3476639 24.99 95175.42
1560194833.3765693 24.92 95173.67
1560194893.4210749 24.80 95177.07
1560194953.4499805 24.87 95176.14
1560195013.4788857 24.91 95173.65
1560195073.507791 24.90 95175.90
1560195133.5366967 25.02 95175.44
1560195193.5812023 25.07 95179.30
1560195253.6101074 25.02 95178.15
1560195313.6390128 25.12 95177.97
1560195373.6679184 25.15 95178.42
1560195433.6968238 25.13 95179.77
1560195493.7413294 25.14 95183.21
1560195553.7702346 25.10 95173.86
1560195613.7991402 25.02 95178.08
1560195673.8280456 25.04 95175.77
1560195733.856951 25.06 95178.94
1560195793.9014564 25.11 95178.31
1560195853.9303617 25.15 95178.59
1560195913.9592674 25.24 95182.57
1560195973.9881728 25.29 95179.65
1560196034.0170782 25.24 95177.27
1560196094.0615835 25.13 95181.17
1560196154.0904891 25.14 95176.62
1560196214.1193945 25.21 95177.39
1560196274.1483 25.27 95178.56
1560196334.1928053 25.23 95175.60
1560196394.221711 25.18 95177.24
1560196454.2506163 25.12 95176.19
1560196514.2795217 25.18 95177.47
1560196574.3084273 25.19 95182.78
1560196634.3529327 25.12 95186.24
1560196694.381838 25.05 95185.20
1560196754.4107435 25.02 95185.38
1560196814.439649 25.03 95190.92
1560196874.4685545 25.09 95191.07
1560196934.5130599 25.06 95187.97
1560196994.5419652 25.07 95187.60
1560197054.5708709 25.00 95191.21
1560197114.5997763 25.06 95193.49
1560197174.6442816 25.11 95194.24
1560197234.673187 25.07 95194.52
1560197294.7020926 25.15 95194.14
1560197354.730998 25.06 95199.35
1560197414.7599034 25.24 95196.08
1560197474.8044088 25.09 95196.39
1560197534.8333144 24.97 95198.51
1560197594.8622198 24.95 95202.57
1560197654.891125 25.01 95199.19
1560197714.9356306 25.00 95200.97
1560197774.964536 24.93 95203.05
1560197834.9934416 24.96 95203.33
1560197895.022347 24.85 95202.97
1560197955.0512521 24.90 95211.02
1560198015.0957577 24.99 95205.80
1560198075.1246634 24.93 95208.13
1560198135.1535687 24.81 95207.21
1560198195.182474 24.78 95209.35
1560198255.2113795 24.69 95211.82
1560198315.2558851 24.64 95208.06
1560198375.2847903 24.65 95212.70
1560198435.313696 24.58 95211.14
1560198495.3426013 24.53 95210.92
1560198555.3715067 24.56 95211.82
1560198615.400412 24.58 95212.14
1560198675.4449174 24.47 95214.71
1560198735.473823 24.48 95213.44
1560198795.5027285 24.48 95216.78
1560198855.5316339 24.32 95220.85
1560198915.5605395 24.36 95216.67
1560198975.5894449 24.29 95222.80
1560199035.61835 24.26 95225.97
1560199095.6628556 24.22 95224.33
1560199155.6917613 24.15 95224.94
1560199215.7206666 24.09 95224.11
1560199275.749572 24.11 95229.32
1560199335.7784774 24.05 95224.02
1560199395.8073828 24.11 95229.49
1560199455.8362882 24.09 95231.19
1560199515.8651938 24.06 95230.49
1560199575.8940992 24.04 95228.78
1560199635.9386048 23.99 95225.41
1560199695.96751 23.97 95229.02
1560199755.9964154 23.93 95228.22
1560199816.025321 23.98 95232.39
1560199876.0542264 23.98 95234.00
1560199936.0831318 23.96 95230.19
1560199996.1120374 23.98 95228.72
1560200056.1409426 23.97 95226.35
1560200116.169848 24.03 95226.05
1560200176.2143536 24.02 95225.25
1560200236.243259 23.98 95225.32
1560200296.2721646 23.96 95229.69
1560200356.3010697 23.99 95230.06
1560200416.3299754 23.94 95233.19
1560200476.3588808 23.99 95233.40
1560200536.3877861 23.98 95234.89
1560200596.4166918 23.99 95232.96
1560200656.4455972 23.98 95235.13
1560200716.4901025 24.02 95234.80
1560200776.519008 24.03 95237.34
1560200836.5479136 24.02 95239.54
1560200896.5768187 23.99 95239.71
1560200956.6057243 24.01 95238.24
1560201016.6346297 24.01 95241.91
1560201076.663535 23.97 95240.04
1560201136.6924405 23.98 95245.02
1560201196.7213461 23.98 95243.52
1560201256.7502515 24.02 95247.63
1560201316.794757 24.00 95244.55
1560201376.8236623 24.04 95242.82
1560201436.852568 24.10 95244.96
1560201496.8814733 24.04 95244.39
1560201556.9103787 24.03 95242.58
1560201616.9392843 24.02 95244.46
1560201676.9681895 24.03 95245.25
1560201736.9970949 24.02 95247.39
1560201797.0260005 23.96 95251.83
1560201857.054906 23.94 95248.80
1560201917.0994112 23.96 95249.66
1560201977.1283166 23.95 95255.81
1560202037.157222 23.96 95256.71
1560202097.1861277 24.01 95256.61
1560202157.215033 23.95 95257.14
1560202217.2439384 23.94 95256.54
1560202277.2728438 23.92 95261.45
1560202337.3017492 23.98 95261.55
1560202397.3306546 24.01 95263.63
1560202457.3595603 24.00 95268.74
1560202517.3884656 23.95 95268.80
1560202577.417371 23.96 95273.44
1560202637.4618764 23.98 95270.37
1560202697.490782 24.00 95277.11
1560202757.5196874 24.00 95279.42
1560202817.5485928 24.03 95276.15
1560202877.5774984 24.00 95281.36
1560202937.6064036 24.03 95286.17
1560202997.6353092 23.99 95287.57
1560203057.6642146 23.95 95285.36
1560203117.69312 23.97 95288.71
1560203177.7220254 23.98 95289.10
1560203237.7665308 24.03 95289.94
1560203297.7954364 23.96 95288.10
1560203357.8243418 24.01 95285.57
1560203417.8532472 24.05 95288.48
1560203477.8821528 24.09 95286.14
1560203537.9110582 24.09 95288.28
1560203597.9399633 24.06 95291.89
1560203657.9688692 24.02 95290.61
1560203717.9977744 24.02 95295.82
1560203778.0266798 24.00 95297.63
1560203838.0711854 24.06 95297.10
1560203898.1000907 24.05 95293.12
1560203958.1289961 23.98 95296.45
1560204018.1579015 24.04 95295.69
1560204078.1868072 23.96 95293.44
1560204138.2157125 23.97 95293.55
1560204198.244618 23.94 95296.71
1560204258.2735236 24.01 95296.25
1560204318.3024287 24.07 95293.82
1560204378.331334 24.02 95300.10
1560204438.3758397 23.95 95299.61
1560204498.404745 23.98 95302.26
1560204558.4336507 23.99 95303.07
1560204618.462556 24.05 95301.13
1560204678.4914613 23.97 95302.50
1560204738.520367 23.96 95303.10
1560204798.5492723 23.98 95306.81
1560204858.5781777 23.96 95305.20
1560204918.6070833 23.92 95309.27
1560204978.6359885 23.91 95311.17
1560205038.680494 23.93 95313.91
1560205098.7093995 23.96 95313.95
1560205158.738305 23.98 95312.05
1560205218.7672105 23.95 95314.72
1560205278.7961156 23.95 95315.75
1560205338.8250213 24.01 95318.07
1560205398.8539267 24.00 95316.92
1560205458.882832 23.99 95321.27
1560205518.9117377 23.95 95320.99
1560205578.940643 23.88 95323.19
1560205638.9851484 23.93 95322.39
1560205699.0140538 23.97 95320.46
1560205759.0429595 23.94 95320.42
1560205819.0718648 24.01 95319.90
1560205879.1007702 23.93 95324.36
1560205939.1296756 23.90 95326.46
1560205999.158581 23.90 95326.30
1560206059.1874864 23.94 95330.61
1560206119.216392 23.93 95326.03
1560206179.2452974 23.90 95330.21
1560206239.2898028 23.94 95331.28
1560206299.3187082 23.95 95334.68
1560206359.3476138 23.96 95328.64
1560206419.3765192 23.95 95330.67
1560206479.4054246 23.94 95334.22
1560206539.4343302 23.95 95337.10
1560206599.4632354 23.94 95336.52
1560206659.4921408 23.93 95339.66
1560206719.5210462 23.91 95338.96
1560206779.5499518 23.91 95338.66
1560206839.5788572 23.90 95339.66
1560206899.6077626 23.91 95341.16
1560206959.652268 23.91 95339.49
1560207019.6811736 23.94 95341.57
1560207079.710079 23.92 95337.85
1560207139.7389843 23.89 95342.79
1560207199.76789 23.85 95345.92
1560207259.7967954 23.86 95346.02
1560207319.8257005 23.89 95343.96
1560207379.8546062 23.85 95346.66
1560207439.8835115 23.88 95346.22
1560207499.912417 23.86 95350.07
1560207559.9413226 23.82 95352.32
1560207619.985828 23.85 95350.00
1560207680.0147333 23.90 95353.45
1560207740.0436387 23.94 95355.16
1560207800.0725443 23.96 95353.60
1560207860.1014497 23.91 95353.99
1560207920.1303551 23.98 95352.39
1560207980.1592605 23.99 95352.26
1560208040.188166 24.01 95351.63
1560208100.2170713 23.97 95355.00
1560208160.245977 23.91 95356.49
1560208220.2904823 23.89 95354.78
1560208280.3193877 23.90 95356.89
1560208340.348293 23.85 95358.41
1560208400.3771987 23.85 95357.94
1560208460.406104 23.87 95355.47
1560208520.4350092 23.87 95356.85
1560208580.463915 23.86 95354.27
1560208640.4928203 23.86 95354.57
1560208700.5217257 23.91 95355.49
1560208760.5506313 23.93 95356.66
1560208820.5951364 23.89 95354.82
1560208880.624042 23.85 95357.84
1560208940.6529474 23.89 95354.04
1560209000.6818528 23.87 95363.13
1560209060.7107584 23.84 95357.94
1560209120.7396638 23.86 95357.64
1560209180.7685692 23.84 95359.64
1560209240.7974749 23.87 95359.55
1560209300.82638 23.86 95357.54
1560209360.8552854 23.90 95357.89
1560209420.884191 23.90 95357.18
1560209480.9286966 23.99 95356.71
1560209540.9576018 23.96 95358.74
1560209600.9865072 23.90 95363.70
1560209661.0154128 23.89 95365.23
1560209721.0443182 23.90 95364.30
1560209781.0732236 23.86 95367.26
1560209841.1021292 23.87 95363.66
1560209901.1310346 23.85 95364.35
1560209961.1599398 23.87 95368.36
1560210021.1888454 23.85 95371.36
1560210081.233351 23.86 95370.60
1560210141.2622564 23.91 95374.69
1560210201.2911615 23.90 95374.89
1560210261.3200672 23.93 95371.62
1560210321.3489726 23.94 95373.69
1560210381.377878 23.95 95377.10
1560210441.4067836 23.86 95378.17
1560210501.435689 23.89 95376.99
1560210561.4645941 23.90 95380.00
1560210621.4935 23.90 95377.59
1560210681.5224051 23.88 95379.15
1560210741.5669107 23.87 95382.99
1560210801.5958161 23.89 95383.36
1560210861.6247215 23.85 95383.99
1560210921.653627 23.81 95389.21
1560210981.6825323 23.86 95389.20
1560211041.711438 23.82 95391.16
1560211101.7403433 23.82 95389.39
1560211161.7692487 23.78 95393.21
1560211221.7981539 23.87 95392.00
