1560297665.4187841 24.05 95279.92
1560297725.4476898 24.15 95280.24
1560297785.4765952 24.18 95283.14
1560297845.5055006 24.04 95287.74
1560297905.5344062 24.01 95288.67
1560297965.5633116 24.02 95288.58
1560298025.607817 24.07 95288.64
1560298085.6367223 24.05 95294.55
1560298145.665628 24.13 95294.89
1560298205.6945333 24.17 95292.50
1560298265.7234385 24.15 95299.10
1560298325.7523441 24.12 95308.46
1560298385.7812495 24.04 95309.96
1560298445.810155 24.01 95315.73
1560298505.8390605 24.01 95316.16
1560298565.883566 24.05 95314.77
1560298625.9124713 24.07 95317.27
1560298685.9413767 24.09 95316.97
1560298745.9702823 24.14 95320.05
1560298805.9991877 24.13 95315.84
1560298866.028093 24.16 95318.92
1560298926.0569985 24.12 95315.77
1560298986.085904 24.09 95312.80
1560299046.1148093 24.07 95311.10
1560299106.1593149 24.03 95314.26
1560299166.1882205 24.07 95312.53
1560299226.2171257 24.05 95310.69
1560299286.246031 24.09 95313.07
1560299346.2749367 24.10 95312.77
1560299406.303842 24.07 95309.25
1560299466.3327475 24.05 95309.02
1560299526.361653 24.04 95309.05
1560299586.3905582 24.04 95306.85
1560299646.4350638 24.06 95308.08
1560299706.4639692 24.04 95309.61
1560299766.4928749 24.02 95305.97
1560299826.5217803 24.00 95304.67
1560299886.5506854 24.00 95310.14
1560299946.5795908 24.05 95305.67
1560300006.6084964 24.05 95306.71
1560300066.6374018 24.04 95305.05
1560300126.6663072 24.05 95303.91
1560300186.6952128 24.09 95307.56
1560300246.7397182 24.08 95304.58
1560300306.7686236 24.06 95305.45
1560300366.797529 24.06 95303.32
1560300426.8264346 24.10 95307.25
1560300486.8553398 24.11 95308.66
1560300546.8842454 24.10 95308.36
1560300606.9131508 24.14 95305.22
1560300666.9420562 24.14 95308.63
1560300726.9709616 24.12 95310.57
1560300787.015467 24.08 95309.72
1560300847.0443726 24.12 95309.36
1560300907.073278 24.17 95306.75
1560300967.1021833 24.20 95303.19
1560301027.131089 24.17 95305.79
1560301087.1599944 24.11 95300.47
1560301147.1888995 24.14 95299.34
1560301207.2178054 24.16 95294.13
1560301267.2467105 24.08 95295.13
1560301327.2912161 24.01 95297.52
1560301387.3201215 24.00 95297.99
1560301447.349027 23.99 95297.72
1560301507.3779323 24.00 95298.39
1560301567.4068377 23.99 95293.88
1560301627.4357433 24.09 95296.30
1560301687.4646487 24.04 95290.85
1560301747.493554 24.01 95292.35
1560301807.5224597 24.00 95292.58
1560301867.5513651 24.01 95295.08
1560301927.5802703 24.02 95294.99
1560301987.624776 23.98 95296.46
1560302047.6536815 24.04 95296.66
1560302107.682587 24.03 95291.17
1560302167.711492 24.03 95292.39
1560302227.7403975 24.00 95294.49
1560302287.769303 24.00 95292.49
1560302347.7982085 24.01 95292.28
1560302407.8271139 23.99 95292.38
1560302467.8560195 24.05 95291.65
1560302527.884925 24.03 95290.99
1560302587.9294302 24.07 95295.66
1560302647.9583356 24.05 95295.69
1560302707.9872413 24.05 95298.73
1560302768.0161467 24.05 95300.07
1560302828.0450518 24.04 95300.43
1560302888.0739574 24.00 95302.83
1560302948.1028628 24.01 95299.80
1560303008.1317682 24.06 95298.57
1560303068.1606739 24.00 95301.93
1560303128.2051792 23.97 95299.05
1560303188.2340846 24.04 95298.20
1560303248.26299 24.12 95298.71
1560303308.2918956 24.02 95299.39
1560303368.320801 24.02 95299.60
1560303428.3497064 24.02 95303.50
1560303488.3786118 24.05 95301.36
1560303548.4075172 24.10 95304.42
1560303608.4364226 24.03 95302.57
1560303668.4809282 24.05 95300.40
1560303728.5098338 24.04 95297.77
1560303788.538739 24.05 95302.97
1560303848.5676444 24.03 95300.86
1560303908.59655 24.00 95301.73
1560303968.6254554 24.02 95301.63
1560304028.6543608 24.07 95301.17
1560304088.6832664 24.08 95303.41
1560304148.7121716 24.03 95300.40
1560304208.741077 23.97 95304.83
1560304268.7855825 23.95 95304.39
1560304328.8144882 24.04 95303.21
1560304388.8433933 24.02 95303.91
1560304448.8722987 24.04 95305.44
1560304508.901204 24.04 95306.21
1560304568.9301097 24.05 95307.08
1560304628.9590151 24.05 95301.17
1560304688.9879205 24.02 95299.42
1560304749.0168262 24.05 95298.73
1560304809.0613315 24.03 95296.35
1560304869.090237 24.00 95295.96
1560304929.1191423 24.03 95290.64
1560304989.148048 24.05 95287.50
1560305049.176953 24.05 95288.81
1560305109.2058587 24.07 95286.14
1560305169.234764 24.08 95289.78
1560305229.2636695 24.06 95284.57
1560305289.292575 24.06 95287.38
1560305349.3370802 24.05 95288.31
1560305409.3659859 24.00 95285.36
1560305469.3948913 23.99 95286.97
1560305529.4237967 24.04 95288.74
1560305589.4527023 24.04 95285.00
1560305649.4816077 24.02 95285.24
1560305709.5105128 24.01 95283.39
1560305769.5394187 24.03 95285.03
1560305829.5683239 24.05 95279.69
1560305889.5972292 24.11 95282.44
1560305949.6417348 24.05 95283.17
1560306009.6706402 24.05 95280.25
1560306069.6995456 24.03 95286.21
1560306129.728451 24.04 95285.64
1560306189.7573566 24.05 95286.60
1560306249.786262 24.07 95286.08
1560306309.8151674 24.01 95288.91
1560306369.8440728 24.01 95293.28
1560306429.8729782 23.98 95288.77
1560306489.9018836 24.03 95289.17
1560306549.9463892 24.09 95284.44
1560306609.9752948 24.04 95286.85
1560306670.0042002 24.02 95290.54
1560306730.0331054 24.04 95283.39
1560306790.0620108 24.03 95285.03
1560306850.0909164 23.98 95287.60
1560306910.1198218 24.03 95285.53
1560306970.1487272 24.08 95285.21
1560307030.1776328 24.08 95286.17
1560307090.206538 24.11 95286.58
1560307150.2354434 24.12 95285.97
1560307210.279949 24.04 95281.96
1560307270.3088543 24.06 95288.71
1560307330.33776 24.06 95285.91
1560307390.3666651 24.14 95286.58
1560307450.3955708 24.11 95284.31
1560307510.4244761 24.05 95281.93
1560307570.4533815 24.02 95282.70
1560307630.4822872 24.05 95278.99
1560307690.5111926 24.05 95280.49
1560307750.555698 24.09 95280.46
1560307810.5846033 24.00 95281.39
1560307870.613509 24.04 95276.66
1560307930.642414 24.07 95273.28
1560307990.6713197 24.04 95273.61
1560308050.700225 24.02 95271.24
1560308110.7291305 24.03 95272.01
1560308170.758036 23.99 95276.28
1560308230.7869415 24.10 95270.44
1560308290.815847 24.00 95278.22
1560308350.8603523 24.11 95271.78
1560308410.8892577 24.06 95282.10
1560308470.9181633 24.16 95276.66
1560308530.9470687 24.11 95279.46
1560308590.975974 24.14 95277.49
1560308651.0048797 24.18 95276.92
1560308711.0337849 24.17 95272.72
1560308771.0626903 24.23 95270.98
1560308831.091596 24.16 95271.35
1560308891.1361015 24.13 95272.75
1560308951.1650066 24.15 95272.71
1560309011.193912 24.11 95273.48
1560309071.2228174 24.07 95270.34
1560309131.251723 24.07 95265.36
1560309191.2806284 24.11 95268.60
1560309251.3095338 24.14 95266.14
1560309311.3384395 24.17 95262.03
1560309371.3673446 24.22 95264.36
1560309431.4118502 24.18 95265.13
1560309491.4407556 24.09 95262.39
1560309551.4696612 24.17 95266.37
1560309611.4985664 24.20 95267.60
1560309671.5274718 24.15 95267.07
1560309731.5563774 24.05 95270.50
1560309791.5852828 24.10 95266.50
1560309851.6141882 24.15 95264.42
1560309911.6430938 24.15 95265.07
1560309971.671999 24.18 95265.63
1560310031.7165046 24.11 95264.53
1560310091.74541 24.17 95269.04
1560310151.7743156 24.22 95265.71
1560310211.803221 24.16 95264.89
1560310271.8321261 24.23 95261.66
1560310331.8610318 24.21 95255.61
1560310391.8899372 24.24 95257.68
1560310451.9188426 24.27 95257.45
1560310511.9477482 24.28 95254.81
1560310571.9922535 24.26 95257.11
1560310632.021159 24.22 95261.25
1560310692.0500643 24.19 95257.28
1560310752.07897 24.17 95263.53
1560310812.1078753 24.07 95262.69
1560310872.1367807 24.19 95262.13
1560310932.1656861 24.20 95261.42
1560310992.1945915 24.10 95265.74
1560311052.223497 24.16 95266.47
1560311112.2524025 24.15 95271.85
1560311172.281308 24.26 95272.98
1560311232.3102133 24.21 95274.35
1560311292.3547187 24.20 95275.29
1560311352.383624 24.23 95275.69
1560311412.4125297 24.26 95278.42
1560311472.441435 24.25 95277.63
1560311532.4703405 24.19 95281.90
1560311592.4992461 24.16 95279.33
1560311652.5281513 24.14 95277.66
1560311712.5570567 24.16 95279.50
1560311772.5859623 24.17 95281.53
1560311832.6304677 24.20 95280.80
1560311892.6593733 24.19 95283.74
1560311952.6882784 24.16 95282.50
1560312012.717184 24.12 95280.63
1560312072.7460895 24.24 95278.60
1560312132.7749949 24.19 95281.17
1560312192.8039005 24.11 95279.83
1560312252.8328059 24.15 95284.61
1560312312.861711 24.20 95285.82
1560312372.9062166 24.18 95285.51
1560312432.9351223 24.20 95286.64
1560312492.9640274 24.18 95287.22
1560312552.992933 24.27 95287.78
1560312613.0218384 24.24 95284.58
1560312673.0507438 24.26 95283.88
1560312733.0796492 24.26 95284.44
1560312793.1085548 24.24 95281.77
1560312853.1374602 24.17 95284.91
1560312913.1663656 24.17 95283.71
1560312973.210871 24.13 95285.71
1560313033.2397766 24.18 95281.44
1560313093.268682 24.11 95277.63
1560313153.2975874 24.18 95274.63
1560313213.3264928 24.21 95280.77
1560313273.3553982 24.19 95278.43
1560313333.3843036 24.24 95278.83
1560313393.4132092 24.24 95276.26
1560313453.4421146 24.25 95279.24
1560313513.48662 24.28 95275.69
1560313573.5155253 24.23 95276.79
1560313633.5444307 24.22 95277.72
1560313693.5733364 24.18 95277.36
1560313753.6022418 24.15 95279.80
1560313813.6311471 24.17 95282.47
1560313873.6600525 24.17 95280.97
1560313933.688958 24.11 95278.57
1560313993.7178633 24.11 95277.09
1560314053.762369 24.19 95278.60
1560314113.7912745 24.15 95276.22
1560314173.8201797 24.17 95274.62
1560314233.849085 24.17 95275.72
1560314293.8779907 24.18 95277.33
1560314353.906896 24.14 95277.46
1560314413.9358015 24.09 95270.71
1560314473.9647071 24.08 95273.75
1560314533.9936123 24.14 95274.72
1560314594.022518 24.11 95272.21
1560314654.0670233 24.16 95274.85
1560314714.095929 24.14 95267.30
1560314774.1248343 24.18 95267.10
1560314834.1537395 24.15 95267.41
1560314894.182645 24.16 95268.64
1560314954.2115505 24.13 95267.27
1560315014.2404559 24.16 95268.47
1560315074.2693615 24.22 95268.21
1560315134.298267 24.18 95268.67
1560315194.3427722 24.17 95268.17
1560315254.3716776 24.16 95267.30
1560315314.4005833 24.14 95265.64
1560315374.4294887 24.11 95267.87
1560315434.458394 24.20 95269.11
1560315494.4872994 24.23 95269.11
1560315554.5162048 24.23 95265.83
1560315614.5451102 24.16 95267.91
1560315674.5740159 24.23 95266.90
1560315734.6029212 24.26 95268.30
1560315794.6318266 24.37 95268.20
1560315854.6607318 24.34 95267.67
1560315914.7052374 24.38 95268.90
1560315974.734143 24.27 95269.04
1560316034.7630484 24.20 95273.58
1560316094.7919538 24.24 95272.05
1560316154.8208594 24.23 95274.46
1560316214.8497646 24.14 95271.21
1560316274.87867 24.13 95271.67
1560316334.9075756 24.14 95269.14
1560316394.936481 24.20 95270.85
1560316454.9809866 24.22 95266.87
1560316515.0098917 24.24 95268.21
1560316575.0387974 24.22 95263.13
1560316635.0677028 24.15 95265.00
1560316695.0966082 24.17 95273.45
1560316755.1255138 24.24 95270.25
1560316815.1544192 24.20 95272.18
1560316875.1833243 24.15 95270.58
1560316935.22783 24.22 95268.14
1560316995.2567356 24.23 95263.07
1560317055.2856407 24.18 95267.85
1560317115.314546 24.12 95263.83
1560317175.3434517 24.09 95262.46
1560317235.3723571 24.10 95257.48
1560317295.4012625 24.18 95265.39
1560317355.4301682 24.11 95260.28
1560317415.4590733 24.05 95260.46
1560317475.503579 24.03 95256.78
1560317535.5324843 24.12 95257.48
1560317595.56139 24.09 95258.11
1560317655.5902953 24.02 95248.89
1560317715.6192007 24.09 95253.44
1560317775.648106 24.10 95255.75
1560317835.6770115 24.03 95253.97
1560317895.705917 23.95 95253.27
1560317955.7348225 24.00 95255.88
1560318015.763728 23.96 95251.33
1560318075.8082333 23.89 95255.47
1560318135.8371387 23.91 95254.47
1560318195.866044 23.91 95249.06
1560318255.8949497 23.87 95246.45
1560318315.923855 23.87 95241.74
1560318375.9527605 23.88 95241.88
1560318435.9816658 23.85 95240.30
1560318496.0105712 23.84 95242.00
1560318556.0394766 23.88 95242.75
1560318616.0683823 23.89 95238.90
1560318676.1128879 23.85 95238.86
1560318736.141793 23.81 95237.50
1560318796.1706984 23.84 95234.19
1560318856.199604 23.77 95234.39
1560318916.2285094 23.76 95228.97
1560318976.2574148 23.72 95228.27
1560319036.2863204 23.82 95232.22
1560319096.3152256 23.79 95227.58
1560319156.344131 23.83 95229.25
1560319216.3730366 23.79 95233.49
1560319276.417542 23.78 95234.96
1560319336.4464476 23.86 95232.66
1560319396.4753528 23.82 95233.83
1560319456.5042584 23.81 95233.96
1560319516.5331638 23.84 95232.66
1560319576.5620692 23.84 95233.89
1560319636.5909748 23.83 95232.62
1560319696.6198802 23.81 95236.13
1560319756.6487854 23.82 95232.22
1560319816.677691 23.81 95237.66
1560319876.7065964 23.80 95237.36
1560319936.751102 23.78 95233.52
1560319996.7800074 23.80 95235.89
1560320056.8089128 23.78 95240.89
1560320116.8378181 23.77 95240.13
1560320176.8667235 23.79 95239.89
1560320236.8956292 23.78 95243.27
1560320296.9245346 23.79 95242.67
1560320356.95344 23.73 95241.52
1560320416.982345 23.73 95241.52
1560320477.0112507 23.81 95239.60
1560320537.0401561 23.76 95238.60
1560320597.0690615 23.82 95236.96
1560320657.0979671 23.78 95235.25
1560320717.1424725 23.77 95233.11
1560320777.171378 23.74 95235.78
1560320837.2002833 23.78 95234.72
1560320897.229189 23.74 95239.89
1560320957.2580943 23.77 95238.89
1560321017.2869997 23.82 95236.73
1560321077.3159053 23.81 95237.60
1560321137.3448105 23.84 95232.16
1560321197.3737159 23.80 95237.10
1560321257.4026215 23.74 95237.25
1560321317.431527 23.78 95234.19
1560321377.4760325 23.77 95233.78
1560321437.5049376 23.75 95231.52
1560321497.5338433 23.72 95228.03
1560321557.5627487 23.73 95221.50
1560321617.591654 23.72 95227.47
1560321677.6205597 23.74 95224.74
1560321737.649465 23.82 95230.39
1560321797.6783702 23.80 95234.72
1560321857.7072759 23.77 95237.16
1560321917.7361813 23.73 95232.47
1560321977.7806866 23.73 95239.36
1560322037.8095922 23.81 95233.63
1560322097.8384976 23.78 95231.38
1560322157.867403 23.75 95231.21
1560322217.8963084 23.78 95228.11
1560322277.925214 23.74 95223.10
1560322337.9541194 23.82 95224.54
1560322397.9830248 23.80 95227.25
1560322458.0119302 23.76 95225.97
1560322518.0408356 23.85 95226.78
1560322578.069741 23.81 95226.78
1560322638.1142466 23.78 95223.50
1560322698.1431522 23.79 95227.47
1560322758.1720574 23.81 95226.94
1560322818.2009628 23.80 95229.61
1560322878.2298682 23.78 95229.38
1560322938.2587738 23.78 95229.52
1560322998.2876792 23.81 95228.25
1560323058.3165846 23.80 95231.19
1560323118.34549 23.79 95229.08
1560323178.3743954 23.86 95229.52
1560323238.4033008 23.92 95226.96
1560323298.4478064 23.83 95228.82
1560323358.4767118 23.79 95229.48
1560323418.5056171 23.78 95228.88
1560323478.5345225 23.78 95231.22
1560323538.5634282 23.73 95232.64
1560323598.5923336 23.79 95228.58
1560323658.621239 23.78 95227.58
1560323718.6501446 23.74 95224.97
1560323778.67905 23.73 95229.67
1560323838.7079551 23.73 95229.34
1560323898.7524607 23.73 95233.08
1560323958.7813663 23.79 95229.05
1560324018.8102715 23.73 95230.74
1560324078.8391771 23.76 95226.81
1560324138.8680825 23.71 95229.07
1560324198.896988 23.76 95229.91
1560324258.9258933 23.73 95226.57
1560324318.954799 23.77 95227.47
1560324378.9837043 23.72 95227.27
1560324439.0126097 23.70 95230.10
1560324499.041515 23.73 95223.83
1560324559.0704205 23.72 95222.42
1560324619.099326 23.70 95227.43
1560324679.1282315 23.75 95224.50
1560324739.1727371 23.69 95229.71
1560324799.2016423 23.71 95228.67
1560324859.2305477 23.69 95232.53
1560324919.2594533 23.66 95230.24
1560324979.2883587 23.68 95229.67
1560325039.3172638 23.71 95230.47
1560325099.3461697 23.71 95231.21
1560325159.3750749 23.74 95230.41
1560325219.4039803 23.72 95235.49
1560325279.4328856 23.71 95233.00
1560325339.477391 23.67 95232.03
1560325399.5062966 23.73 95234.01
1560325459.535202 23.74 95235.96
1560325519.5641074 23.65 95235.67
1560325579.593013 23.70 95237.25
1560325639.6219184 23.71 95240.59
1560325699.6508238 23.70 95239.46
1560325759.6797295 23.74 95234.82
1560325819.7086346 23.70 95239.92
1560325879.73754 23.68 95241.78
1560325939.7664456 23.65 95240.85
1560325999.8109512 23.65 95235.24
1560326059.8398564 23.70 95238.11
1560326119.8687618 23.72 95232.11
1560326179.8976674 23.77 95235.05
1560326239.9265728 23.75 95228.82
1560326299.9554782 23.74 95225.07
1560326359.9843838 23.67 95232.03
1560326420.0132892 23.74 95224.80
1560326480.0421944 23.78 95225.24
1560326540.0711 23.77 95220.83
1560326600.1000054 23.67 95225.53
1560326660.144511 23.69 95219.55
1560326720.1734161 23.79 95224.30
1560326780.2023218 23.72 95223.92
1560326840.2312272 23.68 95229.10
1560326900.2601326 23.65 95230.00
1560326960.2890382 23.70 95224.50
1560327020.3179436 23.70 95226.93
1560327080.346849 23.73 95225.83
1560327140.3757546 23.71 95228.88
1560327200.4046597 23.69 95228.03
1560327260.4335651 23.69 95230.24
1560327320.4780707 23.69 95230.30
1560327380.506976 23.68 95232.24
1560327440.5358818 23.72 95230.78
1560327500.564787 23.68 95233.31
1560327560.5936923 23.59 95233.10
1560327620.622598 23.62 95231.16
1560327680.6515033 23.66 95230.46
1560327740.6804085 23.67 95233.54
1560327800.7093143 23.70 95233.94
1560327860.7382195 23.68 95236.44
1560327920.767125 23.66 95237.41
1560327980.8116305 23.68 95240.32
1560328040.8405359 23.70 95241.96
1560328100.8694413 23.69 95240.88
1560328160.8983467 23.67 95243.22
1560328220.9272523 23.65 95243.45
1560328280.9561577 23.65 95245.89
1560328340.985063 23.64 95248.78
1560328401.0139687 23.69 95249.43
1560328461.042874 23.71 95249.33
1560328521.0717793 23.71 95250.60
1560328581.100685 23.69 95251.90
1560328641.1295903 23.68 95252.36
1560328701.1584957 23.66 95251.03
1560328761.1874013 23.67 95252.07
1560328821.2319067 23.64 95253.16
1560328881.260812 23.61 95255.75
1560328941.2897174 23.63 95259.47
1560329001.318623 23.66 95261.44
1560329061.3475285 23.65 95265.21
1560329121.3764338 23.65 95269.25
1560329181.4053392 23.64 95271.92
1560329241.4342446 23.69 95280.44
1560329301.46315 23.71 95279.98
1560329361.4920557 23.67 95285.45
1560329421.520961 23.70 95286.02
1560329481.5654664 23.67 95285.78
1560329541.5943718 23.69 95287.46
1560329601.6232774 23.67 95282.61
1560329661.6521828 23.65 95289.17
1560329721.6810882 23.72 95290.80
1560329781.7099934 23.66 95293.55
1560329841.7388992 23.64 95292.55
1560329901.7678044 23.58 95298.54
1560329961.7967098 23.58 95297.88
1560330021.8256154 23.68 95300.74
1560330081.8545208 23.66 95300.23
1560330141.8990262 23.63 95297.52
1560330201.9279315 23.65 95302.86
1560330261.9568372 23.66 95300.67
1560330321.9857426 23.67 95300.60
1560330382.014648 23.63 95297.99
1560330442.0435534 23.60 95299.32
1560330502.072459 23.63 95301.82
1560330562.1013641 23.58 95302.24
1560330622.1302698 23.63 95305.83
1560330682.1591752 23.60 95303.58
1560330742.1880805 23.61 95310.74
1560330802.232586 23.59 95311.50
1560330862.2614915 23.55 95310.14
1560330922.290397 23.55 95315.52
1560330982.3193023 23.59 95316.57
1560331042.348208 23.56 95318.29
1560331102.377113 23.54 95314.61
1560331162.4060187 23.51 95321.21
1560331222.4349241 23.55 95315.85
1560331282.4638295 23.58 95317.57
1560331342.492735 23.57 95320.86
1560331402.5216405 23.55 95323.10
1560331462.550546 23.55 95322.33
1560331522.5950513 23.57 95325.97
1560331582.6239567 23.61 95326.32
1560331642.6528623 23.62 95328.89
1560331702.6817677 23.67 95326.97
1560331762.710673 23.57 95325.27
1560331822.7395787 23.60 95328.85
1560331882.7684839 23.63 95330.21
1560331942.7973893 23.61 95331.49
1560332002.826295 23.58 95331.14
1560332062.8552003 23.58 95331.61
1560332122.8841057 23.57 95331.48
1560332182.928611 23.61 95336.53
1560332242.9575164 23.56 95336.15
1560332302.986422 23.54 95337.91
1560332363.0153275 23.54 95336.98
1560332423.0442328 23.55 95333.24
1560332483.0731382 23.58 95334.46
1560332543.1020436 23.56 95336.18
1560332603.130949 23.57 95338.05
1560332663.1598547 23.57 95340.13
1560332723.18876 23.51 95337.57
1560332783.2176654 23.55 95338.52
1560332843.246571 23.59 95342.07
1560332903.2754765 23.59 95341.24
1560332963.3043816 23.60 95344.41
1560333023.3488872 23.57 95340.28
1560333083.3777928 23.60 95342.64
1560333143.406698 23.62 95349.12
1560333203.4356036 23.65 95352.60
1560333263.464509 23.62 95349.32
1560333323.4934144 23.58 95352.11
1560333383.5223198 23.57 95354.85
1560333443.5512254 23.61 95352.22
1560333503.5801308 23.61 95352.22
1560333563.6090362 23.57 95351.91
1560333623.6379416 23.58 95350.27
1560333683.666847 23.64 95350.60
1560333743.7113526 23.65 95352.24
1560333803.7402577 23.66 95355.35
1560333863.7691636 23.61 95356.86
1560333923.7980688 23.61 95358.13
1560333983.8269742 23.55 95358.53
1560334043.8558798 23.55 95355.77
1560334103.8847852 23.51 95357.60
1560334163.9136906 23.54 95358.83
1560334223.9425962 23.53 95356.86
1560334283.9715014 23.55 95353.63
1560334344.0004067 23.51 95359.42
1560334404.0449123 23.55 95359.28
1560334464.073818 23.57 95360.41
1560334524.1027231 23.59 95361.79
1560334584.1316285 23.54 95361.91
1560334644.160534 23.55 95360.14
1560334704.1894395 23.59 95362.19
1560334764.218345 23.66 95363.25
1560334824.2472503 23.58 95361.46
1560334884.276156 23.56 95362.14
1560334944.305061 23.57 95367.16
1560335004.3339665 23.60 95370.35
1560335064.378472 23.56 95371.96
1560335124.4073777 23.56 95375.13
1560335184.4362829 23.56 95377.17
1560335244.4651883 23.57 95375.53
1560335304.494094 23.56 95376.39
1560335364.5229993 23.57 95376.27
1560335424.5519047 23.53 95376.89
1560335484.5808103 23.56 95379.07
1560335544.6097157 23.55 95380.47
1560335604.638621 23.60 95379.96
1560335664.6675265 23.60 95382.36
1560335724.6964319 23.53 95381.50
1560335784.7409375 23.57 95383.28
1560335844.7698426 23.58 95378.67
1560335904.7987485 23.56 95385.64
1560335964.8276536 23.53 95387.74
1560336024.856559 23.57 95382.17
1560336084.8854647 23.54 95380.26
1560336144.91437 23.61 95385.17
1560336204.9432755 23.63 95387.61
1560336264.972181 23.55 95384.94
1560336325.0010862 23.55 95384.64
1560336385.0299916 23.57 95384.85
1560336445.0588973 23.59 95386.76
1560336505.0878026 23.57 95384.52
1560336565.116708 23.60 95379.59
1560336625.1612134 23.58 95380.08
1560336685.190119 23.55 95383.24
1560336745.2190244 23.66 95384.52
1560336805.2479298 23.71 95388.78
1560336865.2768354 23.66 95391.53
1560336925.3057408 23.69 95394.28
1560336985.334646 23.66 95394.97
1560337045.3635514 23.67 95398.95
1560337105.392457 23.62 95403.92
1560337165.4213624 23.59 95401.52
1560337225.4502678 23.63 95406.64
1560337285.4791734 23.59 95408.36
1560337345.5236788 23.61 95407.46
1560337405.5525842 23.61 95407.69
1560337465.5814896 23.66 95409.42
1560337525.6103952 23.60 95409.00
1560337585.6393006 23.59 95408.59
1560337645.6682057 23.56 95408.58
1560337705.6971114 23.56 95411.75
1560337765.7260168 23.55 95408.60
1560337825.7549222 23.65 95413.19
1560337885.7838278 23.59 95415.53
1560337945.8127332 23.70 95417.35
1560338005.8572385 23.69 95416.75
1560338065.886144 23.69 95415.75
1560338125.9150496 23.68 95416.88
1560338185.943955 23.66 95417.77
1560338245.9728603 23.67 95414.46
1560338306.0017657 23.63 95417.49
1560338366.0306711 23.68 95420.05
1560338426.0595765 23.67 95422.49
1560338486.0884821 23.67 95421.88
1560338546.1173875 23.63 95421.03
1560338606.146293 23.61 95422.15
1560338666.1907983 23.64 95424.53
1560338726.219704 23.64 95422.30
1560338786.2486093 23.67 95420.97
1560338846.2775147 23.64 95423.74
1560338906.3064203 23.79 95426.47
1560338966.3353257 23.73 95425.61
1560339026.3642309 23.68 95421.25
1560339086.3931365 23.67 95419.61
1560339146.422042 23.67 95421.64
1560339206.4509473 23.72 95425.07
1560339266.479853 23.67 95423.88
1560339326.524358 23.65 95427.64
1560339386.5532637 23.65 95428.17
1560339446.582169 23.65 95427.01
1560339506.6110744 23.70 95428.97
1560339566.6399798 23.78 95428.34
1560339626.6688855 23.78 95425.33
1560339686.6977906 23.76 95429.39
1560339746.7266963 23.73 95427.48
1560339806.7556016 23.77 95430.94
1560339866.784507 23.78 95433.17
1560339926.8134127 23.72 95435.52
1560339986.857918 23.85 95436.91
1560340046.8868234 23.85 95437.99
1560340106.9157288 23.82 95436.40
1560340166.9446344 23.91 95440.41
1560340226.9735398 23.89 95437.60
1560340287.0024452 23.95 95437.82
1560340347.0313506 23.97 95440.10
1560340407.060256 23.96 95438.92
1560340467.0891614 23.98 95444.91
1560340527.118067 23.99 95446.61
1560340587.1469724 23.97 95446.35
1560340647.1758778 23.99 95445.32
1560340707.2047832 24.04 95449.91
1560340767.2336886 24.08 95447.38
1560340827.2781942 24.09 95447.52
1560340887.3070996 24.13 95453.91
1560340947.3360052 24.05 95449.17
1560341007.3649104 23.97 95450.55
1560341067.3938158 23.96 95452.64
1560341127.4227214 23.97 95455.06
1560341187.4516268 23.88 95459.10
1560341247.4805322 23.85 95461.35
1560341307.5094378 23.86 95464.97
1560341367.5383432 24.00 95459.38
1560341427.5828485 23.99 95460.47
1560341487.611754 24.04 95460.99
1560341547.6406596 23.98 95467.52
1560341607.669565 23.99 95465.55
1560341667.6984704 24.00 95461.75
1560341727.7273755 24.02 95465.73
1560341787.7562811 24.00 95465.66
1560341847.7851865 23.95 95466.60
1560341907.814092 24.00 95467.76
1560341967.8585973 24.00 95469.30
1560342027.887503 23.98 95471.26
1560342087.9164083 23.95 95471.52
1560342147.9453137 23.99 95470.03
1560342207.9742193 23.98 95466.96
1560342268.0031245 23.96 95466.35
1560342328.03203 23.91 95464.02
1560342388.0609355 23.93 95464.23
1560342448.089841 23.95 95464.10
1560342508.1187463 23.92 95457.41
1560342568.1632516 23.96 95458.16
1560342628.1921573 23.94 95459.53
1560342688.2210627 23.92 95458.42
1560342748.249968 23.88 95460.71
1560342808.2788737 23.85 95456.58
1560342868.307779 23.86 95458.49
1560342928.3366842 23.88 95460.77
1560342988.36559 23.93 95462.49
1560343048.3944952 23.93 95461.12
1560343108.4234006 23.94 95461.46
1560343168.4679062 23.95 95462.53
1560343228.4968119 23.88 95462.77
1560343288.525717 23.87 95466.17
1560343348.5546224 23.86 95469.41
1560343408.583528 23.85 95471.44
1560343468.6124334 23.87 95469.88
1560343528.6413388 23.92 95474.61
1560343588.6702445 23.94 95473.95
1560343648.6991498 23.99 95475.88
1560343708.7436552 23.97 95477.50
1560343768.7725606 23.97 95475.16
1560343828.8014662 24.00 95478.28
1560343888.8303716 24.01 95475.32
1560343948.8592768 23.99 95476.07
1560344008.8881822 24.00 95475.64
1560344068.9170878 24.00 95471.93
1560344128.9459932 23.99 95473.00
1560344188.9748986 23.99 95476.07
1560344249.019404 24.02 95475.49
1560344309.0483096 24.00 95475.82
1560344369.077215 23.95 95481.57
1560344429.1061203 23.93 95475.99
1560344489.135026 23.92 95475.78
1560344549.1639314 23.96 95472.28
1560344609.1928365 23.94 95476.32
1560344669.2217422 23.91 95476.82
1560344729.2506475 23.92 95472.74
1560344789.279553 23.94 95473.32
1560344849.3084586 23.97 95472.60
1560344909.337364 24.04 95470.78
1560344969.3818693 24.10 95474.22
1560345029.4107747 24.10 95474.35
1560345089.4396803 24.12 95471.75
1560345149.4685857 24.12 95475.05
1560345209.4974911 24.12 95473.75
1560345269.5263965 24.05 95470.52
1560345329.555302 24.13 95472.02
1560345389.5842073 24.14 95473.56
1560345449.613113 24.19 95472.61
1560345509.6576183 24.17 95470.13
1560345569.6865237 24.15 95468.85
1560345629.715429 24.09 95469.89
1560345689.7443347 24.14 95471.92
1560345749.77324 24.09 95470.53
1560345809.8021455 24.05 95466.51
1560345869.831051 23.96 95466.21
1560345929.8599563 23.95 95466.50
1560345989.8888617 23.90 95465.39
1560346049.9333673 23.83 95462.42
1560346109.962273 23.84 95462.42
1560346169.991178 23.90 95461.95
1560346230.0200834 23.94 95459.96
1560346290.0489888 23.97 95460.36
1560346350.0778944 23.95 95457.35
1560346410.1067998 23.99 95456.47
1560346470.1357052 23.96 95450.71
1560346530.1646109 23.95 95450.35
1560346590.1935163 23.96 95453.45
1560346650.2380216 23.96 95449.58
1560346710.266927 23.95 95448.85
1560346770.2958326 23.97 95443.60
1560346830.3247378 23.98 95443.58
1560346890.3536434 24.05 95443.19
1560346950.3825488 24.05 95440.69
1560347010.4114542 24.03 95441.49
1560347070.4403596 24.03 95439.45
1560347130.4692652 24.05 95436.32
1560347190.5137706 24.15 95441.07
1560347250.542676 24.15 95439.11
1560347310.5715814 24.15 95439.46
1560347370.600487 24.15 95440.92
1560347430.6293924 24.15 95441.12
1560347490.6582975 24.14 95439.01
1560347550.6872034 24.19 95445.48
1560347610.7161086 24.17 95443.77
1560347670.745014 24.15 95442.42
1560347730.7895195 24.14 95444.33
1560347790.818425 24.16 95440.19
1560347850.8473303 24.16 95439.46
1560347910.8762357 24.11 95439.44
1560347970.9051414 24.18 95439.89
1560348030.9340467 24.16 95434.38
1560348090.9629521 24.15 95437.38
1560348150.9918578 24.22 95440.50
1560348211.0363631 24.24 95437.97
1560348271.0652685 24.26 95434.24
1560348331.094174 24.27 95432.30
1560348391.1230795 24.27 95429.03
1560348451.151985 24.23 95428.94
1560348511.18089 24.21 95426.88
1560348571.2097955 24.28 95426.99
1560348631.238701 24.31 95428.30
1560348691.2676065 24.32 95426.42
1560348751.312112 24.41 95421.83
1560348811.3410172 24.37 95421.69
1560348871.3699229 24.35 95414.36
1560348931.3988283 24.38 95414.10
1560348991.4277337 24.40 95412.14
1560349051.456639 24.34 95410.83
1560349111.4855447 24.28 95408.84
1560349171.5144498 24.29 95406.71
1560349231.5589554 24.28 95406.85
1560349291.587861 24.26 95403.22
1560349351.6167662 24.32 95405.31
1560349411.6456716 24.30 95409.68
1560349471.6745772 24.33 95407.71
1560349531.7034826 24.34 95404.75
1560349591.732388 24.35 95403.35
1560349651.7612936 24.35 95399.86
1560349711.790199 24.34 95400.90
1560349771.8191044 24.34 95397.46
1560349831.8636098 24.31 95393.14
1560349891.8925154 24.31 95397.89
1560349951.9214208 24.35 95395.09
1560350011.9503262 24.32 95392.94
1560350071.9792316 24.35 95395.75
1560350132.008137 24.39 95398.57
1560350192.0370424 24.38 95397.50
1560350252.065948 24.38 95393.66
1560350312.1104536 24.36 95398.07
1560350372.1393588 24.39 95397.30
1560350432.1682642 24.33 95390.57
1560350492.1971698 24.35 95394.19
1560350552.2260752 24.40 95390.61
1560350612.2549806 24.32 95389.91
1560350672.2838862 24.31 95386.80
1560350732.3127913 24.25 95384.88
1560350792.357297 24.27 95382.01
1560350852.3862023 24.22 95380.40
1560350912.4151075 24.22 95382.71
1560350972.4440134 24.28 95381.94
1560351032.4729185 24.25 95379.27
1560351092.501824 24.26 95379.90
1560351152.5307295 24.29 95382.58
1560351212.559635 24.25 95379.97
1560351272.6041403 24.34 95377.91
1560351332.6330457 24.32 95373.03
1560351392.6619513 24.27 95373.72
1560351452.6908567 24.23 95375.09
1560351512.719762 24.25 95375.36
1560351572.7486677 24.21 95372.14
1560351632.777573 24.24 95367.71
1560351692.8064783 24.24 95367.21
1560351752.835384 24.22 95364.26
1560351812.8798895 24.22 95364.69
1560351872.9087949 24.25 95362.56
1560351932.9377 24.25 95363.43
1560351992.9666057 24.27 95358.12
1560352052.995511 24.26 95353.21
1560352113.0244164 24.23 95356.28
1560352173.053322 24.24 95351.83
1560352233.0822275 24.23 95351.80
1560352293.1267328 24.21 95351.10
1560352353.1556382 24.21 95352.33
1560352413.1845438 24.24 95352.40
1560352473.2134492 24.20 95352.26
1560352533.2423546 24.20 95351.80
1560352593.27126 24.28 95349.86
1560352653.3001654 24.28 95342.02
1560352713.3290708 24.30 95342.55
1560352773.3735762 24.31 95339.41
1560352833.402482 24.22 95334.36
1560352893.4313872 24.23 95334.76
1560352953.4602926 24.20 95334.76
1560353013.489198 24.15 95335.69
1560353073.5181036 24.18 95330.38
1560353133.547009 24.17 95326.13
1560353193.5759144 24.23 95323.53
1560353253.6204197 24.24 95318.82
1560353313.6493254 24.21 95317.75
1560353373.6782308 24.25 95311.71
1560353433.7071362 24.25 95311.71
1560353493.7360415 24.30 95307.90
1560353553.764947 24.35 95306.30
1560353613.7938523 24.40 95306.66
1560353673.822758 24.37 95303.56
1560353733.8516634 24.38 95302.58
1560353793.8961687 24.29 95298.78
1560353853.925074 24.35 95297.41
1560353913.9539797 24.37 95295.94
1560353973.9828851 24.32 95294.03
1560354034.0117905 24.29 95292.96
1560354094.0406961 24.30 95288.65
1560354154.0696013 24.28 95288.89
1560354214.0985067 24.27 95288.78
1560354274.1430123 24.27 95288.52
1560354334.171918 24.27 95284.32
1560354394.2008233 24.27 95280.13
1560354454.2297285 24.27 95276.56
1560354514.258634 24.25 95274.12
1560354574.2875395 24.23 95269.81
1560354634.3164449 24.23 95269.44
1560354694.3453505 24.26 95265.50
1560354754.3898559 24.27 95264.20
1560354814.4187613 24.33 95268.21
1560354874.4476666 24.30 95264.66
1560354934.4765723 24.32 95260.42
1560354994.5054777 24.34 95263.13
1560355054.534383 24.28 95258.25
1560355114.5632882 24.32 95256.94
1560355174.5921938 24.33 95256.97
1560355234.6366994 24.30 95254.07
1560355294.6500046 24.30 95250.27
1560355354.69451 24.29 95249.92
1560355414.7234156 24.27 95252.87
1560355474.752321 24.31 95250.89
1560355534.7812264 24.39 95250.69
1560355594.810132 24.35 95247.32
1560355654.8390374 24.30 95246.22
1560355714.8679428 24.29 95242.14
1560355774.8968482 24.34 95239.60
1560355834.9413538 24.35 95239.36
1560355894.9702592 24.36 95238.83
1560355954.9991646 24.38 95240.86
1560356015.02807 24.40 95242.97
1560356075.0569754 24.39 95247.64
1560356135.0858808 24.37 95245.35
1560356195.1147864 24.39 95245.57
1560356255.1436918 24.35 95248.78
1560356315.1881971 24.37 95247.82
1560356375.2171025 24.34 95243.94
1560356435.2460082 24.33 95243.85
1560356495.2749135 24.34 95249.96
1560356555.303819 24.34 95241.50
1560356615.3327246 24.29 95240.84
1560356675.3616297 24.30 95241.47
1560356735.3905354 24.34 95241.90
1560356795.4350407 24.29 95238.80
1560356855.4639463 24.31 95240.84
1560356915.4928517 24.37 95238.07
1560356975.521757 24.40 95234.28
1560357035.5506625 24.36 95231.38
1560357095.579568 24.36 95232.98
1560357155.6084733 24.37 95233.14
1560357215.6529787 24.42 95230.03
1560357275.681884 24.38 95232.00
1560357335.7107897 24.41 95232.74
1560357395.739695 24.40 95233.17
1560357455.7686005 24.39 95231.07
1560357515.797506 24.36 95234.42
1560357575.8264115 24.34 95233.55
1560357635.8553166 24.33 95231.61
1560357695.8998222 24.35 95232.95
1560357755.9287279 24.38 95234.18
1560357815.9576333 24.38 95233.00
1560357875.9865384 24.42 95236.45
1560357936.015444 24.36 95230.74
1560357996.0443494 24.33 95231.75
1560358056.0732548 24.36 95232.17
1560358116.1021605 24.34 95232.88
1560358176.1466658 24.36 95230.64
1560358236.1755712 24.34 95226.64
1560358296.2044766 24.30 95221.89
1560358356.2333822 24.30 95222.06
1560358416.2622876 24.31 95226.47
1560358476.291193 24.29 95224.30
1560358536.3200984 24.31 95227.34
1560358596.3490038 24.33 95225.07
1560358656.3935094 24.33 95230.35
1560358716.4224148 24.32 95225.53
1560358776.4513204 24.35 95224.09
1560358836.4802256 24.37 95220.61
1560358896.509131 24.41 95216.80
1560358956.5380366 24.39 95215.43
1560359016.566942 24.39 95211.35
1560359076.5958474 24.42 95214.32
1560359136.6403527 24.37 95211.75
1560359196.6692584 24.45 95208.21
1560359256.6981637 24.52 95208.56
1560359316.7270691 24.49 95206.42
1560359376.7559748 24.41 95204.00
1560359436.7848802 24.39 95203.30
1560359496.8137853 24.44 95201.89
1560359556.858291 24.44 95198.88
1560359616.8871963 24.51 95200.74
1560359676.916102 24.51 95198.86
1560359736.945007 24.60 95197.03
1560359796.9739125 24.67 95203.10
1560359857.002818 24.67 95195.11
1560359917.0317235 24.59 95195.00
1560359977.060629 24.53 95193.88
1560360037.1051342 24.48 95194.13
1560360097.1340399 24.45 95191.89
1560360157.1629453 24.44 95189.12
1560360217.1918507 24.43 95190.26
1560360277.2207563 24.43 95187.16
1560360337.2496617 24.48 95188.14
1560360397.2785668 24.57 95187.66
1560360457.3074725 24.58 95186.78
1560360517.351978 24.64 95189.17
1560360577.3808835 24.56 95187.02
1560360637.4097888 24.52 95186.42
1560360697.4386942 24.45 95185.82
1560360757.4675996 24.41 95182.11
1560360817.496505 24.47 95180.89
1560360877.5254107 24.40 95180.85
1560360937.569916 24.39 95181.11
1560360997.5988214 24.43 95177.10
1560361057.6277268 24.45 95176.52
1560361117.6566324 24.42 95179.80
1560361177.6855378 24.42 95177.53
1560361237.7144432 24.37 95174.63
1560361297.7433486 24.37 95173.29
1560361357.772254 24.41 95170.82
1560361417.8011594 24.48 95173.07
1560361477.830065 24.45 95170.10
1560361537.8745706 24.45 95170.37
1560361597.9034758 24.42 95171.95
1560361657.9323812 24.37 95168.28
1560361717.9612865 24.34 95167.22
1560361777.9901922 24.35 95168.46
1560361838.0190976 24.36 95173.39
1560361898.048003 24.45 95174.67
1560361958.0769083 24.49 95176.67
1560362018.121414 24.50 95174.00
1560362078.1503193 24.45 95173.55
1560362138.1792247 24.50 95175.00
1560362198.2081304 24.49 95172.13
1560362258.2370355 24.46 95172.24
1560362318.265941 24.42 95171.11
1560362378.2948465 24.45 95166.72
1560362438.3393521 24.46 95169.83
1560362498.3682573 24.43 95169.61
1560362558.3971627 24.43 95168.24
1560362618.4260683 24.45 95165.09
1560362678.4549737 24.42 95163.92
1560362738.483879 24.44 95160.38
1560362798.5127847 24.46 95162.64
1560362858.54169 24.44 95164.46
1560362918.5861955 24.48 95163.04
1560362978.6151009 24.43 95163.42
1560363038.6440065 24.50 95164.24
1560363098.672912 24.47 95167.19
1560363158.701817 24.39 95166.44
1560363218.7307227 24.44 95166.02
1560363278.759628 24.46 95167.13
1560363338.7885334 24.47 95169.13
1560363398.833039 24.54 95165.36
1560363458.8619444 24.47 95168.86
1560363518.8908498 24.48 95165.48
1560363578.9197552 24.48 95164.25
1560363638.9486609 24.47 95170.70
1560363698.9775662 24.42 95166.63
1560363759.0064716 24.42 95167.83
1560363819.050977 24.40 95164.43
1560363879.0798824 24.42 95162.19
1560363939.108788 24.43 95165.50
1560363999.1376934 24.48 95167.28
1560364059.1665988 24.54 95163.09
1560364119.1955042 24.53 95166.67
1560364179.2244096 24.57 95165.09
1560364239.253315 24.58 95167.86
1560364299.2978206 24.53 95165.90
1560364359.326726 24.49 95162.47
1560364419.3556314 24.54 95165.10
1560364479.3845367 24.51 95164.03
1560364539.4134424 24.53 95166.07
1560364599.4423478 24.54 95166.17
1560364659.4712532 24.57 95163.25
1560364719.5001588 24.55 95166.27
1560364779.5446641 24.52 95162.83
1560364839.5735695 24.49 95163.97
1560364899.602475 24.47 95164.18
1560364959.6313806 24.48 95164.44
1560365019.6602857 24.52 95163.71
1560365079.689191 24.56 95159.55
1560365139.7180967 24.61 95158.16
1560365199.762602 24.58 95153.14
1560365259.7915077 24.63 95154.91
1560365319.8204129 24.67 95154.39
1560365379.8493185 24.64 95154.63
1560365439.878224 24.60 95156.28
1560365499.9071293 24.59 95157.89
1560365559.936035 24.54 95160.35
1560365619.9649403 24.52 95164.33
1560365680.0094457 24.49 95165.67
1560365740.038351 24.46 95169.96
1560365800.0672567 24.50 95167.48
1560365860.096162 24.44 95171.21
1560365920.1250675 24.53 95171.42
1560365980.1539726 24.53 95170.32
1560366040.1828783 24.49 95169.22
1560366100.2273839 24.51 95175.67
1560366160.2562892 24.50 95172.60
1560366220.2851944 24.48 95173.34
1560366280.3141 24.56 95171.81
1560366340.3430054 24.54 95172.68
1560366400.3719108 24.52 95172.19
1560366460.4008164 24.55 95171.32
1560366520.4297218 24.52 95170.46
1560366580.4742272 24.53 95168.32
1560366640.5031326 24.58 95165.46
1560366700.5320382 24.56 95169.81
1560366760.5609436 24.57 95169.27
1560366820.589849 24.56 95166.73
1560366880.6187544 24.51 95168.49
1560366940.6476598 24.64 95167.84
1560367000.6921654 24.61 95167.11
1560367060.7210705 24.55 95166.80
1560367120.7499764 24.54 95167.71
1560367180.7788815 24.51 95168.55
1560367240.807787 24.57 95170.10
1560367300.8366926 24.59 95166.19
1560367360.865598 24.67 95168.89
1560367420.8945034 24.58 95169.89
1560367480.9390087 24.53 95172.32
1560367540.9523141 24.55 95172.64
1560367600.9968197 24.50 95174.10
1560367661.0257251 24.53 95169.98
1560367721.0546308 24.49 95171.36
1560367781.083536 24.49 95173.50
1560367841.1124413 24.51 95172.16
1560367901.141347 24.48 95173.13
1560367961.1702523 24.51 95173.50
1560368021.214758 24.49 95173.74
1560368081.243663 24.49 95173.36
1560368141.2725685 24.50 95173.93
1560368201.301474 24.54 95173.52
1560368261.3303795 24.55 95175.42
1560368321.3592849 24.64 95175.79
1560368381.3881905 24.64 95183.72
1560368441.4170957 24.61 95180.15
1560368501.4616013 24.57 95181.30
1560368561.4905066 24.58 95183.24
1560368621.5194123 24.62 95186.53
1560368681.5483177 24.59 95187.25
1560368741.5772228 24.56 95188.09
1560368801.6061285 24.51 95188.17
1560368861.6350338 24.46 95190.19
1560368921.6795392 24.47 95190.92
1560368981.7084446 24.49 95188.91
1560369041.7373502 24.47 95192.66
1560369101.7662556 24.44 95191.02
1560369161.795161 24.45 95194.89
1560369221.8240666 24.46 95199.07
1560369281.852972 24.45 95197.44
1560369341.8818774 24.45 95195.97
1560369401.9263828 24.48 95195.29
1560369461.9552884 24.52 95199.36
1560369521.9841938 24.50 95196.66
1560369582.0130992 24.48 95196.13
1560369642.0420046 24.46 95196.64
1560369702.07091 24.49 95196.92
1560369762.0998154 24.52 95197.53
1560369822.144321 24.50 95195.60
1560369882.1732266 24.52 95192.85
1560369942.2021317 24.44 95197.88
1560370002.2310371 24.47 95198.77
1560370062.2599428 24.49 95198.07
1560370122.2888482 24.52 95199.10
1560370182.3177536 24.59 95193.43
1560370242.3466592 24.64 95199.60
1560370302.3911643 24.58 95196.91
1560370362.42007 24.57 95202.09
1560370422.4489753 24.51 95199.40
1560370482.4778805 24.50 95198.16
1560370542.5067863 24.48 95199.88
1560370602.5356915 24.50 95196.60
1560370662.564597 24.48 95197.17
1560370722.6091025 24.49 95195.76
1560370782.6380079 24.48 95201.14
1560370842.6669133 24.44 95199.99
1560370902.6958187 24.50 95200.91
1560370962.7247243 24.47 95201.71
1560371022.7536297 24.47 95200.01
1560371082.782535 24.53 95203.44
1560371142.8114407 24.47 95202.71
1560371202.855946 24.50 95200.83
1560371262.8848515 24.47 95197.71
1560371322.9137568 24.49 95200.77
1560371382.9426625 24.49 95201.75
1560371442.9715679 24.53 95202.07
1560371503.000473 24.53 95201.74
1560371563.0293787 24.45 95200.08
1560371623.058284 24.46 95203.92
1560371683.1027894 24.45 95203.85
1560371743.131695 24.48 95203.35
1560371803.1606004 24.49 95210.24
1560371863.1895058 24.45 95208.10
1560371923.2184112 24.47 95208.70
1560371983.2473168 24.43 95208.71
1560372043.2762222 24.44 95207.57
1560372103.3207276 24.45 95208.64
1560372163.349633 24.44 95208.74
1560372223.3785386 24.42 95210.82
1560372283.407444 24.46 95212.21
1560372343.4363492 24.44 95213.64
1560372403.465255 24.44 95210.91
1560372463.4941602 24.46 95209.37
1560372523.5230656 24.46 95210.44
1560372583.5675712 24.44 95211.51
1560372643.5964763 24.45 95211.92
1560372703.625382 24.45 95214.35
1560372763.6542873 24.44 95218.00
1560372823.6831927 24.41 95218.14
1560372883.7120984 24.42 95220.14
1560372943.7410038 24.42 95219.97
1560373003.7699091 24.41 95219.03
1560373063.8144145 24.38 95227.46
1560373123.8433201 24.43 95222.71
1560373183.8722255 24.45 95220.57
1560373243.901131 24.41 95225.55
1560373303.9300365 24.39 95221.72
1560373363.9589417 24.45 95221.37
1560373423.987847 24.48 95222.93
1560373484.0167527 24.44 95221.77
1560373544.061258 24.41 95225.66
1560373604.0901637 24.44 95228.69
1560373664.1190689 24.43 95230.20
1560373724.1479745 24.45 95229.59
1560373784.17688 24.47 95231.09
1560373844.2057853 24.50 95230.65
1560373904.234691 24.44 95235.82
1560373964.2635963 24.41 95238.15
1560374024.2925014 24.43 95238.72
1560374084.337007 24.38 95238.25
1560374144.3659127 24.38 95235.35
1560374204.3948178 24.44 95238.58
1560374264.4237235 24.41 95240.76
1560374324.4526289 24.41 95240.03
1560374384.4815342 24.44 95240.42
1560374444.5104396 24.43 95243.03
1560374504.5393453 24.42 95243.36
1560374564.5838504 24.42 95239.49
1560374624.612756 24.39 95242.07
1560374684.6416614 24.43 95241.86
1560374744.6705668 24.41 95241.66
1560374804.6994724 24.47 95236.31
1560374864.7283778 24.47 95236.54
1560374924.7572832 24.41 95234.67
1560374984.7861886 24.42 95235.71
1560375044.8306942 24.48 95235.94
1560375104.8595996 24.47 95237.38
1560375164.888505 24.43 95236.91
1560375224.9174104 24.46 95235.34
1560375284.9463158 24.45 95240.25
1560375344.9752212 24.44 95240.72
1560375405.0041268 24.40 95238.12
1560375465.0330322 24.38 95244.38
1560375525.0775375 24.41 95246.71
1560375585.106443 24.42 95247.14
1560375645.1353486 24.42 95252.53
1560375705.164254 24.46 95256.33
1560375765.1931593 24.43 95255.33
1560375825.222065 24.42 95256.53
1560375885.2509701 24.40 95256.21
1560375945.2798755 24.41 95254.30
1560376005.324381 24.37 95255.53
1560376065.3532865 24.38 95256.87
1560376125.3821921 24.43 95257.40
1560376185.4110973 24.37 95258.35
1560376245.440003 24.37 95254.67
1560376305.4689083 24.36 95257.77
1560376365.4978137 24.40 95257.94
1560376425.5267193 24.41 95260.91
1560376485.5712247 24.36 95260.99
1560376545.60013 24.36 95260.49
1560376605.6290355 24.33 95260.69
1560376665.657941 24.46 95258.90
1560376725.6868465 24.44 95258.27
1560376785.7157516 24.46 95259.57
1560376845.744657 24.42 95259.57
1560376905.7891626 24.41 95262.64
1560376965.8180683 24.43 95262.85
1560377025.8469737 24.44 95266.56
1560377085.8758788 24.45 95263.91
1560377145.9047844 24.45 95264.28
1560377205.9336898 24.44 95269.89
1560377265.9625952 24.40 95269.10
1560377325.9915009 24.37 95268.87
1560377386.0360062 24.47 95270.24
1560377446.0649116 24.45 95270.87
1560377506.093817 24.42 95273.25
1560377566.1227226 24.39 95270.14
1560377626.1516278 24.42 95274.58
1560377686.1805334 24.39 95272.01
1560377746.2094388 24.38 95270.27
1560377806.2383442 24.39 95276.52
1560377866.2828498 24.43 95274.64
1560377926.311755 24.42 95274.64
1560377986.3406606 24.40 95278.16
1560378046.369566 24.42 95272.21
1560378106.3984714 24.38 95273.61
1560378166.427377 24.37 95274.82
1560378226.4562824 24.36 95275.25
1560378286.4851878 24.37 95271.04
1560378346.5296931 24.42 95279.22
1560378406.5585988 24.45 95281.00
1560378466.5875041 24.46 95281.30
1560378526.6164095 24.49 95281.36
1560378586.6453152 24.47 95282.50
1560378646.6742203 24.50 95283.30
1560378706.7031257 24.44 95281.93
1560378766.7320313 24.43 95288.22
1560378826.7765365 24.38 95289.46
1560378886.8054423 24.38 95287.82
1560378946.8343475 24.35 95289.39
1560379006.8632529 24.33 95291.96
1560379066.8921585 24.36 95293.39
1560379126.921064 24.39 95294.10
1560379186.9499693 24.40 95294.20
1560379246.978875 24.39 95293.92
1560379307.0233803 24.39 95296.74
1560379367.0522857 24.41 95293.46
1560379427.081191 24.44 95297.81
1560379487.1100965 24.42 95300.02
1560379547.139002 24.42 95298.17
1560379607.1679072 24.45 95302.52
1560379667.1968129 24.48 95300.28
1560379727.2257183 24.47 95304.32
1560379787.2546237 24.44 95306.60
1560379847.2835293 24.42 95303.79
1560379907.3280346 24.37 95302.82
1560379967.35694 24.36 95303.89
1560380027.3858454 24.40 95303.66
1560380087.414751 24.36 95301.55
1560380147.4436564 24.37 95301.82
1560380207.4725618 24.41 95302.58
1560380267.5014672 24.41 95302.66
1560380327.5303726 24.37 95300.11
1560380387.5748782 24.39 95305.42
1560380447.6037836 24.38 95303.82
1560380507.632689 24.38 95303.25
1560380567.6615944 24.38 95305.33
1560380627.6904998 24.36 95309.57
1560380687.7194054 24.35 95311.48
1560380747.7483108 24.39 95314.25
1560380807.7772162 24.44 95311.85
1560380867.8217216 24.44 95310.91
1560380927.8506272 24.41 95313.17
1560380987.8795326 24.38 95311.35
1560381047.908438 24.42 95312.08
1560381107.9373436 24.42 95314.08
1560381167.9662488 24.36 95312.25
1560381227.9951541 24.32 95315.89
1560381288.0240595 24.35 95310.61
1560381348.068565 24.41 95312.44
1560381408.0974708 24.40 95314.39
1560381468.126376 24.38 95310.77
1560381528.1552813 24.41 95313.52
1560381588.184187 24.40 95311.48
1560381648.2130923 24.34 95316.13
1560381708.2419977 24.39 95314.28
1560381768.2709033 24.39 95309.30
1560381828.3154087 24.44 95311.11
1560381888.344314 24.46 95315.22
1560381948.3732195 24.43 95315.82
1560382008.4021251 24.46 95314.49
1560382068.4310303 24.43 95314.58
1560382128.4599357 24.46 95316.28
1560382188.4888413 24.45 95315.92
1560382248.533347 24.42 95319.22
1560382308.5622523 24.42 95315.89
1560382368.5911574 24.42 95317.92
1560382428.620063 24.44 95314.68
1560382488.6489685 24.45 95311.58
1560382548.6778738 24.38 95310.53
1560382608.7067795 24.40 95311.67
1560382668.7356849 24.35 95309.10
1560382728.7801902 24.38 95312.78
1560382788.8090956 24.38 95310.21
1560382848.8380013 24.42 95311.54
1560382908.8669066 24.43 95316.28
1560382968.895812 24.48 95313.49
1560383028.9247174 24.43 95313.75
1560383088.9536228 24.41 95313.78
1560383148.9825282 24.48 95315.89
1560383209.0270336 24.53 95314.58
1560383269.055939 24.45 95318.96
1560383329.0848446 24.43 95320.27
1560383389.11375 24.38 95318.06
1560383449.1426554 24.40 95319.93
1560383509.171561 24.45 95324.58
1560383569.2004664 24.48 95324.47
1560383629.2293718 24.42 95325.75
1560383689.2738771 24.37 95324.61
1560383749.3027828 24.39 95325.38
1560383809.3316882 24.38 95324.91
1560383869.3605936 24.40 95324.58
1560383929.389499 24.48 95323.57
1560383989.4184043 24.48 95325.05
1560384049.4473097 24.47 95330.28
