1561334464.7542262 25.40 95224.80
1561334524.7831316 25.38 95223.11
1561334584.8120372 25.44 95221.93
1561334644.8409426 25.37 95223.32
1561334704.869848 25.31 95223.21
1561334764.9143534 25.34 95221.49
1561334824.9432588 25.35 95221.32
1561334884.9721644 25.31 95220.44
1561334945.0010698 25.40 95220.18
1561335005.0299754 25.37 95220.74
1561335065.0588806 25.34 95215.90
1561335125.087786 25.35 95213.14
1561335185.1322916 25.38 95212.02
1561335245.161197 25.38 95209.28
1561335305.1901026 25.34 95208.71
1561335365.2190077 25.36 95212.54
1561335425.2479131 25.38 95212.67
1561335485.2768188 25.33 95208.35
1561335545.3057241 25.32 95209.08
1561335605.3502295 25.32 95214.58
1561335665.379135 25.31 95217.33
1561335725.4080405 25.30 95219.77
1561335785.436946 25.24 95221.38
1561335845.4658513 25.27 95216.31
1561335905.494757 25.26 95217.14
1561335965.5392623 25.27 95217.14
1561336025.5681677 25.34 95215.07
1561336085.597073 25.40 95214.57
1561336145.6259787 25.47 95218.17
1561336205.654884 25.37 95219.80
1561336265.6837893 25.32 95217.72
1561336325.712695 25.34 95214.23
1561336385.7572005 25.31 95215.42
1561336445.7861056 25.32 95217.55
1561336505.8150113 25.31 95217.35
1561336565.8439167 25.29 95216.83
1561336625.872822 25.32 95221.63
1561336685.9017274 25.41 95219.58
1561336745.930633 25.41 95221.82
1561336805.9751382 25.45 95218.88
1561336866.0040438 25.45 95219.25
1561336926.0329492 25.43 95221.07
1561336986.0618546 25.43 95219.74
1561337046.0907602 25.38 95219.10
1561337106.1196656 25.31 95222.91
1561337166.1485708 25.32 95216.75
1561337226.1774764 25.34 95217.14
1561337286.221982 25.38 95216.58
1561337346.2508874 25.39 95218.38
1561337406.2797928 25.40 95218.41
1561337466.3086982 25.40 95215.50
1561337526.3376036 25.41 95212.85
1561337586.366509 25.40 95215.44
1561337646.4110143 25.41 95212.88
1561337706.4399202 25.33 95211.32
1561337766.4688253 25.35 95214.15
1561337826.4977307 25.36 95214.82
1561337886.5266364 25.31 95213.47
1561337946.5555418 25.43 95212.47
1561338006.584447 25.36 95213.18
1561338066.6289525 25.33 95211.08
1561338126.6578581 25.30 95214.22
1561338186.6867635 25.37 95215.18
1561338246.715669 25.31 95215.08
1561338306.7445743 25.32 95214.21
1561338366.7734797 25.28 95213.02
1561338426.8179853 25.30 95213.75
1561338486.8468907 25.28 95211.99
1561338546.8757963 25.30 95213.75
1561338606.9047015 25.26 95213.90
1561338666.9336069 25.28 95210.32
1561338726.9625125 25.31 95206.64
1561338786.991418 25.25 95210.53
1561338847.0359232 25.29 95209.14
1561338907.0648289 25.29 95207.10
1561338967.093734 25.28 95203.99
1561339027.1226397 25.27 95209.52
1561339087.151545 25.29 95202.11
1561339147.1804507 25.25 95206.01
1561339207.2093558 25.23 95202.71
1561339267.2538614 25.24 95204.54
1561339327.2827668 25.20 95200.17
1561339387.3116722 25.25 95199.28
1561339447.3405778 25.22 95200.57
1561339507.369483 25.25 95200.55
1561339567.3983884 25.19 95195.67
1561339627.442894 25.24 95191.22
1561339687.4717996 25.27 95192.32
1561339747.500705 25.32 95192.18
1561339807.5296102 25.31 95190.08
1561339867.5585158 25.34 95186.35
1561339927.5874212 25.27 95185.92
1561339987.6163266 25.26 95187.00
1561340047.660832 25.32 95188.97
1561340107.6897376 25.29 95187.28
1561340167.718643 25.24 95185.24
1561340227.7475483 25.23 95185.57
1561340287.776454 25.27 95185.42
1561340347.8053594 25.23 95185.07
1561340407.8342645 25.18 95184.36
1561340467.87877 25.20 95181.61
1561340527.9076757 25.15 95187.12
1561340587.9365811 25.18 95184.86
1561340647.9654865 25.20 95184.75
1561340707.994392 25.19 95185.57
1561340768.0232973 25.16 95183.60
1561340828.0522027 25.15 95185.71
1561340888.096708 25.18 95183.13
1561340948.125614 25.14 95182.17
1561341008.154519 25.16 95186.51
1561341068.1834245 25.18 95186.94
1561341128.21233 25.18 95184.77
1561341188.2412355 25.20 95180.57
1561341248.270141 25.24 95185.71
1561341308.3146462 25.22 95180.92
1561341368.3435516 25.16 95183.67
1561341428.3724573 25.15 95182.64
1561341488.4013627 25.13 95179.94
1561341548.430268 25.14 95181.34
1561341608.4591734 25.12 95184.06
1561341668.4880788 25.10 95178.95
1561341728.5325844 25.13 95179.77
1561341788.5614898 25.20 95178.77
1561341848.5903955 25.21 95179.67
1561341908.6193006 25.22 95176.67
1561341968.648206 25.18 95174.56
1561342028.6771116 25.19 95173.58
1561342088.706017 25.19 95176.36
1561342148.7505226 25.19 95178.37
1561342208.7794278 25.11 95175.50
1561342268.8083334 25.11 95176.00
1561342328.8372388 25.19 95173.92
1561342388.8661442 25.13 95173.32
1561342448.8950498 25.07 95169.80
1561342508.9239552 25.09 95169.82
1561342568.9684606 25.18 95169.38
1561342628.997366 25.18 95169.58
1561342689.0262716 25.22 95174.57
1561342749.055177 25.12 95170.67
1561342809.0840821 25.10 95173.03
1561342869.1129878 25.11 95174.83
1561342929.1418931 25.17 95176.10
1561342989.1863987 25.13 95174.15
1561343049.2153041 25.10 95173.69
1561343109.2442093 25.12 95172.17
1561343169.273115 25.10 95178.01
1561343229.3020203 25.13 95179.27
1561343289.330926 25.11 95177.47
1561343349.3598313 25.16 95178.72
1561343409.4043367 25.16 95178.32
1561343469.433242 25.17 95180.46
1561343529.4621475 25.15 95182.77
1561343589.491053 25.13 95183.35
1561343649.5199585 25.13 95181.35
1561343709.548864 25.07 95175.39
1561343769.5777693 25.02 95179.32
1561343829.6222749 25.04 95178.28
1561343889.6511803 25.03 95176.54
1561343949.6800854 25.12 95179.38
1561344009.708991 25.10 95179.89
1561344069.7378964 25.15 95183.88
1561344129.7668018 25.11 95180.78
1561344189.7957075 25.12 95181.08
1561344249.8402128 25.12 95179.31
1561344309.8691182 25.05 95180.08
1561344369.8980236 25.10 95181.19
1561344429.9269292 25.06 95178.03
1561344489.9558346 25.06 95176.36
1561344549.98474 25.06 95174.42
1561344610.0136456 25.03 95178.71
1561344670.0425508 25.05 95180.92
1561344730.0870564 25.07 95183.18
1561344790.1159618 25.07 95180.07
1561344850.1448674 25.10 95183.40
1561344910.1737728 25.11 95179.95
1561344970.202678 25.12 95178.41
1561345030.2315836 25.15 95183.60
1561345090.260489 25.08 95180.93
1561345150.3049943 25.06 95180.71
1561345210.3338997 25.10 95183.40
1561345270.3628054 25.15 95181.30
1561345330.3917108 25.05 95180.14
1561345390.4206161 25.02 95182.16
1561345450.4495218 25.09 95182.27
1561345510.478427 25.03 95181.66
1561345570.5073326 25.03 95179.72
1561345630.551838 24.98 95180.21
1561345690.5807433 25.03 95178.49
1561345750.609649 25.07 95176.78
1561345810.638554 25.06 95179.61
1561345870.6674595 25.01 95174.94
1561345930.696365 24.95 95174.61
1561345990.7252705 24.95 95175.94
1561346050.769776 25.00 95171.74
1561346110.7986813 25.01 95173.07
1561346170.827587 25.06 95172.78
1561346230.8564923 25.05 95172.05
1561346290.8853977 25.06 95173.85
1561346350.9143033 25.05 95170.44
1561346410.9432087 25.01 95166.21
1561346470.987714 25.05 95168.53
1561346531.0166194 25.08 95170.10
1561346591.045525 25.03 95167.88
1561346651.0744305 24.97 95168.08
1561346711.1033356 24.97 95169.35
1561346771.1322415 25.00 95166.46
1561346831.1611466 25.01 95167.38
1561346891.2056522 24.95 95167.58
1561346951.2345576 24.97 95165.96
1561347011.263463 24.99 95164.05
1561347071.2923684 25.02 95164.91
1561347131.3212738 25.04 95167.07
1561347191.3501794 24.99 95164.08
1561347251.3790848 24.99 95164.92
1561347311.4235902 25.05 95167.21
1561347371.4524956 24.98 95166.10
1561347431.4814012 25.01 95166.52
1561347491.5103066 25.02 95165.94
1561347551.539212 24.96 95166.38
1561347611.5681176 24.87 95165.85
1561347671.5970228 24.89 95168.98
1561347731.6415284 24.85 95166.69
1561347791.6704338 24.91 95167.47
1561347851.6993392 24.95 95166.10
1561347911.7282445 24.94 95167.35
1561347971.75715 24.98 95166.49
1561348031.7860553 24.96 95169.28
1561348091.814961 24.95 95168.92
1561348151.8438663 24.91 95174.05
1561348211.8883717 24.87 95175.81
1561348271.917277 24.85 95177.89
1561348331.9461827 24.86 95177.28
1561348391.9750881 24.89 95177.00
1561348452.0039935 24.87 95180.42
1561348512.0328991 24.84 95178.87
1561348572.0618043 24.87 95184.91
1561348632.10631 24.79 95183.53
1561348692.1352153 24.88 95181.96
1561348752.164121 24.83 95174.08
1561348812.1930263 24.84 95178.53
1561348872.2219315 24.82 95177.30
1561348932.250837 24.81 95183.79
1561348992.2797425 24.79 95180.46
1561349052.324248 24.83 95178.47
1561349112.3531532 24.78 95180.26
1561349172.3820589 24.79 95180.25
1561349232.4109643 24.78 95181.43
1561349292.4398696 24.80 95180.32
1561349352.4687753 24.79 95180.19
1561349412.4976807 24.79 95183.46
1561349472.526586 24.74 95180.77
1561349532.5710914 24.80 95177.64
1561349592.599997 24.78 95180.56
1561349652.6289024 24.79 95178.18
1561349712.6578078 24.78 95178.59
1561349772.686713 24.76 95178.09
1561349832.7156186 24.79 95172.42
1561349892.744524 24.77 95173.67
1561349952.7890294 24.79 95173.43
1561350012.817935 24.86 95169.93
1561350072.8468404 24.91 95170.47
1561350132.8757458 24.82 95174.49
1561350192.9046512 24.89 95171.35
1561350252.9335568 24.95 95169.72
1561350312.9624622 24.94 95171.93
1561350372.9913676 24.89 95168.14
1561350433.035873 24.85 95169.60
1561350493.0647786 24.81 95170.41
1561350553.093684 24.81 95165.07
1561350613.1225893 24.84 95169.47
1561350673.151495 24.80 95164.97
1561350733.1804001 24.83 95166.89
1561350793.2093055 24.84 95166.06
1561350853.2538111 24.85 95163.82
1561350913.2827168 24.80 95164.47
1561350973.311622 24.81 95163.89
1561351033.3405273 24.88 95162.80
1561351093.369433 24.98 95165.25
1561351153.3983383 24.94 95163.78
1561351213.4272437 24.92 95161.07
1561351273.4561493 24.91 95156.86
1561351333.4850547 24.95 95156.17
1561351393.52956 24.96 95160.49
1561351453.5584655 24.90 95156.57
1561351513.587371 24.86 95153.27
1561351573.6162765 24.83 95151.22
1561351633.6451817 24.79 95151.33
1561351693.6740873 24.82 95154.22
1561351753.7029927 24.81 95156.30
1561351813.731898 24.87 95153.91
1561351873.7764037 24.82 95154.16
1561351933.8053088 24.83 95151.51
1561351993.8342144 24.81 95146.34
1561352053.8631198 24.86 95149.77
1561352113.8920252 24.83 95149.81
1561352173.9209309 24.86 95147.86
1561352233.9498363 24.84 95144.22
1561352293.9787414 24.94 95144.27
1561352354.023247 24.90 95143.30
1561352414.0521526 24.95 95147.01
1561352474.081058 24.94 95149.79
1561352534.1099634 24.88 95148.32
1561352594.1388688 24.89 95141.69
1561352654.1677742 24.85 95137.60
1561352714.1966796 24.84 95137.13
1561352774.2411852 24.89 95139.72
1561352834.2700906 24.87 95136.78
1561352894.298996 24.97 95140.38
1561352954.3279014 24.99 95140.74
1561353014.356807 24.94 95138.08
1561353074.3857124 24.96 95139.11
1561353134.4146178 24.97 95134.72
1561353194.4591231 25.05 95136.89
1561353254.4880288 25.08 95134.03
1561353314.5169342 25.03 95133.92
1561353374.5458395 25.04 95136.76
1561353434.5747452 25.03 95134.72
1561353494.6036503 24.99 95132.38
1561353554.6325557 24.93 95129.92
1561353614.6770613 24.95 95128.85
1561353674.7059667 24.96 95130.85
1561353734.7348723 24.92 95128.60
1561353794.7637775 24.96 95131.39
1561353854.7926831 24.90 95127.10
1561353914.8215885 24.86 95132.81
1561353974.850494 24.82 95130.65
1561354034.8793995 24.85 95131.91
1561354094.9239047 24.89 95130.02
1561354154.9528103 24.90 95133.12
1561354214.9817157 24.92 95137.42
1561354275.010621 25.00 95137.62
1561354335.0395267 24.90 95136.30
1561354395.0684319 24.95 95138.61
1561354455.0973372 24.95 95132.36
1561354515.1418428 24.88 95132.77
1561354575.1707485 24.93 95134.14
1561354635.1996539 24.86 95134.67
1561354695.228559 24.89 95132.26
1561354755.2574646 24.92 95130.91
1561354815.28637 24.89 95126.53
1561354875.3152754 24.94 95132.57
1561354935.344181 24.86 95125.46
1561354995.3886864 24.83 95128.64
1561355055.4175918 24.83 95126.03
1561355115.4464972 24.84 95122.99
1561355175.4754028 24.87 95121.63
1561355235.5043082 24.81 95124.44
1561355295.5332136 24.84 95122.08
1561355355.562119 24.89 95123.86
1561355415.5910244 24.89 95120.35
1561355475.63553 24.87 95120.19
1561355535.6644351 24.89 95118.32
1561355595.6933408 24.91 95119.37
1561355655.7222462 25.04 95119.07
1561355715.7511516 25.09 95120.48
1561355775.7800572 25.18 95123.47
1561355835.8089626 25.17 95127.99
1561355895.837868 25.18 95120.75
1561355955.8823733 25.20 95118.50
1561356015.911279 25.23 95116.14
1561356075.9401844 25.24 95120.89
1561356135.9690897 25.13 95122.96
1561356195.9979954 25.12 95124.50
1561356256.0269005 25.02 95126.27
1561356316.055806 24.89 95128.98
1561356376.1003115 24.89 95125.74
1561356436.129217 24.95 95123.10
1561356496.1581225 25.05 95128.23
1561356556.1870277 25.07 95131.66
1561356616.215933 25.12 95131.57
1561356676.2448387 25.15 95128.84
1561356736.273744 25.05 95120.50
1561356796.3026495 25.10 95117.83
1561356856.3471549 25.11 95115.07
1561356916.3760605 25.14 95120.01
1561356976.4049659 25.17 95118.22
1561357036.4338713 25.19 95117.47
1561357096.4627767 25.11 95124.44
1561357156.4916823 25.18 95124.41
1561357216.5205874 25.18 95121.70
1561357276.565093 25.24 95114.60
1561357336.5939987 25.22 95113.67
1561357396.6229038 25.25 95108.93
1561357456.6518092 25.29 95109.58
1561357516.6807148 25.23 95106.34
1561357576.7096202 25.18 95106.07
1561357636.7385256 25.13 95103.63
1561357696.7674313 25.17 95103.77
1561357756.7963367 25.14 95100.84
1561357816.825242 25.18 95098.53
1561357876.8697474 25.13 95099.27
1561357936.898653 25.12 95100.25
1561357996.9275584 25.14 95098.36
1561358056.9564638 25.16 95102.37
1561358116.9853692 25.18 95100.65
1561358177.0142746 25.24 95101.38
1561358237.04318 25.21 95098.99
1561358297.0876853 25.17 95101.05
1561358357.1165912 25.18 95097.60
1561358417.1454964 25.16 95098.28
1561358477.1744018 25.16 95099.12
1561358537.2033072 25.17 95100.72
1561358597.2322128 25.15 95100.97
1561358657.2611182 25.19 95098.89
1561358717.2900236 25.17 95098.32
1561358777.334529 25.09 95097.57
1561358837.3634346 25.12 95097.78
1561358897.39234 25.11 95093.00
1561358957.421245 25.02 95094.46
1561359017.450151 25.05 95094.84
1561359077.4790561 25.05 95098.63
1561359137.5079615 24.96 95104.00
1561359197.552467 24.98 95099.43
1561359257.5813725 25.05 95100.89
1561359317.610278 25.12 95095.57
1561359377.6391833 25.17 95096.14
1561359437.668089 25.19 95096.39
1561359497.6969943 25.10 95097.15
1561359557.7258997 25.14 95099.53
1561359617.7548053 25.14 95094.82
1561359677.7993107 25.06 95097.82
1561359737.828216 24.98 95095.92
1561359797.8571215 24.96 95101.09
1561359857.886027 24.95 95098.01
1561359917.9149325 25.01 95099.02
1561359977.9438376 24.96 95100.55
1561360037.9727433 25.05 95100.63
1561360098.0016487 25.06 95095.47
1561360158.046154 25.09 95095.85
1561360218.0750597 24.98 95095.22
1561360278.103965 24.95 95096.50
1561360338.1328704 24.95 95092.46
1561360398.1617758 24.99 95091.80
1561360458.1906815 25.00 95090.52
1561360518.2195868 25.02 95091.72
1561360578.2640922 24.99 95092.84
1561360638.2929976 25.03 95096.25
1561360698.321903 24.97 95090.07
1561360758.3508086 24.96 95088.50
1561360818.3797138 24.98 95084.18
1561360878.4086194 25.05 95087.08
1561360938.4375248 24.95 95083.50
1561360998.4664302 25.04 95084.61
1561361058.5109358 25.02 95082.12
1561361118.539841 24.97 95078.93
1561361178.5687466 25.08 95082.85
1561361238.597652 24.99 95079.06
1561361298.6265574 25.00 95085.33
1561361358.655463 24.96 95089.38
1561361418.6843684 24.97 95082.78
1561361478.7132738 24.98 95084.85
1561361538.7577791 24.99 95086.32
1561361598.7866848 24.98 95087.32
1561361658.8155901 25.05 95085.21
1561361718.8444955 25.00 95089.85
1561361778.8734012 24.98 95088.66
1561361838.9023063 24.90 95095.13
1561361898.9312117 24.96 95092.58
1561361958.9757173 24.89 95089.61
1561362019.0046227 24.87 95090.97
1561362079.0335283 24.82 95093.90
1561362139.0624335 24.83 95092.80
1561362199.091339 24.86 95088.53
1561362259.1202445 24.85 95088.17
1561362319.14915 24.85 95090.28
1561362379.1780555 24.87 95089.10
1561362439.222561 24.85 95095.25
1561362499.2514663 24.89 95091.92
1561362559.2803717 24.80 95094.95
1561362619.3092773 24.86 95099.71
1561362679.3381824 24.83 95100.18
1561362739.367088 24.74 95097.39
1561362799.3959932 24.76 95099.99
1561362859.4248989 24.77 95099.91
1561362919.4694045 24.82 95099.82
1561362979.4983096 24.85 95103.82
1561363039.527215 24.83 95101.35
1561363099.5561206 24.82 95102.27
1561363159.585026 24.83 95101.19
1561363219.6139314 24.87 95098.72
1561363279.642837 24.85 95102.99
1561363339.6717424 24.86 95104.39
1561363399.7162478 24.84 95107.27
1561363459.7451532 24.84 95107.60
1561363519.7740588 24.83 95104.03
1561363579.8029642 24.89 95107.17
1561363639.8318696 24.95 95107.88
1561363699.860775 24.95 95103.27
1561363759.8896804 25.00 95103.74
1561363819.9185858 24.88 95106.38
1561363879.9474914 24.82 95108.28
1561363939.991997 24.83 95112.99
1561364000.0209022 24.87 95109.69
1561364060.0498075 24.85 95112.75
1561364120.0787132 24.78 95113.55
1561364180.1076186 24.65 95108.56
1561364240.1365237 24.73 95107.96
1561364300.1654296 24.78 95112.01
1561364360.1943347 24.72 95113.41
1561364420.2232401 24.79 95112.14
1561364480.2677457 24.78 95109.17
1561364540.2966511 24.78 95109.21
1561364600.3255565 24.77 95107.07
1561364660.354462 24.75 95108.55
1561364720.3833675 24.75 95113.53
1561364780.412273 24.81 95116.67
1561364840.4411783 24.78 95115.72
1561364900.470084 24.77 95117.50
1561364960.514589 24.82 95119.82
1561365020.5434947 24.72 95121.94
1561365080.5724 24.67 95117.07
1561365140.6013055 24.67 95122.75
1561365200.630211 24.72 95124.67
1561365260.6591163 24.76 95123.59
1561365320.6880217 24.70 95121.82
1561365380.7169273 24.71 95121.81
1561365440.7614326 24.77 95123.85
1561365500.7903383 24.79 95130.03
1561365560.8192434 24.68 95125.53
1561365620.848149 24.73 95128.75
1561365680.8770545 24.70 95129.14
1561365740.9059598 24.74 95131.39
1561365800.9348655 24.72 95134.41
1561365860.9637709 24.75 95133.13
1561365921.0082762 24.79 95132.77
1561365981.0371816 24.75 95136.20
1561366041.0660872 24.70 95135.46
1561366101.0949924 24.61 95137.42
1561366161.123898 24.70 95139.69
1561366221.1528034 24.69 95143.61
1561366281.1817088 24.67 95140.98
1561366341.2106142 24.72 95142.33
1561366401.2551196 24.75 95143.56
1561366461.2840252 24.69 95144.69
1561366521.3129306 24.63 95144.44
1561366581.341836 24.68 95145.16
1561366641.3707416 24.68 95143.85
1561366701.399647 24.66 95143.80
1561366761.4285524 24.68 95142.52
1561366821.457458 24.65 95141.63
1561366881.5019634 24.63 95144.14
1561366941.5308688 24.67 95143.32
1561367001.5597742 24.78 95148.79
1561367061.5886798 24.74 95143.99
1561367121.617585 24.72 95145.17
1561367181.6464903 24.74 95145.13
1561367241.6753957 24.69 95144.28
1561367301.7043014 24.60 95146.39
1561367361.7332067 24.58 95147.67
1561367421.777712 24.63 95148.15
1561367481.8066175 24.69 95149.97
1561367541.8355231 24.71 95148.96
1561367601.8644285 24.71 95146.38
1561367661.893334 24.70 95148.69
1561367721.9222395 24.69 95154.32
1561367781.9511447 24.65 95152.63
1561367841.98005 24.66 95155.66
1561367902.0245557 24.68 95158.53
1561367962.053461 24.61 95159.09
1561368022.0823667 24.60 95160.13
1561368082.1112719 24.68 95161.74
1561368142.1401775 24.68 95164.92
1561368202.1690829 24.64 95161.16
1561368262.1979883 24.59 95162.57
1561368322.226894 24.55 95167.90
1561368382.2557993 24.55 95164.12
1561368442.3003047 24.57 95166.83
1561368502.32921 24.56 95168.71
1561368562.3581157 24.66 95169.47
1561368622.387021 24.67 95172.17
1561368682.4159262 24.68 95173.11
1561368742.4448318 24.63 95171.55
1561368802.4737372 24.55 95172.14
1561368862.5026426 24.58 95175.17
1561368922.5471482 24.62 95172.26
1561368982.5760536 24.59 95172.80
1561369042.604959 24.59 95169.60
1561369102.6338644 24.53 95169.14
1561369162.66277 24.56 95171.21
1561369222.6916754 24.63 95170.55
1561369282.7205808 24.57 95168.07
1561369342.749486 24.67 95172.07
1561369402.7783916 24.63 95165.53
1561369462.807297 24.56 95166.80
1561369522.8362024 24.57 95169.67
1561369582.880708 24.61 95167.89
1561369642.9096134 24.50 95171.86
1561369702.9385188 24.52 95172.59
1561369762.9674242 24.52 95173.06
1561369822.9963298 24.53 95173.09
1561369883.0252352 24.56 95176.22
1561369943.0541406 24.63 95172.46
1561370003.083046 24.67 95170.87
1561370063.1119516 24.70 95173.16
1561370123.156457 24.69 95173.14
1561370183.1853623 24.68 95175.02
1561370243.214268 24.62 95175.67
1561370303.2431731 24.56 95175.22
1561370363.2720785 24.63 95178.24
1561370423.3009841 24.67 95183.03
1561370483.3298895 24.64 95184.82
1561370543.358795 24.58 95183.77
1561370603.4033003 24.53 95183.68
1561370663.432206 24.49 95185.73
1561370723.4611113 24.54 95182.58
1561370783.4900167 24.49 95185.50
1561370843.5189223 24.49 95189.35
1561370903.5478277 24.44 95190.80
1561370963.5767329 24.57 95188.39
1561371023.6056385 24.54 95188.93
1561371083.634544 24.58 95188.75
1561371143.6790495 24.60 95190.72
1561371203.7079546 24.56 95193.44
1561371263.7368603 24.57 95193.00
1561371323.7657657 24.53 95192.54
1561371383.794671 24.57 95192.89
1561371443.8235767 24.49 95194.42
1561371503.852482 24.51 95193.22
1561371563.8813875 24.47 95195.42
1561371623.910293 24.51 95196.19
1561371683.9547982 24.58 95199.65
1561371743.9837039 24.58 95197.88
1561371804.0126092 24.55 95195.48
1561371864.0415144 24.51 95198.69
1561371924.0704203 24.56 95197.99
1561371984.0993254 24.53 95200.74
1561372044.1282308 24.54 95201.53
1561372104.1571364 24.48 95201.01
1561372164.1860418 24.45 95199.28
1561372224.2305472 24.48 95203.82
1561372284.2594526 24.48 95206.82
1561372344.2883582 24.52 95200.43
1561372404.3172636 24.54 95199.60
1561372464.346169 24.58 95201.59
1561372524.3750744 24.58 95203.42
1561372584.4039798 24.64 95202.03
1561372644.4328852 24.58 95205.39
1561372704.4617908 24.50 95200.50
1561372764.5062964 24.54 95201.83
1561372824.5352015 24.51 95201.91
1561372884.564107 24.42 95206.07
1561372944.5930126 24.41 95204.00
1561373004.621918 24.42 95206.10
1561373064.6508234 24.40 95202.13
1561373124.679729 24.46 95203.59
1561373184.7086344 24.46 95205.69
1561373244.7375395 24.57 95206.71
1561373304.7820451 24.49 95204.45
1561373364.8109508 24.52 95209.46
1561373424.8398561 24.51 95207.49
1561373484.8687615 24.49 95208.72
1561373544.897667 24.56 95207.47
1561373604.9265723 24.52 95207.99
1561373664.9554777 24.48 95208.70
1561373724.9843833 24.55 95210.25
1561373785.0288885 24.50 95209.03
1561373845.057794 24.51 95216.35
1561373905.0866995 24.56 95215.50
1561373965.1156049 24.58 95218.17
1561374025.1445105 24.64 95217.49
1561374085.1734157 24.74 95217.25
1561374145.2023213 24.73 95215.85
1561374205.2312267 24.64 95215.41
1561374265.260132 24.73 95215.82
1561374325.3046377 24.66 95215.27
1561374385.3335428 24.68 95213.46
1561374445.3624485 24.70 95215.07
1561374505.3913538 24.72 95216.33
1561374565.4202592 24.73 95216.02
1561374625.4491649 24.71 95211.45
1561374685.4780703 24.75 95214.85
1561374745.5069754 24.70 95218.53
1561374805.5358813 24.72 95215.12
1561374865.5647864 24.75 95220.80
1561374925.5936918 24.70 95215.89
1561374985.6381974 24.77 95219.11
1561375045.667103 24.80 95226.17
1561375105.6960082 24.81 95226.10
1561375165.7249136 24.87 95221.79
1561375225.7538192 24.87 95222.30
1561375285.7827246 24.88 95223.00
1561375345.81163 24.86 95223.10
1561375405.8405356 24.87 95223.20
1561375465.885041 24.95 95224.07
1561375525.9139464 24.97 95227.05
1561375585.9428518 24.95 95232.21
1561375645.9717574 24.95 95233.60
1561375706.0006628 24.99 95232.49
1561375766.029568 25.00 95238.60
1561375826.0584736 24.95 95240.70
1561375886.087379 24.83 95242.67
1561375946.1162844 24.79 95241.05
1561376006.16079 24.72 95241.36
1561376066.1896951 24.85 95241.27
1561376126.2186007 24.93 95238.00
1561376186.2475061 24.90 95237.47
1561376246.2764115 24.87 95239.42
1561376306.3053172 24.80 95242.96
1561376366.3342226 24.84 95238.39
1561376426.3631277 24.84 95243.21
1561376486.4076333 24.92 95240.64
1561376546.436539 24.91 95241.04
1561376606.465444 24.91 95240.54
1561376666.4943497 24.90 95247.38
1561376726.523255 24.87 95244.37
1561376786.5521605 24.78 95247.53
1561376846.581066 24.71 95246.39
1561376906.6099715 24.73 95251.57
1561376966.654477 24.68 95252.58
1561377026.6833823 24.70 95253.85
1561377086.7122877 24.69 95255.28
1561377146.7411933 24.67 95258.50
1561377206.7700987 24.67 95257.46
1561377266.799004 24.62 95260.91
1561377326.8279095 24.63 95262.62
1561377386.8568149 24.69 95261.40
1561377446.8857203 24.69 95264.08
1561377506.9302258 24.63 95265.23
1561377566.9591315 24.62 95263.25
1561377626.9880366 24.59 95260.35
1561377687.016942 24.56 95263.57
1561377747.0458477 24.67 95262.61
1561377807.074753 24.68 95264.38
1561377867.1036584 24.60 95269.61
1561377927.132564 24.60 95266.10
1561377987.1770694 24.66 95265.82
1561378047.2059748 24.68 95268.60
1561378107.2348802 24.71 95264.17
1561378167.2637854 24.72 95264.44
1561378227.2926912 24.77 95263.79
1561378287.3215964 24.69 95266.49
1561378347.3505018 24.66 95269.10
1561378407.3794074 24.66 95268.60
1561378467.4239128 24.66 95266.52
1561378527.4528182 24.68 95268.06
1561378587.4817235 24.76 95267.30
1561378647.5106292 24.69 95273.74
1561378707.5395346 24.71 95273.53
1561378767.56844 24.74 95269.14
1561378827.5973456 24.66 95262.68
1561378887.626251 24.70 95268.35
1561378947.6551561 24.75 95267.94
1561379007.6996617 24.73 95272.30
1561379067.7285674 24.72 95265.44
1561379127.7574728 24.71 95269.08
1561379187.786378 24.66 95270.21
1561379247.8152835 24.58 95273.13
1561379307.844189 24.60 95268.94
1561379367.8730943 24.63 95267.74
1561379427.902 24.60 95267.61
1561379487.9465053 24.56 95269.92
1561379547.9754107 24.62 95270.11
1561379608.004316 24.67 95271.84
1561379668.0332217 24.68 95271.14
1561379728.062127 24.63 95271.01
1561379788.0910325 24.61 95271.75
1561379848.119938 24.55 95268.08
1561379908.1488433 24.54 95270.99
1561379968.1777487 24.55 95267.17
1561380028.2066543 24.53 95268.42
1561380088.25116 24.51 95265.04
1561380148.280065 24.53 95270.19
1561380208.3089705 24.55 95267.28
1561380268.337876 24.56 95267.64
1561380328.3667815 24.59 95266.74
1561380388.3956869 24.56 95265.91
1561380448.4245925 24.57 95262.50
1561380508.4534976 24.60 95260.58
1561380568.4980032 24.59 95265.80
1561380628.5269086 24.60 95261.99
1561380688.555814 24.60 95261.25
1561380748.5847197 24.57 95262.20
1561380808.6136248 24.58 95260.12
1561380868.6425302 24.63 95256.80
1561380928.6714358 24.67 95251.35
1561380988.7003412 24.57 95257.18
1561381048.7448466 24.59 95251.36
1561381108.773752 24.64 95248.01
1561381168.8026576 24.60 95250.19
1561381228.831563 24.57 95246.61
1561381288.8604684 24.52 95251.41
1561381348.889374 24.59 95247.18
1561381408.9182794 24.58 95247.52
1561381468.9471846 24.54 95243.08
1561381528.9916902 24.56 95244.25
1561381589.0205958 24.54 95239.57
1561381649.0495012 24.53 95242.38
1561381709.0784063 24.52 95241.11
1561381769.107312 24.51 95238.31
1561381829.1362174 24.53 95239.10
1561381889.1651227 24.66 95240.17
1561381949.1940284 24.69 95238.57
1561382009.2385337 24.73 95235.85
1561382069.2674391 24.82 95237.70
1561382129.2963445 24.83 95234.99
1561382189.3252501 24.80 95233.42
1561382249.3541555 24.82 95231.17
1561382309.383061 24.83 95232.78
1561382369.4119663 24.82 95231.47
1561382429.4408717 24.81 95228.71
1561382489.4853773 24.80 95225.96
1561382549.5142827 24.77 95228.58
1561382609.5431883 24.79 95230.41
1561382669.5720935 24.75 95228.66
1561382729.6009989 24.82 95226.46
1561382789.6299043 24.87 95223.70
1561382849.65881 24.75 95220.96
1561382909.6877153 24.71 95221.31
1561382969.7322206 24.69 95217.24
1561383029.761126 24.75 95217.85
1561383089.7900317 24.76 95216.54
1561383149.818937 24.85 95218.92
1561383209.8478425 24.85 95218.16
1561383269.8767478 24.84 95212.32
1561383329.9056532 24.77 95212.60
1561383389.9345586 24.89 95213.60
1561383449.9790642 24.95 95207.22
1561383510.0079699 24.90 95207.53
1561383570.036875 24.96 95208.99
1561383630.0657804 24.97 95206.03
1561383690.094686 24.97 95204.43
1561383750.1235914 25.03 95203.47
1561383810.1524968 25.03 95201.80
1561383870.1970022 25.09 95200.77
1561383930.2259078 25.04 95202.53
1561383990.2548132 25.01 95199.97
1561384050.2837186 25.11 95196.67
1561384110.3126242 25.08 95191.74
1561384170.3415296 25.12 95189.08
1561384230.3704348 25.05 95189.88
1561384290.3993404 24.99 95186.46
1561384350.443846 25.01 95182.14
1561384410.4727514 24.97 95184.30
1561384470.5016565 25.08 95180.19
1561384530.5305622 25.04 95179.44
1561384590.5594676 25.11 95180.52
1561384650.588373 25.14 95180.91
1561384710.6172786 25.12 95175.69
1561384770.6617837 25.05 95171.99
1561384830.6906893 25.03 95171.02
1561384890.7195947 25.08 95175.35
1561384950.7485 25.15 95168.99
1561385010.7774057 25.13 95168.86
1561385070.8063111 25.15 95165.71
1561385130.8352163 25.11 95162.46
1561385190.8797219 25.13 95166.85
1561385250.9086275 25.06 95163.48
1561385310.937533 25.05 95164.16
1561385370.9664383 25.13 95165.22
1561385430.9953437 25.12 95161.31
1561385491.024249 25.16 95163.86
1561385551.0531545 25.06 95162.38
1561385611.0976598 25.09 95157.25
1561385671.1265655 25.10 95154.69
1561385731.1554708 25.13 95156.92
1561385791.1843762 25.08 95153.67
1561385851.2132819 25.11 95154.36
1561385911.2421873 25.06 95150.27
1561385971.2710927 25.10 95151.02
1561386031.2999983 25.09 95149.64
1561386091.3289034 25.12 95151.47
1561386151.373409 25.09 95147.38
1561386211.4023144 25.08 95145.40
1561386271.43122 25.08 95140.89
1561386331.4601252 25.12 95143.61
1561386391.4890306 25.10 95139.47
1561386451.5179362 25.07 95141.86
1561386511.5468416 25.14 95141.19
1561386571.5913472 25.12 95137.05
1561386631.6202524 25.14 95134.53
1561386691.649158 25.14 95133.57
1561386751.6780634 25.06 95126.41
1561386811.7069688 25.02 95123.63
1561386871.7358744 25.10 95121.74
1561386931.7803795 25.11 95123.08
1561386991.8092852 25.04 95120.24
1561387051.8381906 25.04 95118.30
1561387111.867096 25.13 95116.88
1561387171.8960013 25.10 95110.53
1561387231.924907 25.08 95109.44
1561387291.9538121 25.06 95110.13
1561387351.9983177 25.08 95107.33
1561387412.0272233 25.05 95106.72
1561387472.0561285 25.08 95106.00
1561387532.085034 25.08 95101.85
1561387592.1139395 25.05 95105.92
1561387652.142845 24.99 95096.46
1561387712.1717503 24.96 95096.43
1561387772.216256 24.98 95098.63
1561387832.2451613 25.03 95094.25
1561387892.2740667 25.02 95097.00
1561387952.302972 25.04 95091.60
1561388012.3318777 24.99 95087.75
1561388072.360783 24.92 95092.41
1561388132.3896885 24.92 95090.94
1561388192.4341938 24.96 95099.64
1561388252.4630995 24.93 95093.67
1561388312.4920049 24.96 95090.02
1561388372.52091 24.92 95086.49
1561388432.549816 24.98 95087.66
1561388492.578721 24.95 95087.98
1561388552.6076264 24.94 95084.30
1561388612.652132 24.96 95082.55
1561388672.6810374 24.94 95082.23
1561388732.7099428 24.94 95074.88
1561388792.7388482 24.91 95074.22
1561388852.7677538 24.97 95070.57
1561388912.7966592 24.89 95067.82
1561388972.8255646 25.00 95067.28
1561389032.8544698 25.05 95066.07
1561389092.8989754 25.04 95062.21
1561389152.927881 24.92 95061.34
1561389212.9567864 24.84 95057.28
1561389272.9856918 24.86 95056.06
1561389333.0145974 24.82 95053.24
1561389393.0435026 24.88 95047.69
1561389453.072408 24.92 95049.30
1561389513.1169136 24.90 95047.10
1561389573.145819 24.93 95037.32
1561389633.1747246 24.88 95041.17
1561389693.2036297 25.05 95041.99
1561389753.2325354 25.04 95035.11
1561389813.2614408 25.00 95032.83
1561389873.2903461 24.98 95030.39
1561389933.3348515 24.97 95027.26
1561389993.3637571 24.96 95023.32
1561390053.3926625 25.01 95027.33
1561390113.421568 24.95 95024.22
1561390173.4504735 25.01 95022.14
1561390233.4793787 24.99 95018.58
1561390293.5082843 24.98 95018.82
1561390353.5527897 24.99 95018.98
1561390413.5816953 24.91 95021.75
1561390473.6106007 24.91 95016.07
1561390533.6395059 24.91 95016.07
1561390593.6684115 24.95 95018.04
1561390653.697317 24.93 95013.38
1561390713.7262223 24.91 95009.21
1561390773.7707276 24.84 95012.07
1561390833.7996333 24.91 95006.53
1561390893.8285387 24.95 95008.61
1561390953.857444 24.98 94999.59
1561391013.8863497 24.99 95002.30
1561391073.915255 24.99 94999.85
1561391133.9441605 24.99 95000.15
1561391193.973066 24.98 95000.96
1561391254.0175712 24.94 94996.44
1561391314.0464768 24.92 94996.42
1561391374.0753822 24.95 94997.07
1561391434.1042874 24.88 94993.64
1561391494.1331933 24.88 94991.40
1561391554.1620984 24.96 94985.39
1561391614.1910038 25.02 94983.64
1561391674.2355094 25.03 94979.46
1561391734.2644148 25.03 94982.13
1561391794.2933202 25.00 94980.32
1561391854.3222256 25.04 94974.86
1561391914.3511312 25.00 94976.53
1561391974.3800366 25.00 94971.96
1561392034.408942 25.02 94966.39
1561392094.4534473 24.97 94964.14
1561392154.482353 24.99 94958.94
1561392214.5112584 25.04 94961.02
1561392274.5401638 24.98 94958.61
1561392334.5690694 24.96 94954.39
1561392394.5979745 24.92 94954.39
1561392454.62688 24.90 94955.67
1561392514.6713855 24.87 94956.67
1561392574.7002912 24.87 94945.57
1561392634.7291963 24.87 94945.23
1561392694.7581017 24.93 94940.40
1561392754.7870073 24.94 94935.47
1561392814.8159127 25.05 94934.99
1561392874.844818 25.00 94935.92
1561392934.8893235 24.99 94933.42
1561392994.9026291 24.94 94936.67
1561393054.9471345 24.88 94931.82
1561393114.97604 24.89 94932.39
1561393175.0049455 24.82 94930.06
1561393235.033851 24.81 94927.66
1561393295.062756 24.85 94927.58
1561393355.091662 24.86 94927.38
1561393415.120567 24.79 94921.15
1561393475.1650727 24.77 94918.28
1561393535.193978 24.81 94923.67
1561393595.2228832 24.77 94927.05
1561393655.2517889 24.79 94921.38
1561393715.2806942 24.81 94920.80
1561393775.3095996 24.80 94917.70
1561393835.3385053 24.75 94920.64
1561393895.3674107 24.78 94915.17
1561393955.411916 24.80 94916.89
1561394015.4408214 24.82 94917.48
1561394075.469727 24.88 94913.82
1561394135.4986324 24.97 94912.77
1561394195.5275378 24.91 94908.44
1561394255.5564432 24.96 94906.72
1561394315.5853486 24.97 94904.17
1561394375.6298542 24.95 94902.89
1561394435.6587596 24.91 94900.69
1561394495.687665 24.91 94897.91
1561394555.7165704 24.98 94898.17
1561394615.7454758 24.98 94894.53
1561394675.7743814 24.89 94894.11
1561394735.8032868 24.94 94895.11
1561394795.8321922 24.91 94891.49
1561394855.8766975 24.90 94891.13
1561394915.9056032 24.94 94891.77
1561394975.9345086 25.02 94885.61
1561395035.963414 24.98 94889.32
1561395095.9923196 24.95 94886.44
1561395156.0212247 24.91 94885.53
1561395216.0501301 24.98 94883.00
1561395276.0946357 24.97 94886.61
1561395336.1235414 25.01 94886.61
1561395396.1524467 25.05 94883.83
1561395456.181352 25.12 94885.30
1561395516.2102573 25.04 94878.23
1561395576.239163 24.95 94880.42
1561395636.2680683 24.97 94878.66
1561395696.3125737 24.96 94878.03
1561395756.341479 24.93 94875.02
1561395816.3703847 24.93 94875.35
1561395876.39929 24.98 94872.69
1561395936.4281955 25.01 94874.14
1561395996.457101 25.00 94871.44
1561396056.4860063 25.00 94868.66
1561396116.5149117 24.95 94874.46
1561396176.5594172 24.87 94865.21
1561396236.5883229 24.86 94863.61
1561396296.6172283 24.87 94865.71
1561396356.6461334 24.88 94863.66
1561396416.675039 24.94 94859.75
1561396476.7039444 24.94 94862.50
1561396536.7328498 25.01 94862.27
1561396596.7773554 25.00 94859.07
1561396656.8062608 24.91 94856.94
1561396716.8351662 24.94 94857.32
1561396776.8640716 24.94 94862.50
1561396836.8929772 25.00 94854.48
1561396896.9218826 24.98 94849.92
1561396956.950788 25.00 94855.28
1561397016.9796934 24.92 94853.02
1561397077.024199 24.87 94850.69
1561397137.0531044 24.81 94849.57
1561397197.0820098 24.88 94846.33
1561397257.1109152 24.92 94848.00
1561397317.1398206 24.90 94845.66
1561397377.168726 24.88 94847.37
1561397437.1976316 24.85 94848.67
1561397497.2421372 24.81 94849.35
1561397557.2710423 24.90 94846.05
1561397617.2999477 24.86 94848.60
1561397677.3288531 24.88 94848.00
1561397737.3577588 24.89 94847.46
1561397797.3866642 24.80 94845.94
1561397857.4155698 24.83 94842.47
1561397917.444475 24.88 94839.85
1561397977.4889805 24.87 94839.22
1561398037.517886 24.92 94841.41
1561398097.5467913 24.91 94841.29
1561398157.575697 24.88 94838.41
1561398217.604602 24.86 94837.33
1561398277.6335075 24.90 94838.75
1561398337.6624131 24.89 94836.96
1561398397.7069185 24.91 94837.72
1561398457.7358239 24.91 94836.14
1561398517.7647293 24.95 94831.75
1561398577.793635 24.95 94836.67
1561398637.8225403 24.97 94833.78
1561398697.8514457 24.96 94834.42
1561398757.8803513 25.02 94833.89
1561398817.9092567 24.95 94835.31
1561398877.953762 24.94 94839.02
1561398937.9826674 24.88 94834.83
1561398998.011573 24.89 94830.94
1561399058.0404785 24.95 94831.29
1561399118.0693836 24.96 94828.14
1561399178.0982893 24.87 94821.60
1561399238.1271946 24.95 94824.67
1561399298.1717002 24.97 94821.74
1561399358.2006056 25.05 94824.00
1561399418.229511 25.02 94820.72
1561399478.2584164 25.03 94819.74
1561399538.2873218 24.97 94818.39
1561399598.3162274 24.97 94815.64
1561399658.3451328 24.95 94819.71
1561399718.3740382 25.04 94820.42
1561399778.4029434 25.02 94817.38
1561399838.447449 24.99 94817.70
1561399898.4763546 24.94 94818.63
1561399958.5052598 24.94 94818.19
1561400018.5341656 24.98 94815.50
1561400078.5630708 25.03 94812.78
1561400138.5919762 24.96 94812.98
1561400198.6208816 25.00 94812.50
1561400258.6497872 25.00 94808.49
1561400318.6942925 25.06 94807.67
1561400378.723198 25.08 94804.57
1561400438.7521033 25.02 94805.36
1561400498.781009 24.98 94808.75
1561400558.8099144 24.93 94805.75
1561400618.8388197 24.93 94800.44
1561400678.8677254 24.97 94800.77
1561400738.9122307 24.94 94800.29
1561400798.9411361 24.94 94797.69
1561400858.9700415 24.91 94797.92
1561400918.9989471 24.91 94803.37
1561400979.0278523 24.92 94801.96
1561401039.0567577 24.91 94798.32
1561401099.0856633 24.90 94799.13
1561401159.1301687 24.88 94798.68
1561401219.1590743 24.89 94798.30
1561401279.1879795 24.94 94799.19
1561401339.216885 25.00 94796.02
1561401399.2457905 24.99 94793.78
1561401459.2746959 24.99 94797.39
1561401519.3036015 24.99 94791.38
1561401579.3481069 24.98 94789.86
1561401639.3770123 24.97 94786.45
1561401699.4059176 24.93 94790.53
1561401759.4348233 24.95 94786.83
1561401819.4637284 25.00 94783.14
1561401879.492634 25.04 94784.81
1561401939.5215392 25.05 94779.95
1561401999.5504448 25.06 94774.78
1561402059.5949504 25.05 94776.89
1561402119.6238556 25.00 94768.36
1561402179.652761 24.96 94778.17
1561402239.6816666 24.99 94775.53
1561402299.710572 24.99 94775.26
1561402359.7394774 24.93 94774.82
1561402419.768383 24.95 94775.30
1561402479.8128884 25.04 94772.10
1561402539.8417938 25.03 94772.17
1561402599.8706992 25.00 94775.95
1561402659.8996048 24.96 94777.85
1561402719.9285102 24.99 94776.21
1561402779.9574156 25.05 94776.60
1561402839.986321 25.03 94773.52
1561402900.0308266 25.05 94773.10
1561402960.059732 25.05 94766.92
1561403020.088637 25.15 94768.69
1561403080.117543 25.16 94764.80
1561403140.1464481 25.19 94766.34
1561403200.1753535 25.19 94765.33
1561403260.2042592 25.18 94764.88
1561403320.2331645 25.21 94760.72
1561403380.27767 25.19 94761.92
1561403440.3065753 25.28 94760.74
1561403500.335481 25.43 94762.19
1561403560.3643863 25.54 94762.22
1561403620.3932917 25.54 94761.66
1561403680.422197 25.56 94761.28
1561403740.4667027 25.65 94759.92
1561403800.495608 25.80 94759.25
1561403860.5245135 25.67 94758.16
1561403920.553419 25.73 94761.55
1561403980.5823243 25.82 94758.67
1561404040.6268299 25.79 94762.60
1561404100.6557353 25.82 94761.50
1561404160.684641 25.87 94755.63
1561404220.713546 25.89 94755.86
1561404280.7424514 25.63 94761.49
1561404340.786957 25.74 94760.77
1561404400.8158622 25.70 94761.86
1561404460.844768 25.85 94757.07
1561404520.8736732 25.88 94758.72
1561404580.9181788 25.90 94760.44
1561404640.9470842 25.79 94762.64
1561404700.9759896 25.87 94762.60
1561404761.004895 25.82 94764.53
1561404821.0338004 25.93 94763.97
1561404881.078306 25.93 94761.19
1561404941.1072116 26.09 94761.16
1561405001.136117 26.02 94762.90
1561405061.1650221 25.96 94760.99
1561405121.2095277 25.95 94764.32
1561405181.2384334 25.99 94758.77
1561405241.2673385 25.96 94761.26
1561405301.2962441 26.13 94762.24
1561405361.3407495 26.20 94762.50
1561405421.3696551 26.13 94763.60
1561405481.3985605 26.11 94762.50
1561405541.4274657 26.21 94765.43
1561405601.4719713 26.11 94762.40
1561405661.500877 26.16 94761.59
1561405721.5297823 26.30 94765.99
1561405781.5586874 26.34 94764.45
1561405841.603193 26.21 94765.33
1561405901.6320987 26.27 94767.13
1561405961.6610038 26.22 94764.44
1561406021.6899095 26.19 94766.13
1561406081.7344148 26.01 94768.55
1561406141.7633202 26.24 94767.72
1561406201.7922258 26.23 94767.21
1561406261.8367312 26.28 94771.74
1561406321.8656366 26.27 94768.14
1561406381.894542 26.29 94763.12
1561406441.9234476 26.29 94766.97
1561406501.967953 26.13 94772.02
1561406561.9968584 26.11 94776.03
1561406622.0257638 25.97 94769.55
1561406682.0546694 26.01 94771.72
1561406742.0991747 26.10 94770.78
1561406802.1280801 25.92 94767.10
1561406862.1569855 25.87 94770.29
1561406922.2014909 25.89 94771.88
1561406982.2303965 25.94 94768.61
1561407042.259302 25.83 94775.14
1561407102.2882073 26.07 94771.27
1561407162.3327127 26.06 94774.67
1561407222.3616183 26.09 94773.28
1561407282.3905237 25.98 94775.42
1561407342.419429 25.89 94780.99
1561407402.4639347 25.87 94777.57
1561407462.49284 25.87 94781.17
1561407522.5217454 25.98 94775.60
1561407582.5506508 25.93 94780.30
1561407642.5951562 25.80 94780.85
1561407702.6240616 25.76 94779.36
1561407762.6529672 25.84 94780.15
1561407822.6818726 25.61 94780.64
1561407882.726378 25.55 94782.92
1561407942.7552834 25.58 94782.89
1561408002.784189 25.56 94782.44
1561408062.8130944 25.48 94785.49
1561408122.8576 25.48 94782.98
1561408182.8865051 25.38 94786.25
1561408242.9154108 25.37 94783.49
1561408302.9443161 25.34 94783.85
1561408362.9732215 25.35 94780.91
1561408423.017727 25.34 94779.85
1561408483.0466325 25.32 94780.43
1561408543.075538 25.27 94776.95
1561408603.1044433 25.30 94780.27
1561408663.133349 25.37 94782.72
1561408723.162254 25.32 94781.10
1561408783.2067597 25.31 94777.30
1561408843.235665 25.29 94779.77
1561408903.2645707 25.25 94777.67
1561408963.293476 25.22 94781.19
1561409023.3223813 25.18 94787.33
1561409083.351287 25.11 94785.22
1561409143.3957925 25.09 94790.10
1561409203.4246979 25.18 94787.13
1561409263.4536033 25.28 94785.10
1561409323.482509 25.20 94790.71
1561409383.511414 25.19 94787.98
1561409443.5403194 25.13 94789.92
1561409503.584825 25.12 94793.25
1561409563.6137302 25.20 94790.28
1561409623.6426358 25.21 94786.32
1561409683.6715412 25.23 94787.80
1561409743.7004466 25.16 94786.47
1561409803.7293522 25.10 94789.82
1561409863.7738576 25.08 94788.67
1561409923.802763 25.10 94789.62
1561409983.8316684 25.16 94787.05
1561410043.860574 25.13 94787.08
1561410103.8894794 25.19 94784.74
1561410163.9183848 25.18 94788.50
1561410223.9472902 25.22 94787.00
1561410283.9917958 25.22 94785.53
1561410344.0207012 25.15 94788.66
1561410404.0496066 25.16 94792.57
1561410464.0785122 25.15 94793.69
1561410524.1074173 25.13 94799.22
1561410584.1363227 25.15 94798.86
1561410644.1652284 25.14 94801.13
1561410704.209734 25.17 94804.30
1561410764.238639 25.18 94807.92
1561410824.2675445 25.18 94804.96
1561410884.2964501 25.26 94806.21
1561410944.3253555 25.22 94809.26
1561411004.354261 25.21 94808.60
1561411064.3831666 25.22 94811.77
1561411124.427672 25.22 94814.49
1561411184.4565773 25.25 94808.57
1561411244.4854827 25.16 94808.62
1561411304.5143883 25.18 94813.72
1561411364.5432937 25.18 94812.22
1561411424.5721989 25.18 94812.72
1561411484.6011045 25.23 94810.86
1561411544.64561 25.20 94807.28
1561411604.6745155 25.26 94807.38
1561411664.7034209 25.21 94810.51
1561411724.732326 25.18 94816.07
1561411784.7612317 25.23 94811.83
1561411844.790137 25.21 94811.61
1561411904.8346426 25.23 94813.39
1561411964.8635478 25.16 94814.75
1561412024.8924534 25.22 94810.46
1561412084.9213588 25.19 94814.18
1561412144.9502642 25.17 94814.33
1561412204.9791698 25.25 94813.14
1561412265.0080752 25.24 94814.96
1561412325.0525806 25.22 94819.13
1561412385.081486 25.19 94823.88
1561412445.1103916 25.12 94819.90
1561412505.139297 25.13 94822.94
1561412565.1682024 25.09 94821.38
1561412625.1971078 25.17 94822.19
1561412685.2260132 25.14 94818.98
1561412745.2705188 25.16 94818.83
1561412805.299424 25.09 94815.86
1561412865.3283298 25.13 94817.35
1561412925.357235 25.14 94816.71
1561412985.3861403 25.12 94818.23
1561413045.415046 25.14 94819.59
1561413105.4439514 25.20 94816.98
1561413165.4884567 25.15 94822.82
1561413225.517362 25.18 94821.25
1561413285.5462677 25.20 94823.61
1561413345.5751731 25.19 94826.22
1561413405.6040785 25.19 94825.46
1561413465.6329842 25.25 94823.11
1561413525.6618893 25.30 94823.92
1561413585.706395 25.31 94826.63
1561413645.7353003 25.29 94825.85
1561413705.764206 25.22 94833.68
1561413765.7931113 25.28 94828.17
1561413825.8220165 25.32 94828.72
1561413885.8509219 25.35 94832.17
1561413945.8798275 25.25 94830.74
1561414005.9243329 25.20 94823.33
1561414065.9532385 25.21 94825.50
1561414125.9821436 25.20 94819.92
1561414186.0110493 25.21 94822.16
1561414246.0399547 25.14 94827.17
1561414306.06886 25.14 94827.55
1561414366.0977654 25.23 94826.32
1561414426.142271 25.24 94832.46
1561414486.1711764 25.25 94835.92
1561414546.2000818 25.22 94837.20
1561414606.2289875 25.22 94832.85
1561414666.2578926 25.21 94833.67
1561414726.286798 25.20 94835.94
1561414786.3157036 25.23 94836.92
1561414846.3602092 25.27 94838.85
1561414906.3891146 25.30 94839.96
1561414966.4180198 25.30 94840.11
1561415026.4469254 25.33 94838.99
1561415086.4758308 25.33 94841.33
1561415146.5047362 25.35 94843.64
1561415206.5336418 25.32 94841.07
1561415266.5781472 25.35 94840.26
1561415326.6070526 25.22 94840.58
1561415386.635958 25.20 94841.24
1561415446.6648636 25.18 94844.34
1561415506.693769 25.20 94839.67
1561415566.7226741 25.13 94838.66
1561415626.7671797 25.13 94835.08
1561415686.7960854 25.16 94840.74
1561415746.8249907 25.18 94843.53
1561415806.8538961 25.19 94841.61
1561415866.8828013 25.21 94842.53
1561415926.911707 25.17 94839.69
1561415986.9406123 25.23 94839.80
1561416046.9695177 25.21 94841.69
1561416106.9984233 25.18 94840.92
1561416167.0429287 25.19 94843.35
1561416227.071834 25.21 94843.53
1561416287.1007395 25.23 94844.49
1561416347.129645 25.26 94843.64
1561416407.1585505 25.30 94849.63
1561416467.187456 25.32 94840.39
1561416527.2163613 25.28 94843.25
1561416587.2608669 25.31 94843.70
1561416647.2897723 25.23 94844.82
1561416707.3186777 25.26 94845.72
1561416767.347583 25.27 94846.21
1561416827.3764884 25.18 94845.94
1561416887.4053938 25.23 94847.13
1561416947.4342995 25.21 94846.71
1561417007.478805 25.22 94845.16
1561417067.5077102 25.24 94841.22
1561417127.5366156 25.28 94844.23
1561417187.5655212 25.30 94841.94
1561417247.5944266 25.21 94844.57
1561417307.623332 25.26 94842.87
1561417367.6522377 25.31 94843.10
1561417427.696743 25.22 94845.60
1561417487.7256484 25.18 94845.84
1561417547.7545538 25.19 94847.03
1561417607.7834594 25.21 94842.53
1561417667.8123648 25.17 94841.53
1561417727.84127 25.18 94849.02
1561417787.8701756 25.14 94849.25
1561417847.9146812 25.13 94847.89
1561417907.9435866 25.18 94850.69
1561417967.9724917 25.16 94847.26
1561418028.0013971 25.26 94847.03
1561418088.0303028 25.24 94850.13
1561418148.0592082 25.19 94855.33
1561418208.0881135 25.16 94859.54
1561418268.132619 25.17 94858.99
1561418328.1615245 25.17 94855.96
1561418388.19043 25.18 94853.07
1561418448.2193353 25.19 94852.89
1561418508.248241 25.15 94847.81
1561418568.2771463 25.12 94851.89
1561418628.3060515 25.18 94854.64
1561418688.350557 25.21 94853.27
1561418748.3794627 25.18 94854.04
1561418808.408368 25.20 94856.72
1561418868.4372735 25.29 94857.07
1561418928.466179 25.30 94859.50
1561418988.4950843 25.28 94865.82
1561419048.5239897 25.29 94864.70
1561419108.568495 25.28 94858.71
1561419168.5974007 25.21 94862.21
1561419228.626306 25.18 94864.78
1561419288.6552114 25.14 94866.21
1561419348.684117 25.23 94863.78
1561419408.7130225 25.14 94863.53
1561419468.7419279 25.13 94860.17
1561419528.7864332 25.13 94863.46
1561419588.8153389 25.17 94862.71
1561419648.8442442 25.15 94853.89
1561419708.8731496 25.17 94858.83
1561419768.9020553 25.11 94855.31
1561419828.9309604 25.11 94855.67
1561419888.9598658 25.08 94857.42
1561419949.0043714 25.03 94856.27
1561420009.033277 25.04 94858.99
1561420069.0621824 25.14 94863.47
1561420129.0910876 25.09 94865.03
1561420189.119993 25.08 94861.13
1561420249.1488986 25.18 94861.50
1561420309.177804 25.15 94861.25
1561420369.2067094 25.16 94861.25
1561420429.2512147 25.11 94858.25
1561420489.2801204 25.11 94862.10
1561420549.3090258 25.10 94866.09
1561420609.3379312 25.16 94863.22
1561420669.3668365 25.10 94863.99
1561420729.3957422 25.11 94864.50
1561420789.4246473 25.12 94859.82
1561420849.469153 25.09 94860.85
