1561507293.9945848 25.23 94781.99
1561507354.0234902 25.32 94777.99
1561507414.0523956 25.33 94779.42
1561507474.081301 25.34 94782.02
1561507534.1102064 25.32 94786.80
1561507594.154712 25.27 94787.25
1561507654.1836174 25.26 94786.47
1561507714.2125227 25.31 94786.24
1561507774.2414281 25.35 94784.42
1561507834.2703338 25.35 94783.08
1561507894.2992392 25.36 94784.53
1561507954.3437445 25.43 94781.97
1561508014.37265 25.35 94782.77
1561508074.4015555 25.42 94785.72
1561508134.430461 25.32 94783.91
1561508194.4593663 25.39 94785.17
1561508254.488272 25.29 94783.11
1561508314.517177 25.27 94781.64
1561508374.5616827 25.22 94788.01
1561508434.590588 25.23 94785.67
1561508494.6194935 25.27 94780.87
1561508554.648399 25.26 94781.14
1561508614.6773043 25.30 94780.60
1561508674.70621 25.30 94784.61
1561508734.7507155 25.40 94785.42
1561508794.779621 25.37 94784.62
1561508854.808526 25.44 94785.17
1561508914.8374317 25.46 94787.69
1561508974.866337 25.40 94784.35
1561509034.8952425 25.40 94785.70
1561509094.924148 25.44 94784.67
1561509154.9686532 25.40 94786.92
1561509214.9975588 25.38 94786.28
1561509275.0264642 25.48 94786.60
1561509335.0553696 25.45 94786.03
1561509395.0842752 25.34 94785.96
1561509455.1131806 25.31 94789.75
1561509515.157686 25.31 94792.89
1561509575.1865914 25.31 94788.21
1561509635.215497 25.26 94793.63
1561509695.2444022 25.22 94794.24
1561509755.2733078 25.24 94793.99
1561509815.3022132 25.30 94793.41
1561509875.3311186 25.28 94796.47
1561509935.3756242 25.24 94796.83
1561509995.4045293 25.27 94800.77
1561510055.433435 25.28 94800.33
1561510115.4623404 25.29 94800.91
1561510175.4912457 25.26 94800.64
1561510235.5201514 25.26 94798.37
1561510295.5490568 25.30 94804.65
1561510355.5935621 25.30 94801.11
1561510415.6224675 25.38 94801.03
1561510475.6513731 25.29 94802.63
1561510535.6802785 25.31 94804.07
1561510595.709184 25.32 94802.75
1561510655.7380896 25.30 94796.39
1561510715.782595 25.31 94801.77
1561510775.8115003 25.25 94802.46
1561510835.8404057 25.28 94802.67
1561510895.869311 25.29 94799.91
1561510955.8982167 25.28 94799.32
1561511015.9271219 25.27 94800.78
1561511075.9560275 25.23 94803.86
1561511136.000533 25.38 94801.47
1561511196.0294383 25.46 94804.82
1561511256.0583436 25.40 94806.44
1561511316.087249 25.34 94805.10
1561511376.1161547 25.41 94803.85
1561511436.14506 25.34 94807.38
1561511496.1895654 25.39 94806.28
1561511556.2028708 25.38 94811.02
1561511616.2473764 25.35 94808.30
1561511676.2762818 25.34 94806.01
1561511736.3051872 25.26 94807.78
1561511796.3340929 25.28 94806.85
1561511856.362998 25.24 94802.96
1561511916.3919034 25.28 94805.51
1561511976.420809 25.29 94807.88
1561512036.4653146 25.35 94808.14
1561512096.4942198 25.33 94808.03
1561512156.5231252 25.27 94810.30
1561512216.5520308 25.33 94809.03
1561512276.5809362 25.39 94810.63
1561512336.6098416 25.43 94807.55
1561512396.654347 25.36 94804.89
1561512456.6832526 25.36 94806.22
1561512516.712158 25.34 94800.52
1561512576.7410634 25.30 94805.99
1561512636.769969 25.26 94804.71
1561512696.7988744 25.31 94805.55
1561512756.8277795 25.26 94803.32
1561512816.8722851 25.24 94801.78
1561512876.9011908 25.21 94800.30
1561512936.9300961 25.21 94804.39
1561512996.9590015 25.27 94799.87
1561513056.987907 25.33 94798.06
1561513117.0168123 25.32 94796.10
1561513177.061318 25.29 94797.10
1561513237.0902233 25.34 94794.73
1561513297.1191285 25.42 94794.30
1561513357.148034 25.39 94792.89
1561513417.1769395 25.38 94794.96
1561513477.2058449 25.38 94795.72
1561513537.2347505 25.40 94790.21
1561513597.2792559 25.40 94790.60
1561513657.3081613 25.43 94788.83
1561513717.3370667 25.44 94793.21
1561513777.3659723 25.41 94792.00
1561513837.3948777 25.40 94790.95
1561513897.423783 25.39 94791.86
1561513957.4526885 25.42 94790.08
1561514017.497194 25.44 94786.52
1561514077.5260994 25.37 94788.17
1561514137.5550048 25.34 94790.11
1561514197.5839105 25.36 94789.96
1561514257.6128156 25.38 94788.42
1561514317.641721 25.40 94787.86
1561514377.6862266 25.38 94790.33
1561514437.715132 25.37 94790.07
1561514497.7440374 25.37 94790.08
1561514557.7729428 25.39 94794.71
1561514617.8018484 25.33 94790.25
1561514677.8307538 25.37 94788.14
1561514737.8596592 25.35 94787.66
1561514797.9041646 25.38 94788.30
1561514857.9330702 25.45 94788.53
1561514917.9619756 25.47 94789.39
1561514977.990881 25.42 94790.11
1561515038.0197866 25.32 94788.36
1561515098.048692 25.33 94790.42
1561515158.0775971 25.42 94787.67
1561515218.1221027 25.41 94789.49
1561515278.1510084 25.44 94788.49
1561515338.1799138 25.35 94784.94
1561515398.2088192 25.39 94788.54
1561515458.2377243 25.42 94786.83
1561515518.26663 25.45 94789.25
1561515578.3111355 25.40 94789.77
1561515638.3400407 25.38 94785.52
1561515698.368946 25.42 94788.55
1561515758.3978517 25.41 94786.82
1561515818.426757 25.39 94784.13
1561515878.4556625 25.42 94785.50
1561515938.484568 25.39 94786.24
1561515998.5290735 25.43 94785.39
1561516058.5579789 25.41 94784.10
1561516118.5868843 25.42 94783.16
1561516178.61579 25.44 94784.00
1561516238.6446953 25.47 94787.37
1561516298.6736004 25.52 94787.92
1561516358.718106 25.46 94787.66
1561516418.7470117 25.49 94784.51
1561516478.775917 25.44 94787.64
1561516538.8048224 25.46 94784.65
1561516598.8337278 25.36 94785.54
1561516658.8626332 25.33 94784.46
1561516718.8915386 25.38 94786.12
1561516778.9360442 25.36 94784.33
1561516838.9649496 25.34 94787.86
1561516898.993855 25.40 94785.16
1561516959.0227604 25.39 94788.58
1561517019.051666 25.35 94787.66
1561517079.0805714 25.41 94785.47
1561517139.1094768 25.44 94781.50
1561517199.1539822 25.41 94785.14
1561517259.1828878 25.34 94786.94
1561517319.2117932 25.35 94786.49
1561517379.2406986 25.44 94788.99
1561517439.2696042 25.39 94788.60
1561517499.2985094 25.36 94783.80
1561517559.343015 25.38 94786.92
1561517619.3719203 25.39 94786.52
1561517679.4008257 25.40 94787.42
1561517739.4297314 25.50 94787.91
1561517799.4586365 25.45 94784.52
1561517859.487542 25.46 94781.47
1561517919.5164475 25.46 94781.14
1561517979.5609531 25.45 94780.67
1561518039.5898583 25.45 94781.95
1561518099.6187637 25.36 94781.96
1561518159.6476693 25.31 94783.16
1561518219.6765747 25.35 94782.14
1561518279.70548 25.33 94783.74
1561518339.7343857 25.36 94785.64
1561518399.778891 25.36 94785.60
1561518459.8077965 25.37 94787.07
1561518519.8367019 25.41 94785.81
1561518579.8656075 25.42 94783.82
1561518639.894513 25.43 94788.17
1561518699.923418 25.43 94787.33
1561518759.9679236 25.41 94783.64
1561518819.9968293 25.39 94781.68
1561518880.0257344 25.38 94788.86
1561518940.05464 25.39 94785.57
1561519000.0835454 25.40 94787.83
1561519060.1124508 25.39 94784.46
1561519120.1413562 25.34 94789.05
1561519180.1858618 25.38 94791.14
1561519240.2147672 25.41 94789.16
1561519300.2436726 25.40 94787.03
1561519360.272578 25.39 94788.38
1561519420.3014836 25.36 94787.28
1561519480.330389 25.37 94787.83
1561519540.3748944 25.39 94784.17
1561519600.4037998 25.36 94784.53
1561519660.4327052 25.47 94788.05
1561519720.4616108 25.39 94791.99
1561519780.4905162 25.40 94787.86
1561519840.5194216 25.43 94789.84
1561519900.548327 25.44 94793.03
1561519960.5772324 25.45 94791.99
1561520020.6061378 25.43 94791.64
1561520080.650643 25.43 94791.74
1561520140.679549 25.38 94795.16
1561520200.7084541 25.40 94792.18
1561520260.7373595 25.39 94793.94
1561520320.7662652 25.38 94794.11
1561520380.7951705 25.36 94793.00
1561520440.839676 25.34 94797.24
1561520500.8685813 25.39 94792.06
1561520560.897487 25.43 94789.30
1561520620.9263923 25.45 94792.56
1561520680.9552977 25.41 94791.50
1561520740.9842033 25.41 94791.63
1561520801.0131085 25.48 94791.96
1561520861.057614 25.42 94790.02
1561520921.0865195 25.48 94788.67
1561520981.115425 25.52 94785.97
1561521041.1443305 25.52 94792.10
1561521101.1732357 25.44 94789.75
1561521161.2021413 25.47 94790.73
1561521221.2310467 25.46 94789.21
1561521281.275552 25.40 94791.85
1561521341.3044577 25.42 94789.74
1561521401.333363 25.40 94792.45
1561521461.3622684 25.44 94794.34
1561521521.3911738 25.43 94790.64
1561521581.4200795 25.49 94796.39
1561521641.4645846 25.40 94799.99
1561521701.4934902 25.30 94798.73
1561521761.5223956 25.35 94797.16
1561521821.551301 25.34 94800.52
1561521881.5802066 25.31 94802.80
1561521941.6091118 25.30 94800.28
1561522001.6380172 25.34 94794.07
1561522061.6825228 25.36 94797.72
1561522121.7114284 25.38 94791.88
1561522181.7403338 25.40 94794.19
1561522241.769239 25.47 94794.21
1561522301.7981446 25.41 94797.42
1561522361.82705 25.43 94798.38
1561522421.8559554 25.37 94799.55
1561522481.9004607 25.42 94800.46
1561522541.9293664 25.40 94798.47
1561522601.9582717 25.41 94796.53
1561522661.9871771 25.39 94798.39
1561522722.0160828 25.32 94798.17
1561522782.0449882 25.40 94795.89
1561522842.0738933 25.38 94792.64
1561522902.118399 25.31 94789.08
1561522962.1473045 25.32 94786.85
1561523022.17621 25.32 94789.42
1561523082.2051153 25.37 94787.57
1561523142.2340207 25.31 94783.86
1561523202.262926 25.36 94782.64
1561523262.3074317 25.34 94781.28
1561523322.336337 25.41 94781.86
1561523382.3652427 25.43 94779.42
1561523442.3941479 25.42 94780.08
1561523502.4230533 25.34 94777.66
1561523562.451959 25.37 94778.10
1561523622.4808643 25.33 94775.91
1561523682.5253696 25.38 94774.30
1561523742.554275 25.35 94768.86
1561523802.5831804 25.46 94771.92
1561523862.612086 25.44 94778.14
1561523922.6409914 25.41 94776.00
1561523982.6698968 25.44 94775.13
1561524042.6988022 25.35 94769.42
1561524102.7433078 25.32 94770.57
1561524162.7722132 25.33 94767.74
1561524222.8011186 25.32 94768.49
1561524282.8300242 25.37 94765.49
1561524342.8589294 25.39 94768.00
1561524402.8878348 25.50 94765.15
1561524462.9167404 25.46 94770.52
1561524522.9612458 25.39 94769.74
1561524582.9901514 25.38 94769.22
1561524643.0190566 25.30 94761.86
1561524703.0479622 25.29 94765.55
1561524763.0768676 25.29 94762.43
1561524823.105773 25.33 94764.71
1561524883.1502783 25.33 94766.07
1561524943.179184 25.36 94761.39
1561525003.2080894 25.36 94758.38
1561525063.2369947 25.28 94758.43
1561525123.2659004 25.28 94754.89
1561525183.2948058 25.25 94752.17
1561525243.323711 25.36 94749.34
1561525303.3682165 25.38 94744.64
1561525363.3971221 25.48 94743.88
1561525423.4260275 25.50 94744.74
1561525483.454933 25.41 94743.48
1561525543.4838383 25.51 94745.41
1561525603.5127437 25.50 94738.38
1561525663.541649 25.53 94736.89
1561525723.5861545 25.60 94739.13
1561525783.6150603 25.64 94734.08
1561525843.6439655 25.63 94729.16
1561525903.6728709 25.68 94727.74
1561525963.7017763 25.61 94727.24
1561526023.7462816 25.60 94727.99
1561526083.7751873 25.64 94727.60
1561526143.8040926 25.59 94729.48
1561526203.832998 25.70 94725.41
1561526263.8619037 25.60 94729.60
1561526323.890809 25.53 94729.02
1561526383.9353144 25.50 94731.07
1561526443.9642198 25.55 94727.59
1561526503.9931254 25.48 94725.88
1561526564.0220308 25.45 94726.74
1561526624.0509362 25.49 94726.10
1561526684.0954416 25.49 94720.78
1561526744.1243472 25.49 94726.53
1561526804.1532526 25.46 94724.89
1561526864.182158 25.51 94721.88
1561526924.2110634 25.50 94721.30
1561526984.2399688 25.42 94720.24
1561527044.2844744 25.37 94723.48
1561527104.3133795 25.32 94722.21
1561527164.3422854 25.41 94727.58
1561527224.3711905 25.44 94723.66
1561527284.400096 25.43 94723.53
1561527344.4290016 25.45 94720.53
1561527404.4735072 25.39 94716.86
1561527464.5024123 25.36 94719.35
1561527524.5313177 25.36 94721.12
1561527584.5602233 25.37 94717.19
1561527644.5891287 25.35 94713.83
1561527704.6180341 25.39 94716.92
1561527764.6469398 25.28 94710.50
1561527824.6914449 25.23 94712.35
1561527884.7203505 25.27 94711.14
1561527944.749256 25.29 94709.83
1561528004.7781615 25.36 94710.54
1561528064.807067 25.42 94706.57
1561528124.835972 25.41 94708.00
1561528184.8648775 25.45 94704.86
1561528244.909383 25.41 94706.49
1561528304.9382885 25.36 94700.67
1561528364.967194 25.41 94702.15
1561528424.9960992 25.41 94698.13
1561528485.0250049 25.39 94698.22
1561528545.0539103 25.36 94697.32
1561528605.0984156 25.37 94697.21
1561528665.127321 25.36 94698.33
1561528725.1562266 25.38 94693.78
1561528785.185132 25.36 94691.41
1561528845.2140374 25.38 94689.41
1561528905.242943 25.38 94685.85
1561528965.2718482 25.34 94686.81
1561529025.3163538 25.40 94683.01
1561529085.3296592 25.37 94686.67
1561529145.3741648 25.38 94685.58
1561529205.4030702 25.41 94685.08
1561529265.4319756 25.37 94682.50
1561529325.460881 25.43 94682.64
1561529385.4897864 25.44 94687.10
1561529445.5186918 25.45 94687.17
1561529505.5631971 25.34 94680.46
1561529565.592103 25.34 94681.28
1561529625.6210082 25.36 94682.60
1561529685.6499135 25.38 94677.65
1561529745.6788192 25.30 94682.85
1561529805.7077246 25.30 94675.36
1561529865.73663 25.31 94671.72
1561529925.7811353 25.31 94667.42
1561529985.810041 25.28 94662.41
1561530045.8389463 25.31 94656.71
1561530105.8678517 25.30 94654.11
1561530165.896757 25.30 94663.05
1561530225.9256628 25.29 94659.86
1561530285.954568 25.28 94661.53
1561530345.9990735 25.25 94661.01
1561530406.027979 25.24 94661.06
1561530466.0568843 25.24 94661.23
1561530526.0857897 25.29 94663.72
1561530586.114695 25.34 94667.31
1561530646.1436007 25.37 94666.03
1561530706.172506 25.35 94665.85
1561530766.2170115 25.36 94666.35
1561530826.2459168 25.26 94665.25
1561530886.2748225 25.28 94662.07
1561530946.3037279 25.30 94663.08
1561531006.3326333 25.33 94661.97
1561531066.361539 25.25 94662.44
1561531126.4060442 25.25 94660.94
1561531186.4349496 25.28 94663.58
1561531246.463855 25.23 94661.77
1561531306.4927607 25.21 94659.96
1561531366.5216658 25.32 94660.71
1561531426.5505714 25.33 94655.41
1561531486.5794768 25.37 94656.05
1561531546.6239824 25.38 94651.92
1561531606.6528878 25.33 94655.14
1561531666.681793 25.31 94653.89
1561531726.7106986 25.33 94653.77
1561531786.739604 25.36 94654.20
1561531846.7685094 25.36 94654.10
1561531906.797415 25.30 94647.70
1561531966.8419201 25.31 94646.63
1561532026.8708258 25.32 94641.36
1561532086.8997312 25.33 94636.67
1561532146.9286368 25.30 94636.32
1561532206.9575422 25.29 94635.28
1561532266.9864476 25.31 94632.99
1561532327.0153527 25.25 94627.61
1561532387.0598583 25.21 94627.74
1561532447.088764 25.22 94620.84
1561532507.1176693 25.24 94621.28
1561532567.1465745 25.24 94619.24
1561532627.1754801 25.21 94620.89
1561532687.2043855 25.20 94629.86
1561532747.2488909 25.29 94625.22
1561532807.2777965 25.35 94629.14
1561532867.306702 25.32 94631.10
1561532927.3356073 25.35 94629.88
1561532987.3645127 25.32 94629.99
1561533047.3934183 25.32 94630.60
1561533107.4223237 25.31 94630.28
1561533167.466829 25.38 94630.30
1561533227.4957345 25.35 94629.67
1561533287.52464 25.32 94625.47
1561533347.5535455 25.33 94621.49
1561533407.5824509 25.28 94618.74
1561533467.6113565 25.31 94615.58
1561533527.6402617 25.32 94620.60
1561533587.6847672 25.29 94622.91
1561533647.7136726 25.32 94626.96
1561533707.7425783 25.32 94623.67
1561533767.7714834 25.38 94624.89
1561533827.8003888 25.32 94627.75
1561533887.8292944 25.28 94632.19
1561533947.8581998 25.25 94630.79
1561534007.9027054 25.23 94632.53
1561534067.9316106 25.29 94629.71
1561534127.9605162 25.37 94627.51
1561534187.9894216 25.32 94620.72
1561534248.018327 25.25 94622.47
1561534308.0472326 25.26 94626.00
1561534368.076138 25.27 94625.11
1561534428.1206434 25.25 94621.53
1561534488.1495488 25.31 94621.21
1561534548.1784542 25.31 94621.35
1561534608.2073596 25.28 94625.16
1561534668.2362652 25.26 94626.60
1561534728.2651703 25.29 94625.22
1561534788.294076 25.29 94621.94
1561534848.3385816 25.29 94623.22
1561534908.3674867 25.27 94622.28
1561534968.396392 25.25 94621.80
1561535028.4252977 25.22 94622.41
1561535088.4542031 25.20 94620.99
1561535148.4831085 25.23 94620.46
1561535208.5120142 25.23 94618.51
1561535268.5565195 25.21 94622.22
1561535328.585425 25.16 94621.89
1561535388.6143303 25.14 94624.69
1561535448.643236 25.15 94624.61
1561535508.6721413 25.16 94624.30
1561535568.7010467 25.18 94622.46
1561535628.729952 25.21 94624.94
1561535688.7744577 25.22 94622.24
1561535748.803363 25.18 94622.69
1561535808.8322682 25.22 94626.36
1561535868.861174 25.26 94627.21
1561535928.8900793 25.27 94629.23
1561535988.9189847 25.29 94631.31
1561536048.9634902 25.27 94630.46
1561536108.9923954 25.27 94628.78
1561536169.021301 25.26 94636.30
1561536229.0502064 25.23 94635.21
1561536289.079112 25.29 94637.94
1561536349.1080174 25.29 94637.89
1561536409.1369228 25.33 94638.91
1561536469.1814282 25.28 94644.84
1561536529.2103336 25.26 94646.41
1561536589.2392392 25.26 94645.57
1561536649.2681446 25.20 94641.90
1561536709.29705 25.18 94647.46
1561536769.3259554 25.19 94647.39
1561536829.3548608 25.22 94648.50
1561536889.3837662 25.16 94646.78
1561536949.4126718 25.18 94648.89
1561537009.4571772 25.18 94643.28
1561537069.4860826 25.17 94646.33
1561537129.514988 25.14 94648.08
1561537189.5438936 25.11 94650.19
1561537249.572799 25.13 94651.33
1561537309.6017044 25.08 94651.16
1561537369.63061 25.15 94654.17
1561537429.6751153 25.15 94653.35
1561537489.7040207 25.19 94653.60
1561537549.7329261 25.16 94656.64
1561537609.7618318 25.14 94659.35
1561537669.790737 25.16 94659.86
1561537729.8196425 25.19 94663.86
1561537789.848548 25.18 94661.74
1561537849.8930535 25.14 94659.02
1561537909.921959 25.19 94661.78
1561537969.950864 25.13 94660.39
1561538029.9797697 25.13 94662.21
1561538090.008675 25.13 94664.75
1561538150.0375805 25.18 94661.17
1561538210.0664861 25.10 94660.61
1561538270.1109915 25.20 94654.15
1561538330.1398969 25.13 94658.23
1561538390.1688023 25.15 94656.53
1561538450.197708 25.12 94657.16
1561538510.2266133 25.13 94656.72
1561538570.2555187 25.09 94660.42
1561538630.2844238 25.09 94661.32
1561538690.3289294 25.10 94662.00
1561538750.357835 25.14 94657.67
1561538810.3867404 25.16 94662.42
1561538870.4156456 25.09 94666.83
1561538930.4445512 25.09 94666.94
1561538990.4734566 25.09 94671.06
1561539050.502362 25.09 94669.89
1561539110.5468676 25.12 94670.08
1561539170.575773 25.19 94674.17
1561539230.6046784 25.21 94672.90
1561539290.6335838 25.19 94677.35
1561539350.6624894 25.17 94681.96
1561539410.6913948 25.11 94683.20
1561539470.7203002 25.10 94685.12
1561539530.7492056 25.12 94683.13
1561539590.7937112 25.12 94684.76
1561539650.8226166 25.13 94684.95
1561539710.851522 25.15 94688.34
1561539770.8804276 25.13 94692.41
1561539830.9093328 25.15 94688.41
1561539890.9382381 25.14 94695.64
1561539950.9671438 25.13 94696.70
1561540011.0116494 25.14 94694.24
1561540071.0405545 25.14 94698.25
1561540131.06946 25.06 94698.41
1561540191.0983655 25.10 94702.49
1561540251.127271 25.11 94699.09
1561540311.1561763 25.10 94701.64
1561540371.185082 25.07 94701.05
1561540431.2295873 25.10 94702.35
1561540491.2584927 25.09 94700.78
1561540551.287398 25.12 94702.42
1561540611.3163037 25.08 94701.07
1561540671.3452091 25.09 94700.11
1561540731.3741143 25.10 94698.57
1561540791.4030197 25.08 94698.06
1561540851.4475253 25.05 94696.22
1561540911.4764307 25.05 94694.39
1561540971.5053363 25.07 94698.64
1561541031.5342414 25.08 94703.61
1561541091.563147 25.11 94704.42
1561541151.5920525 25.08 94706.13
1561541211.6209579 25.05 94708.33
1561541271.6654632 25.05 94711.55
1561541331.6943688 25.08 94708.86
1561541391.7232742 25.14 94711.14
1561541451.7521796 25.10 94711.21
1561541511.7810853 25.13 94716.25
1561541571.8099906 25.07 94716.83
1561541631.838896 25.05 94714.85
1561541691.8834014 24.99 94714.02
1561541751.912307 25.11 94717.66
1561541811.9412124 25.09 94720.52
1561541871.9701178 25.09 94720.29
1561541931.9990232 25.10 94725.33
1561541992.0279286 25.09 94725.55
1561542052.056834 25.07 94725.20
1561542112.1013393 25.09 94724.58
1561542172.1302452 25.01 94724.30
1561542232.1591504 25.02 94728.53
1561542292.1880558 25.07 94726.36
1561542352.2169614 25.10 94727.77
1561542412.2458668 25.11 94728.80
1561542472.2747722 25.10 94729.44
1561542532.3036778 25.09 94727.04
1561542592.3481832 25.05 94730.78
1561542652.3770885 25.06 94732.87
1561542712.405994 25.06 94729.63
1561542772.434899 25.06 94732.24
1561542832.463805 25.08 94732.61
1561542892.49271 25.05 94737.53
1561542952.5216155 25.02 94733.26
1561543012.566121 25.02 94731.99
1561543072.5950267 24.97 94740.74
1561543132.623932 25.05 94743.35
1561543192.6528373 25.09 94743.61
1561543252.681743 25.11 94742.24
1561543312.7106483 25.08 94744.32
1561543372.7395537 25.05 94746.33
1561543432.784059 25.06 94747.42
1561543492.8129647 25.08 94744.09
1561543552.84187 25.06 94750.20
1561543612.8707755 24.99 94748.24
1561543672.899681 25.02 94751.51
1561543732.9285865 25.05 94748.85
1561543792.9574916 25.04 94756.04
1561543852.9863973 25.02 94759.81
1561543913.0153027 25.03 94762.21
1561543973.059808 25.10 94755.94
1561544033.0887136 25.10 94754.71
1561544093.117619 25.06 94756.16
1561544153.1465244 25.04 94761.62
1561544213.1754298 25.05 94761.74
1561544273.2043355 25.10 94763.30
1561544333.2332406 25.13 94763.22
1561544393.2621462 25.18 94765.25
1561544453.3066516 25.16 94770.99
1561544513.3355572 25.12 94770.73
1561544573.3644626 25.14 94774.76
1561544633.3933678 25.14 94770.91
1561544693.4222734 25.24 94772.17
1561544753.4511788 25.23 94772.72
1561544813.4800842 25.22 94772.49
1561544873.5245898 25.25 94774.27
1561544933.5534954 25.20 94776.89
1561544993.5824006 25.21 94782.85
1561545053.611306 25.20 94782.18
1561545113.6402113 25.24 94781.67
1561545173.669117 25.21 94775.78
1561545233.7136226 25.10 94779.08
1561545293.7425277 25.05 94783.86
1561545353.771433 25.08 94780.32
1561545413.8003387 25.09 94782.44
1561545473.8292441 25.06 94786.55
1561545533.8581493 25.05 94785.42
1561545593.8870552 25.06 94783.71
1561545653.9315605 25.10 94784.14
1561545713.960466 25.12 94785.99
1561545773.9893713 25.18 94780.44
1561545834.0182767 25.18 94782.61
1561545894.047182 25.11 94783.36
1561545954.0760875 25.11 94784.22
1561546014.104993 25.14 94783.89
1561546074.1494987 25.11 94780.52
1561546134.1784039 25.12 94781.97
1561546194.2073092 25.06 94783.89
1561546254.2362149 25.07 94783.39
1561546314.2651203 25.07 94789.29
1561546374.2940257 25.08 94790.02
1561546434.3229313 25.13 94795.17
1561546494.3674366 25.18 94800.50
1561546554.396342 25.17 94801.96
1561546614.4252474 25.10 94804.38
1561546674.454153 25.13 94803.24
1561546734.4830582 25.14 94803.36
1561546794.5119638 25.07 94807.85
1561546854.5408692 25.12 94809.86
1561546914.5853748 25.09 94810.50
1561546974.6142802 25.11 94806.80
1561547034.6431854 25.15 94804.38
1561547094.6720908 25.09 94809.17
1561547154.7009964 25.11 94809.18
1561547214.7299018 25.15 94812.68
1561547274.7588072 25.19 94812.07
1561547334.8033125 25.16 94810.20
1561547394.8322182 25.19 94808.09
1561547454.8611236 25.23 94805.57
1561547514.890029 25.20 94810.06
1561547574.9189346 25.20 94810.22
1561547634.94784 25.22 94807.69
1561547694.9767451 25.21 94810.85
1561547755.0212507 25.16 94815.55
1561547815.0501564 25.21 94810.24
1561547875.0790617 25.22 94812.97
1561547935.107967 25.18 94813.61
1561547995.1368725 25.22 94811.63
1561548055.165778 25.25 94813.52
1561548115.1946833 25.24 94817.47
1561548175.239189 25.23 94818.69
1561548235.2680943 25.21 94819.45
1561548295.2969997 25.26 94821.73
1561548355.325905 25.27 94818.67
1561548415.3548107 25.27 94820.55
1561548475.383716 25.18 94823.15
1561548535.4126215 25.25 94820.00
1561548595.4571269 25.25 94821.67
1561548655.4860325 25.23 94816.07
1561548715.5149379 25.22 94823.41
1561548775.5438433 25.22 94818.07
1561548835.572749 25.19 94822.94
1561548895.601654 25.21 94821.63
1561548955.6305594 25.26 94816.55
1561549015.675065 25.25 94822.55
1561549075.7039707 25.25 94818.41
1561549135.7328758 25.19 94821.94
1561549195.7617812 25.17 94822.03
1561549255.7906866 25.17 94823.19
1561549315.8195922 25.21 94822.89
1561549375.8484976 25.20 94825.94
1561549435.893003 25.27 94823.46
1561549495.9219084 25.34 94825.75
1561549555.950814 25.35 94823.86
1561549615.9797194 25.30 94825.77
1561549676.0086248 25.24 94827.44
1561549736.0375304 25.27 94829.89
1561549796.0664356 25.27 94828.03
1561549856.1109412 25.34 94826.36
1561549916.1398466 25.28 94828.27
1561549976.1687522 25.30 94831.25
1561550036.1976576 25.40 94826.52
1561550096.2265627 25.32 94831.03
1561550156.2554684 25.33 94829.02
1561550216.299974 25.39 94832.53
1561550276.328879 25.45 94827.74
1561550336.3577845 25.38 94827.97
1561550396.3866901 25.38 94827.17
1561550456.4155955 25.33 94824.50
1561550516.444501 25.29 94829.02
1561550576.4734066 25.30 94830.06
1561550636.517912 25.28 94825.99
1561550696.5468173 25.27 94823.36
1561550756.5757227 25.33 94823.49
1561550816.6046283 25.28 94820.97
1561550876.6335337 25.20 94823.44
1561550936.662439 25.23 94823.47
1561550996.6913445 25.23 94821.40
1561551056.73585 25.31 94817.86
1561551116.7647555 25.24 94824.83
1561551176.7936609 25.25 94824.38
1561551236.8225665 25.24 94824.66
1561551296.8514717 25.30 94818.03
1561551356.880377 25.32 94822.10
1561551416.9092824 25.29 94823.53
1561551476.938188 25.28 94829.60
1561551536.9826934 25.22 94830.17
1561551597.0115988 25.19 94829.14
1561551657.0405042 25.25 94831.64
1561551717.0694098 25.22 94831.21
1561551777.0983152 25.32 94830.23
1561551837.1272204 25.31 94831.41
1561551897.1561263 25.23 94837.52
1561551957.2006316 25.24 94837.88
1561552017.229537 25.24 94837.05
1561552077.2584424 25.26 94840.47
1561552137.2873478 25.31 94843.28
1561552197.3162532 25.30 94843.80
1561552257.3451586 25.26 94842.14
1561552317.3896642 25.23 94841.37
1561552377.4185698 25.28 94844.33
1561552437.447475 25.32 94845.92
1561552497.4763803 25.27 94850.23
1561552557.505286 25.31 94848.21
1561552617.5341914 25.23 94847.16
1561552677.5630968 25.27 94850.96
1561552737.6076021 25.31 94852.32
1561552797.6365077 25.31 94858.11
1561552857.6654131 25.29 94859.85
1561552917.6943185 25.29 94860.51
1561552977.7232242 25.27 94865.05
1561553037.7521293 25.29 94863.19
1561553097.781035 25.31 94863.63
1561553157.8255403 25.29 94865.20
1561553217.854446 25.19 94864.02
1561553277.8833513 25.19 94863.70
1561553337.9122565 25.27 94868.57
1561553397.9411619 25.27 94865.96
1561553457.9700675 25.28 94869.10
1561553518.014573 25.38 94871.52
1561553578.0434785 25.34 94868.59
1561553638.0723836 25.25 94869.69
1561553698.1012893 25.21 94870.97
1561553758.1301947 25.34 94865.91
1561553818.1591 25.30 94871.61
1561553878.1880057 25.32 94870.91
1561553938.232511 25.24 94873.35
1561553998.2614164 25.28 94864.67
1561554058.2903218 25.34 94869.53
1561554118.3192275 25.37 94871.83
1561554178.3481328 25.34 94870.69
1561554238.377038 25.35 94871.32
1561554298.4215436 25.27 94866.89
1561554358.4504492 25.21 94867.49
1561554418.4793546 25.16 94866.27
1561554478.50826 25.27 94862.17
1561554538.5371654 25.31 94866.38
1561554598.5660708 25.31 94863.33
1561554658.5949762 25.35 94867.30
1561554718.6394815 25.35 94868.44
1561554778.6683874 25.38 94867.34
1561554838.6972926 25.44 94866.16
1561554898.726198 25.45 94864.78
1561554958.7551036 25.41 94861.11
1561555018.784009 25.36 94859.77
1561555078.8285143 25.39 94863.17
1561555138.8574197 25.35 94858.88
1561555198.8863254 25.37 94856.74
1561555258.9152308 25.30 94860.47
1561555318.9441361 25.28 94861.83
1561555378.9730418 25.28 94861.13
1561555439.017547 25.30 94858.00
1561555499.0464525 25.26 94857.70
1561555559.075358 25.27 94860.00
1561555619.1042633 25.32 94862.99
1561555679.133169 25.29 94864.66
1561555739.162074 25.30 94857.50
1561555799.1909795 25.32 94856.63
1561555859.235485 25.31 94860.32
1561555919.2643905 25.28 94859.16
1561555979.293296 25.32 94858.24
1561556039.3222013 25.30 94853.82
1561556099.351107 25.31 94855.93
1561556159.3800123 25.25 94860.69
1561556219.4245176 25.29 94852.42
1561556279.453423 25.36 94853.77
1561556339.4823287 25.39 94856.92
1561556399.511234 25.35 94856.53
1561556459.5401394 25.40 94858.82
1561556519.569045 25.50 94862.56
1561556579.6135504 25.66 94858.42
1561556639.6424558 25.69 94852.08
1561556699.6713612 25.63 94855.50
1561556759.7002668 25.58 94850.87
1561556819.7291722 25.61 94850.74
1561556879.7580776 25.55 94852.85
1561556939.786983 25.58 94849.35
1561556999.8314886 25.67 94845.91
1561557059.860394 25.68 94848.50
1561557119.8892992 25.67 94856.99
1561557179.918205 25.61 94852.95
1561557239.9471102 25.58 94851.85
1561557299.9760156 25.55 94852.66
1561557360.0205212 25.58 94852.75
1561557420.0494263 25.58 94857.33
1561557480.078332 25.60 94850.49
1561557540.1072373 25.58 94853.89
1561557600.1361427 25.66 94857.03
1561557660.1650484 25.67 94844.24
1561557720.2095537 25.71 94846.52
1561557780.238459 25.75 94845.78
1561557840.2673645 25.76 94849.75
1561557900.2962701 25.74 94846.22
1561557960.3251755 25.74 94843.88
1561558020.354081 25.75 94842.25
1561558080.3985863 25.75 94841.76
1561558140.427492 25.71 94838.53
1561558200.4563973 25.65 94834.75
1561558260.4853027 25.63 94836.96
1561558320.514208 25.64 94837.75
1561558380.5587137 25.69 94837.14
1561558440.587619 25.71 94836.85
1561558500.6165242 25.75 94839.48
1561558560.64543 25.67 94838.72
1561558620.6743352 25.80 94839.56
1561558680.7032406 25.76 94841.82
1561558740.7477462 25.77 94837.25
1561558800.7766516 25.73 94836.22
1561558860.805557 25.64 94832.62
1561558920.8344624 25.69 94831.99
1561558980.863368 25.76 94832.90
1561559040.8922734 25.74 94830.49
1561559100.9367788 25.77 94828.00
1561559160.9656842 25.77 94828.50
1561559220.9945898 25.75 94821.33
1561559281.0234952 25.69 94828.27
1561559341.0524006 25.71 94826.31
1561559401.0813062 25.68 94829.75
1561559461.1258113 25.69 94832.22
1561559521.154717 25.72 94828.34
1561559581.1836224 25.80 94826.39
1561559641.212528 25.80 94824.99
1561559701.2414331 25.84 94821.75
1561559761.2859387 25.87 94819.33
1561559821.3148441 25.80 94821.53
1561559881.3437495 25.89 94818.83
1561559941.3726552 25.89 94815.08
1561560001.4015603 25.83 94816.97
1561560061.4304657 25.74 94816.63
1561560121.4749713 25.70 94813.09
1561560181.503877 25.72 94806.47
1561560241.532782 25.70 94806.57
1561560301.5616875 25.73 94808.14
1561560361.590593 25.78 94805.78
1561560421.6194985 25.73 94803.28
1561560481.664004 25.70 94804.82
1561560541.6929092 25.63 94799.02
1561560601.7218149 25.61 94795.36
1561560661.7507203 25.66 94796.83
1561560721.7796257 25.66 94795.71
1561560781.8085313 25.72 94794.14
1561560841.8530366 25.71 94794.73
1561560901.881942 25.71 94793.78
1561560961.9108474 25.72 94792.00
1561561021.939753 25.81 94788.39
1561561081.9686582 25.83 94783.49
1561561142.0131638 25.76 94780.00
1561561202.0420692 25.75 94780.55
1561561262.0709748 25.75 94782.22
1561561322.0998802 25.70 94782.18
1561561382.1287854 25.74 94778.12
1561561442.1576908 25.70 94783.52
1561561502.2021966 25.69 94771.39
1561561562.231102 25.71 94775.72
1561561622.2600074 25.72 94778.61
1561561682.288913 25.74 94776.75
1561561742.3178182 25.83 94775.11
1561561802.3467236 25.73 94771.83
1561561862.3912292 25.72 94766.80
1561561922.4201343 25.73 94767.14
1561561982.44904 25.71 94767.00
1561562042.4779453 25.66 94766.07
1561562102.5068507 25.62 94762.24
1561562162.5357563 25.65 94768.79
1561562222.5802617 25.65 94771.82
1561562282.609167 25.63 94765.10
1561562342.6380725 25.61 94767.08
1561562402.6669781 25.61 94759.94
1561562462.6958835 25.62 94752.36
1561562522.724789 25.64 94753.49
1561562582.7536943 25.61 94757.77
1561562642.7982 25.69 94755.78
1561562702.8271053 25.62 94757.06
1561562762.8560107 25.65 94753.05
1561562822.8849163 25.73 94750.07
1561562882.9138215 25.74 94746.03
1561562942.9427269 25.72 94747.03
1561563002.9872324 25.72 94742.08
1561563063.016138 25.70 94741.50
1561563123.0450432 25.71 94740.55
1561563183.0739486 25.70 94738.86
1561563243.1028543 25.77 94737.02
1561563303.1317596 25.71 94737.21
1561563363.1762652 25.69 94739.42
1561563423.2051704 25.72 94737.16
1561563483.234076 25.71 94738.64
1561563543.2629814 25.65 94737.76
1561563603.2918868 25.71 94732.52
1561563663.3363922 25.70 94731.89
1561563723.3652976 25.75 94731.08
1561563783.3942032 25.79 94729.28
1561563843.4231086 25.69 94730.03
1561563903.452014 25.69 94726.92
1561563963.4809196 25.64 94728.83
1561564023.525425 25.69 94724.67
1561564083.5543303 25.76 94725.47
1561564143.5832357 25.76 94721.60
1561564203.6121414 25.69 94724.08
1561564263.6410468 25.63 94719.41
1561564323.669952 25.60 94722.63
1561564383.7144575 25.61 94711.30
1561564443.7433631 25.70 94716.53
1561564503.7722683 25.66 94711.89
1561564563.801174 25.68 94713.75
1561564623.8300793 25.71 94708.61
1561564683.8589847 25.77 94703.61
1561564743.9034903 25.67 94699.89
1561564803.9323955 25.67 94697.77
1561564863.961301 25.69 94705.60
1561564923.9902065 25.67 94705.80
1561564984.0191119 25.61 94701.75
1561565044.0636172 25.60 94702.21
1561565104.0925229 25.60 94702.08
1561565164.1214283 25.62 94697.57
1561565224.1503336 25.64 94694.57
1561565284.1792393 25.72 94689.61
1561565344.2081447 25.68 94682.38
1561565404.25265 25.67 94678.91
1561565464.2815554 25.56 94682.86
1561565524.310461 25.61 94678.99
1561565584.3393664 25.57 94678.63
1561565644.3682718 25.63 94672.64
1561565704.397177 25.57 94672.33
1561565764.4416826 25.58 94672.32
1561565824.4705882 25.54 94670.19
1561565884.4994934 25.58 94674.26
1561565944.528399 25.55 94675.91
1561566004.5573044 25.49 94673.99
1561566064.5862098 25.47 94673.07
1561566124.6307154 25.50 94675.01
1561566184.6596205 25.51 94674.22
1561566244.6885262 25.46 94668.17
1561566304.7174315 25.53 94672.58
1561566364.746337 25.55 94665.10
1561566424.7752426 25.51 94666.99
1561566484.8197482 25.55 94664.26
1561566544.8486533 25.48 94662.66
1561566604.8775587 25.51 94657.78
1561566664.9064643 25.46 94661.07
1561566724.9353697 25.45 94658.57
1561566784.9642751 25.48 94655.89
1561566845.0087805 25.52 94656.03
1561566905.037686 25.49 94650.22
1561566965.0665915 25.47 94659.03
1561567025.095497 25.44 94648.58
1561567085.1244023 25.46 94649.53
1561567145.153308 25.43 94650.75
1561567205.1978133 25.52 94648.97
1561567265.2267187 25.53 94646.47
1561567325.2556243 25.50 94640.30
1561567385.2845294 25.54 94638.06
1561567445.3134348 25.53 94641.79
1561567505.3423405 25.53 94648.86
1561567565.386846 25.51 94641.16
1561567625.4157515 25.54 94636.42
1561567685.4446566 25.60 94631.05
1561567745.473562 25.64 94633.19
1561567805.5024676 25.57 94637.55
1561567865.531373 25.61 94636.82
1561567925.5758784 25.59 94639.35
1561567985.6047838 25.60 94636.53
1561568045.6336894 25.58 94637.90
1561568105.6625948 25.60 94636.36
1561568165.6915002 25.65 94636.28
1561568225.7204058 25.66 94632.26
1561568285.7649112 25.70 94640.77
1561568345.7938166 25.68 94636.84
1561568405.822722 25.69 94634.02
1561568465.8516276 25.72 94631.80
1561568525.880533 25.83 94635.97
1561568585.9094381 25.81 94633.52
1561568645.9539437 25.76 94635.11
1561568705.9828494 25.74 94635.53
1561568766.0117548 25.70 94634.36
1561568826.0406601 25.79 94640.42
1561568886.0695655 25.71 94635.58
1561568946.1140711 25.64 94633.92
1561569006.1429765 25.65 94632.53
1561569066.171882 25.66 94629.60
1561569126.2007873 25.66 94633.62
1561569186.2296927 25.74 94633.53
1561569246.258598 25.72 94634.60
1561569306.3031034 25.75 94635.00
1561569366.3320093 25.79 94629.38
1561569426.3609145 25.82 94627.88
1561569486.3898199 25.80 94633.07
1561569546.4187255 25.80 94627.27
1561569606.447631 25.72 94625.33
1561569666.4921362 25.74 94621.75
1561569726.5210416 25.75 94624.91
1561569786.549947 25.80 94632.23
1561569846.5788527 25.79 94632.61
1561569906.607758 25.75 94635.00
1561569966.6366632 25.78 94630.83
1561570026.6811688 25.88 94624.90
1561570086.7100744 25.91 94622.30
1561570146.7389798 25.86 94621.15
1561570206.7678852 25.83 94621.57
1561570266.7967906 25.79 94618.35
1561570326.825696 25.81 94625.03
1561570386.8702016 25.82 94626.03
1561570446.899107 25.79 94627.22
1561570506.9280124 25.77 94627.29
1561570566.9569178 25.81 94624.75
1561570626.9858232 25.84 94621.47
1561570687.0303285 25.86 94620.21
1561570747.0592344 25.90 94623.75
1561570807.0881395 25.86 94625.61
1561570867.117045 25.85 94626.89
1561570927.1459506 25.83 94626.99
1561570987.174856 25.93 94629.41
1561571047.2193613 25.85 94634.60
1561571107.2482667 25.87 94626.92
1561571167.2771723 25.87 94621.50
1561571227.3060777 25.86 94619.94
1561571287.334983 25.87 94621.49
1561571347.3638887 25.94 94617.74
1561571407.408394 25.99 94617.94
1561571467.4372995 25.94 94617.07
1561571527.466205 25.93 94617.55
1561571587.4951105 25.90 94616.33
1561571647.524016 25.93 94616.67
1561571707.552921 25.95 94615.78
1561571767.5974267 25.99 94614.09
1561571827.626332 26.08 94618.90
1561571887.6552374 26.04 94622.74
1561571947.684143 25.95 94622.14
1561572007.7130482 25.92 94625.83
1561572067.7575538 25.94 94624.25
1561572127.7864594 26.02 94625.28
1561572187.8153646 25.95 94628.74
1561572247.84427 25.92 94622.82
1561572307.8731756 26.00 94626.46
1561572367.902081 25.98 94623.21
1561572427.9465866 25.98 94623.14
1561572487.9754918 26.00 94620.87
1561572548.0043974 25.96 94625.72
1561572608.0333028 26.00 94620.03
1561572668.0622082 26.01 94621.49
1561572728.0911138 26.01 94618.03
1561572788.1356192 26.08 94619.43
1561572848.1645246 26.13 94618.19
1561572908.19343 26.08 94616.72
1561572968.2223356 26.16 94620.32
1561573028.251241 26.11 94619.28
1561573088.2957463 26.08 94623.85
1561573148.3246517 26.08 94620.79
1561573208.3535573 26.06 94617.58
1561573268.3824627 25.98 94620.97
1561573328.4113681 25.98 94623.25
1561573388.4402735 26.03 94620.64
1561573448.4847791 26.04 94620.83
1561573508.5136845 26.09 94625.44
1561573568.54259 26.07 94625.08
1561573628.5714955 26.06 94622.68
1561573688.6004007 25.99 94620.69
1561573748.6449063 26.03 94617.87
1561573808.6738117 26.02 94622.45
1561573868.702717 26.05 94627.32
1561573928.7316225 26.06 94624.68
1561573988.7605278 26.04 94628.53
1561574048.7894332 26.06 94630.38
1561574108.8339386 26.06 94635.07
1561574168.8628445 26.04 94631.45
1561574228.8917496 26.09 94632.74
1561574288.920655 26.11 94632.24
1561574348.9495606 26.14 94633.36
1561574408.978466 26.03 94634.73
1561574469.0229714 26.01 94635.72
1561574529.0518768 26.00 94634.33
1561574589.0807824 26.12 94633.42
1561574649.1096878 26.16 94633.77
1561574709.1385932 26.11 94635.69
1561574769.1830986 26.13 94635.22
1561574829.2120042 26.16 94636.34
1561574889.2409096 26.12 94636.51
1561574949.269815 26.12 94639.46
1561575009.2987206 26.15 94637.86
1561575069.3276258 26.10 94641.80
1561575129.3721313 26.12 94642.75
1561575189.4010367 26.09 94643.28
1561575249.4299424 26.15 94641.59
1561575309.4588475 26.16 94639.19
1561575369.487753 26.12 94641.14
1561575429.5166585 26.14 94639.52
1561575489.5611637 26.08 94636.21
1561575549.5900695 26.06 94639.60
1561575609.6189747 26.14 94641.41
1561575669.64788 26.14 94640.35
1561575729.6767857 26.11 94639.61
1561575789.721291 26.15 94636.89
1561575849.7501965 26.18 94635.57
1561575909.7791018 26.14 94633.82
1561575969.8080075 26.12 94636.03
1561576029.8369129 26.12 94635.83
1561576089.8658183 26.16 94635.94
1561576149.9103236 26.17 94631.50
1561576209.9392292 26.17 94631.00
1561576269.9681346 26.16 94636.67
1561576329.99704 26.20 94635.57
1561576390.0259457 26.27 94628.80
1561576450.070451 26.24 94632.51
1561576510.0993564 26.27 94633.75
1561576570.1282618 26.22 94631.97
1561576630.1571674 26.16 94633.60
1561576690.1860726 26.18 94635.80
1561576750.2149782 26.14 94641.07
1561576810.2594836 26.16 94640.53
1561576870.2883892 26.12 94642.91
1561576930.3172946 26.15 94646.17
1561576990.3461998 26.19 94642.83
1561577050.3751054 26.19 94645.69
1561577110.419611 26.27 94646.17
1561577170.4485164 26.27 94647.10
1561577230.4774218 26.27 94646.83
1561577290.5063272 26.22 94650.05
1561577350.5352325 26.25 94650.63
1561577410.564138 26.30 94648.59
1561577470.6086435 26.29 94649.81
1561577530.6375487 26.34 94654.63
1561577590.6664543 26.34 94656.75
1561577650.6953597 26.22 94653.58
1561577710.724265 26.31 94653.10
1561577770.768771 26.32 94655.39
1561577830.797676 26.25 94655.77
1561577890.8265815 26.28 94656.46
1561577950.8554869 26.24 94657.72
1561578010.8843925 26.19 94657.03
1561578070.913298 26.19 94660.38
1561578130.9578032 26.13 94667.78
1561578190.9867086 26.17 94668.35
1561578251.0156143 26.23 94671.60
1561578311.0445197 26.18 94672.59
1561578371.073425 26.20 94671.42
1561578431.1023307 26.16 94671.25
1561578491.146836 26.17 94674.39
1561578551.1757414 26.22 94676.02
1561578611.2046468 26.22 94675.70
1561578671.2335525 26.25 94680.11
1561578731.2624576 26.32 94680.09
1561578791.3069632 26.29 94684.97
1561578851.3358686 26.24 94683.44
1561578911.364774 26.28 94684.65
1561578971.3936796 26.26 94689.28
1561579031.4225848 26.28 94691.47
1561579091.4514904 26.29 94691.70
1561579151.495996 26.24 94687.94
1561579211.5249012 26.22 94690.94
1561579271.5538065 26.26 94691.83
1561579331.5827122 26.27 94694.42
1561579391.6116176 26.27 94700.79
1561579451.656123 26.25 94694.69
1561579511.6694286 26.24 94699.00
1561579571.7139337 26.23 94696.57
1561579631.7428393 26.21 94698.75
1561579691.7717447 26.27 94701.96
1561579751.8006504 26.24 94698.10
1561579811.8295557 26.21 94704.10
1561579871.874061 26.23 94704.94
1561579931.9029665 26.25 94711.61
1561579991.931872 26.25 94713.39
1561580051.9607775 26.22 94710.86
1561580111.9896827 26.18 94712.96
1561580172.018588 26.19 94710.67
1561580232.0630937 26.21 94712.92
1561580292.091999 26.19 94711.97
1561580352.1209047 26.19 94711.25
1561580412.1498098 26.24 94713.83
1561580472.1787155 26.25 94717.25
1561580532.223221 26.22 94716.89
1561580592.2521262 26.15 94721.49
1561580652.2810316 26.20 94722.32
1561580712.3099372 26.18 94721.58
1561580772.3388426 26.16 94722.85
1561580832.367748 26.17 94724.85
1561580892.4122536 26.18 94724.92
1561580952.441159 26.21 94726.28
1561581012.4700644 26.22 94727.17
1561581072.4989698 26.20 94725.21
1561581132.5278754 26.17 94729.94
1561581192.5723808 26.20 94730.33
1561581252.6012862 26.16 94729.72
1561581312.6301916 26.18 94729.22
1561581372.6590972 26.26 94733.78
1561581432.6880026 26.18 94734.75
1561581492.7169077 26.17 94737.89
1561581552.7614133 26.22 94742.19
1561581612.790319 26.22 94742.70
1561581672.8192244 26.22 94741.99
1561581732.8481297 26.23 94743.04
1561581792.877035 26.33 94745.89
1561581852.9059405 26.26 94744.27
1561581912.9504461 26.19 94743.31
1561581972.9793515 26.18 94739.60
1561582033.008257 26.20 94748.38
1561582093.0371623 26.25 94745.58
1561582153.0660677 26.26 94747.69
1561582213.1105733 26.32 94744.10
1561582273.1394787 26.28 94747.38
1561582333.168384 26.32 94747.66
1561582393.1972895 26.24 94750.02
1561582453.2261949 26.28 94749.46
1561582513.2551005 26.28 94751.24
1561582573.299606 26.24 94754.21
1561582633.3285112 26.18 94756.13
1561582693.3574166 26.18 94754.08
1561582753.3863223 26.24 94754.46
1561582813.4152277 26.18 94753.78
1561582873.459733 26.17 94753.97
1561582933.4886384 26.22 94758.17
1561582993.517544 26.23 94753.81
1561583053.5464494 26.26 94754.62
1561583113.5753548 26.26 94752.11
1561583173.6042604 26.21 94753.97
1561583233.6487658 26.24 94753.39
1561583293.6776712 26.24 94752.72
1561583353.7065766 26.29 94751.02
1561583413.7354822 26.33 94755.65
1561583473.7643876 26.32 94757.38
1561583533.808893 26.27 94758.33
1561583593.8377984 26.30 94755.94
1561583653.866704 26.32 94758.91
1561583713.8956091 26.32 94757.44
1561583773.9245148 26.25 94758.80
1561583833.95342 26.28 94761.00
1561583893.9979255 26.27 94759.67
1561583954.0268312 26.27 94765.53
1561584014.0557363 26.30 94761.64
1561584074.0846417 26.30 94765.38
1561584134.1135473 26.32 94766.55
1561584194.158053 26.33 94770.52
1561584254.186958 26.30 94767.16
1561584314.2158635 26.24 94775.27
1561584374.244769 26.25 94769.14
1561584434.2736745 26.24 94771.21
1561584494.3025799 26.22 94773.99
1561584554.3470852 26.16 94776.13
1561584614.3759909 26.14 94775.88
1561584674.4048963 25.98 94775.55
1561584734.4338017 26.01 94776.63
1561584794.4627073 25.99 94778.63
1561584854.5072126 26.03 94780.10
1561584914.536118 26.04 94780.50
1561584974.5650234 26.02 94782.39
1561585034.593929 26.08 94782.88
1561585094.6228342 26.12 94784.70
1561585154.6673398 26.10 94785.19
1561585214.6962452 26.19 94785.07
1561585274.7251508 26.21 94784.35
1561585334.7540562 26.19 94786.74
1561585394.7829614 26.14 94789.13
1561585454.811867 26.13 94788.44
1561585514.8563726 26.18 94789.03
1561585574.885278 26.20 94791.61
1561585634.9141834 26.26 94797.22
1561585694.9430885 26.17 94795.69
1561585754.9719942 26.17 94798.52
1561585815.0164998 26.19 94796.19
1561585875.0454051 26.17 94798.63
1561585935.0743103 26.13 94798.05
1561585995.1032162 26.13 94800.96
1561586055.1321213 26.12 94800.21
1561586115.176627 26.10 94809.25
1561586175.2055323 26.11 94810.14
1561586235.2344377 26.16 94810.01
1561586295.263343 26.07 94809.12
1561586355.2922485 26.07 94811.50
1561586415.321154 26.07 94808.05
1561586475.3656595 26.16 94802.86
1561586535.3945649 26.16 94805.82
1561586595.4234703 26.09 94807.72
1561586655.452376 26.12 94809.10
1561586715.4812813 26.06 94809.94
1561586775.5257866 26.10 94810.66
1561586835.554692 26.08 94811.29
1561586895.5835977 26.11 94811.42
1561586955.612503 26.09 94810.57
1561587015.6414084 26.10 94816.89
1561587075.670314 26.07 94815.10
1561587135.7148194 26.10 94817.23
1561587195.7437248 26.08 94816.65
1561587255.7726302 26.09 94813.82
1561587315.8015356 26.13 94814.00
1561587375.8304412 26.09 94813.16
1561587435.8749466 26.14 94818.03
1561587495.903852 25.97 94815.60
1561587555.9327576 25.94 94812.50
1561587615.9616628 25.98 94816.30
1561587675.9905682 26.00 94818.74
1561587736.0194736 25.91 94817.57
1561587796.0639791 25.96 94813.57
1561587856.0928845 26.04 94820.36
1561587916.12179 26.04 94819.42
1561587976.1506953 26.05 94819.88
1561588036.179601 26.01 94825.92
1561588096.2241066 25.99 94824.25
1561588156.2530117 26.00 94821.78
1561588216.281917 26.01 94823.04
1561588276.3108227 26.08 94819.24
1561588336.339728 26.11 94822.98
1561588396.3686335 26.10 94825.06
1561588456.4131389 26.06 94826.52
1561588516.4420445 25.95 94824.61
1561588576.47095 25.94 94829.25
1561588636.4998553 25.97 94828.80
1561588696.528761 25.93 94829.63
1561588756.5732663 25.97 94831.47
1561588816.6021717 25.96 94833.23
1561588876.631077 26.03 94838.13
1561588936.6599827 26.01 94835.71
1561588996.688888 25.99 94836.14
1561589056.7177932 26.02 94833.49
1561589116.7622988 26.05 94836.07
1561589176.7912045 26.00 94838.44
1561589236.8201098 26.05 94838.88
1561589296.8490152 26.03 94843.49
1561589356.8779206 25.96 94844.29
1561589416.9224262 25.92 94841.86
1561589476.9513316 26.01 94845.53
1561589536.9802368 26.06 94847.14
1561589597.0091422 26.10 94845.03
1561589657.0380478 26.03 94848.28
1561589717.0669532 26.03 94855.32
1561589777.1114588 26.03 94851.53
1561589837.140364 26.08 94848.58
1561589897.1692696 26.09 94846.89
1561589957.198175 26.11 94851.59
1561590017.2270803 26.13 94853.71
1561590077.255986 26.06 94857.01
1561590137.3004913 26.07 94856.36
1561590197.3293967 25.93 94854.02
1561590257.358302 25.98 94859.30
1561590317.3872077 25.94 94860.07
1561590377.4161131 26.00 94861.66
1561590437.4606185 25.95 94861.82
1561590497.489524 25.93 94862.69
1561590557.5184295 25.91 94867.07
1561590617.547335 25.94 94867.26
1561590677.5762403 26.01 94866.92
1561590737.6051457 25.97 94864.45
1561590797.6496513 25.98 94866.38
1561590857.6785567 26.00 94868.32
1561590917.707462 26.06 94865.89
1561590977.7363677 26.08 94867.49
1561591037.7652729 26.03 94862.64
1561591097.8097785 26.05 94860.49
1561591157.8386838 26.02 94859.88
1561591217.8675895 26.01 94864.08
1561591277.8964946 25.98 94866.57
1561591337.9254 26.05 94868.78
1561591397.9543056 26.08 94869.99
1561591457.9988108 26.09 94877.32
1561591518.0277166 26.05 94875.66
1561591578.0566218 26.02 94875.19
1561591638.0855272 26.02 94877.57
1561591698.1144328 26.04 94873.25
1561591758.1589382 26.02 94871.44
1561591818.1878436 26.07 94873.82
1561591878.216749 26.03 94876.39
1561591938.2456546 26.05 94881.08
1561591998.27456 26.03 94881.74
1561592058.3034654 25.98 94884.99
1561592118.3479707 25.96 94888.61
1561592178.3768764 26.00 94881.25
1561592238.4057817 25.98 94881.85
1561592298.4346871 26.03 94884.36
1561592358.4635928 26.08 94882.72
1561592418.492498 26.08 94881.05
1561592478.5370035 26.00 94880.04
1561592538.565909 26.09 94879.15
1561592598.5948145 26.07 94884.61
1561592658.6237197 26.02 94882.77
1561592718.652625 25.99 94881.53
1561592778.6971307 25.99 94887.39
1561592838.7260363 26.01 94884.68
1561592898.7549417 26.03 94886.97
1561592958.7838469 26.01 94885.22
1561593018.8127525 25.95 94889.78
1561593078.8416579 26.02 94884.74
1561593138.8861632 26.05 94884.20
1561593198.9150689 26.08 94892.14
1561593258.9439743 26.03 94912.94
1561593318.9728796 25.98 94915.14
1561593379.001785 25.95 94927.78
1561593439.0462904 25.98 94908.10
1561593499.0751958 26.02 94903.83
1561593559.1041014 25.97 94902.97
1561593619.1330068 25.95 94902.78
