1560211281.8270597 23.82 95395.17
1560211341.855965 23.82 95394.39
1560211401.8848703 23.90 95395.16
1560211461.913776 23.91 95395.25
1560211521.9582813 23.91 95395.49
1560211581.9871867 23.90 95395.79
1560211642.016092 23.84 95401.02
1560211702.0449977 23.87 95401.89
1560211762.073903 23.90 95404.21
1560211822.1028085 23.91 95399.24
1560211882.131714 23.94 95400.85
1560211942.1606195 23.92 95398.97
1560212002.1895247 24.01 95399.22
1560212062.2184303 23.92 95398.86
1560212122.2473357 23.91 95401.40
1560212182.2918413 23.91 95403.50
1560212242.3207464 23.90 95402.00
1560212302.349652 23.91 95400.39
1560212362.3785574 23.96 95403.89
1560212422.4074628 23.97 95399.46
1560212482.4363685 23.91 95401.34
1560212542.4652739 23.96 95402.28
1560212602.4941792 23.99 95402.73
1560212662.5230846 24.07 95402.21
1560212722.5675902 23.99 95402.86
1560212782.5964956 23.96 95402.99
1560212842.625401 23.97 95407.20
1560212902.6543064 24.00 95405.64
1560212962.6832118 24.04 95406.82
1560213022.7121172 24.01 95407.85
1560213082.7410228 23.97 95407.10
1560213142.7699282 23.89 95408.58
1560213202.7988336 23.87 95408.44
1560213262.843339 23.86 95412.74
1560213322.8722446 23.90 95411.69
1560213382.90115 23.87 95411.94
1560213442.9300554 23.86 95412.31
1560213502.958961 23.83 95411.22
1560213562.9878662 23.86 95415.55
1560213623.0167716 23.85 95414.04
1560213683.045677 23.83 95416.57
1560213743.0745826 23.83 95416.80
1560213803.103488 23.84 95413.83
1560213863.1479933 23.83 95417.77
1560213923.1768987 23.79 95417.96
1560213983.2058043 23.82 95416.03
1560214043.2347097 23.83 95417.00
1560214103.2636151 23.89 95416.25
1560214163.2925208 23.89 95417.22
1560214223.321426 23.84 95419.00
1560214283.3503313 23.92 95419.47
1560214343.379237 23.86 95421.42
1560214403.4081423 23.89 95420.44
1560214463.4526477 23.83 95421.82
1560214523.481553 23.90 95416.89
1560214583.5104587 23.88 95421.36
1560214643.539364 23.90 95416.63
1560214703.5682695 23.94 95417.28
1560214763.5971751 23.95 95421.46
1560214823.6260805 23.96 95418.22
1560214883.654986 23.95 95419.18
1560214943.6838913 23.96 95418.42
1560215003.7127967 23.92 95414.23
1560215063.741702 23.88 95421.36
1560215123.7862074 23.84 95416.97
1560215183.8151133 23.83 95418.24
1560215243.8440185 23.90 95419.00
1560215303.8729239 23.92 95418.14
1560215363.9018295 23.96 95412.50
1560215423.9307349 23.92 95411.96
1560215483.9596403 23.88 95416.22
1560215543.988546 23.91 95416.70
1560215604.017451 23.87 95414.32
1560215664.0463564 23.89 95417.42
1560215724.075262 23.92 95414.63
1560215784.1041675 23.92 95418.07
1560215844.1330729 23.96 95418.88
1560215904.1775782 23.93 95420.82
1560215964.2064836 23.91 95419.71
1560216024.2353892 23.89 95418.25
1560216084.2642946 23.91 95416.76
1560216144.2931998 23.91 95418.03
1560216204.3221056 23.88 95417.19
1560216264.3510108 23.86 95418.75
1560216324.3799162 23.90 95416.39
1560216384.4088218 23.88 95414.52
1560216444.4377272 23.94 95414.17
1560216504.4822326 23.98 95416.66
1560216564.511138 23.92 95416.17
1560216624.5400436 23.87 95418.75
1560216684.568949 23.81 95420.64
1560216744.5978544 23.82 95421.71
1560216804.62676 23.87 95416.88
1560216864.6556654 23.85 95418.21
1560216924.6845706 23.90 95418.50
1560216984.7134762 23.93 95414.60
1560217044.7423816 23.90 95419.21
1560217104.771287 23.90 95416.83
1560217164.8157923 23.97 95416.65
1560217224.844698 23.96 95419.55
1560217284.8736033 23.89 95422.00
1560217344.9025087 23.84 95425.72
1560217404.9314144 23.86 95421.66
1560217464.9603198 23.95 95423.13
1560217524.9892251 23.96 95425.70
1560217585.0181305 23.99 95420.89
1560217645.047036 23.95 95418.95
1560217705.0759413 23.95 95422.28
1560217765.104847 23.94 95422.39
1560217825.149352 23.88 95423.20
1560217885.1782577 23.95 95425.63
1560217945.207163 24.01 95422.44
1560218005.2360687 23.96 95419.32
1560218065.264974 23.88 95418.86
1560218125.2938795 23.90 95418.30
1560218185.3227851 23.91 95415.93
1560218245.3516905 23.94 95415.17
1560218305.3805957 23.98 95412.41
1560218365.409501 23.93 95411.27
1560218425.4540067 23.91 95406.91
1560218485.482912 23.93 95412.89
1560218545.5118177 24.00 95406.17
1560218605.5407228 24.01 95405.07
1560218665.5696285 24.01 95406.91
1560218725.5985339 23.95 95406.72
1560218785.6274393 23.98 95404.83
1560218845.6563447 23.95 95403.99
1560218905.6852503 23.94 95404.02
1560218965.7141554 24.00 95405.97
1560219025.743061 23.97 95403.69
1560219085.7875667 24.00 95400.75
1560219145.8164718 23.97 95398.52
1560219205.8453772 23.94 95399.67
1560219265.8742828 24.01 95395.72
1560219325.9031882 23.95 95397.57
1560219385.9320936 23.90 95396.49
1560219445.9609993 23.87 95401.02
1560219505.9899046 23.93 95398.50
1560219566.01881 23.92 95394.75
1560219626.0477154 23.91 95394.49
1560219686.0766208 23.93 95391.35
1560219746.1055262 23.97 95389.27
1560219806.1344318 23.91 95387.21
1560219866.1789372 23.94 95389.39
1560219926.2078426 23.99 95386.74
1560219986.236748 23.99 95384.92
1560220046.2656536 23.97 95386.42
1560220106.294559 24.00 95387.90
1560220166.3234644 24.02 95381.92
1560220226.35237 23.98 95385.86
1560220286.3812752 23.92 95382.61
1560220346.4101806 23.95 95380.88
1560220406.4390862 23.90 95383.10
1560220466.4679916 23.91 95383.53
1560220526.512497 23.91 95380.63
1560220586.5414023 23.98 95378.94
1560220646.5703077 24.03 95374.55
1560220706.5992134 24.03 95374.11
1560220766.6281188 24.02 95375.61
1560220826.6570241 23.99 95373.21
1560220886.6859295 23.94 95372.29
1560220946.7148352 23.89 95372.58
1560221006.7437403 23.87 95370.36
1560221066.772646 23.95 95371.32
1560221126.8015513 24.00 95369.43
1560221186.8460567 23.98 95368.76
1560221246.874962 23.88 95370.87
1560221306.9038677 23.93 95365.38
1560221366.932773 23.97 95365.72
1560221426.9616785 23.97 95363.51
1560221486.9905841 23.99 95363.28
1560221547.0194893 24.06 95362.50
1560221607.048395 24.06 95364.57
1560221667.0773003 24.04 95362.72
1560221727.1062057 24.08 95357.36
1560221787.135111 24.04 95358.89
1560221847.1796165 24.12 95355.22
1560221907.208522 24.07 95356.28
1560221967.2374275 24.11 95356.66
1560222027.2663329 23.94 95354.09
1560222087.2952385 23.98 95355.90
1560222147.324144 24.04 95354.88
1560222207.353049 24.01 95351.30
1560222267.381955 24.01 95356.98
1560222327.41086 23.97 95356.66
1560222387.4397655 24.04 95358.39
1560222447.484271 24.05 95355.52
1560222507.5131762 24.07 95351.78
1560222567.5420818 24.09 95353.11
1560222627.5709872 24.08 95351.14
1560222687.5998929 24.01 95355.53
1560222747.6287982 23.98 95350.69
1560222807.6577036 23.95 95353.78
1560222867.6866093 23.98 95349.22
1560222927.7155147 24.04 95349.70
1560222987.7444198 23.97 95352.32
1560223047.7733252 23.95 95348.64
1560223107.8178308 23.92 95349.38
1560223167.8467364 23.91 95348.07
1560223227.8756416 23.89 95345.80
1560223287.904547 23.84 95348.02
1560223347.9334526 23.88 95347.23
1560223407.962358 23.98 95344.17
1560223467.9912634 23.96 95343.53
1560223528.020169 23.87 95345.32
1560223588.0490742 23.89 95342.19
1560223648.0779796 23.86 95343.52
1560223708.1068852 23.95 95340.96
1560223768.1357906 23.96 95344.04
1560223828.164696 23.93 95339.23
1560223888.2092013 23.95 95337.13
1560223948.238107 23.85 95334.97
1560224008.2670124 23.93 95334.58
1560224068.2959177 23.95 95332.96
1560224128.3248234 23.88 95333.30
1560224188.3537288 23.90 95330.17
1560224248.382634 23.81 95332.75
1560224308.4115398 23.90 95327.74
1560224368.440445 23.95 95329.61
1560224428.4693503 23.94 95327.50
1560224488.498256 23.88 95328.86
1560224548.5427613 23.83 95324.08
1560224608.5716667 23.81 95324.34
1560224668.600572 23.75 95322.19
1560224728.6294777 23.68 95324.44
1560224788.6583831 23.71 95323.67
1560224848.6872885 23.72 95322.75
1560224908.7161937 23.69 95317.10
1560224968.7450995 23.71 95321.81
1560225028.7740047 23.70 95318.37
1560225088.80291 23.69 95316.83
1560225148.8318157 23.75 95315.44
1560225208.876321 23.71 95316.67
1560225268.9052265 23.71 95314.63
1560225328.9341319 23.71 95314.86
1560225388.9630375 23.76 95312.21
1560225448.991943 23.71 95315.47
1560225509.0208483 23.70 95313.56
1560225569.049754 23.75 95317.02
1560225629.078659 23.72 95315.24
1560225689.1075644 23.76 95318.05
1560225749.13647 23.72 95316.07
1560225809.1653755 23.75 95322.32
1560225869.209881 23.76 95322.39
1560225929.2387862 23.76 95321.89
1560225989.2676919 23.65 95321.63
1560226049.2965972 23.62 95320.58
1560226109.3255026 23.61 95322.92
1560226169.3544083 23.63 95319.52
1560226229.3833137 23.66 95319.63
1560226289.4122188 23.68 95316.42
1560226349.4411244 23.71 95318.77
1560226409.4700298 23.68 95318.07
1560226469.4989352 23.69 95316.16
1560226529.5278409 23.72 95317.77
1560226589.5723462 23.72 95318.74
1560226649.6012516 23.66 95317.02
1560226709.630157 23.63 95317.35
1560226769.6590626 23.63 95316.01
1560226829.687968 23.63 95315.61
1560226889.7168734 23.63 95315.01
1560226949.7457788 23.63 95315.17
1560227009.7746844 23.64 95314.25
1560227069.8035896 23.67 95318.13
1560227129.8324952 23.68 95318.69
1560227189.8614006 23.64 95318.75
1560227249.905906 23.62 95317.94
1560227309.9348114 23.61 95316.67
1560227369.9637167 23.60 95315.17
1560227429.9926224 23.64 95316.38
1560227490.0215278 23.68 95314.72
1560227550.0504334 23.67 95318.32
1560227610.0793386 23.69 95317.17
1560227670.1082442 23.69 95313.99
1560227730.1371493 23.66 95314.52
1560227790.166055 23.63 95317.61
1560227850.1949604 23.66 95319.13
1560227910.2238657 23.68 95318.96
1560227970.2527714 23.73 95315.44
1560228030.2816768 23.72 95313.24
1560228090.310582 23.75 95313.61
1560228150.3550875 23.72 95310.39
1560228210.3839931 23.73 95309.92
1560228270.4128983 23.63 95311.85
1560228330.4418037 23.58 95311.89
1560228390.4707093 23.56 95311.78
1560228450.4996147 23.57 95310.85
1560228510.52852 23.62 95308.86
1560228570.5574257 23.56 95306.45
1560228630.5863311 23.51 95307.10
1560228690.6152365 23.54 95307.77
1560228750.644142 23.56 95306.48
1560228810.6730473 23.54 95302.53
1560228870.717553 23.56 95302.54
1560228930.7464583 23.56 95299.87
1560228990.7753637 23.53 95299.66
1560229050.804269 23.55 95295.29
1560229110.8331745 23.56 95292.42
1560229170.86208 23.59 95295.94
1560229230.8909855 23.62 95293.08
1560229290.9198909 23.71 95291.50
1560229350.9487965 23.80 95289.01
1560229410.9777017 23.70 95290.36
1560229471.006607 23.74 95290.74
1560229531.0355127 23.72 95293.03
1560229591.0800183 23.77 95289.47
1560229651.1089234 23.78 95288.97
1560229711.1378288 23.82 95286.64
1560229771.1667342 23.79 95289.25
1560229831.1956398 23.70 95288.09
1560229891.2245452 23.64 95288.67
1560229951.2534509 23.64 95289.88
1560230011.2823563 23.63 95289.47
1560230071.3112617 23.65 95287.25
1560230131.3401668 23.59 95285.60
1560230191.3846724 23.56 95285.38
1560230251.413578 23.59 95285.29
1560230311.4424832 23.59 95283.85
1560230371.4713886 23.58 95281.35
1560230431.5002942 23.61 95282.42
1560230491.5291996 23.62 95283.39
1560230551.558105 23.65 95287.85
1560230611.5870106 23.57 95280.48
1560230671.6159158 23.57 95282.82
1560230731.6448214 23.57 95282.99
1560230791.6737268 23.61 95283.80
1560230851.7182324 23.64 95284.03
1560230911.7471378 23.59 95279.11
1560230971.776043 23.62 95277.59
1560231031.8049486 23.54 95278.91
1560231091.833854 23.54 95276.14
1560231151.8627594 23.55 95271.50
1560231211.891665 23.54 95271.50
1560231271.9205704 23.53 95268.92
1560231331.9494758 23.63 95272.49
1560231391.9783814 23.57 95271.97
1560231452.0072865 23.62 95270.99
1560231512.036192 23.56 95273.07
1560231572.0650976 23.54 95272.72
1560231632.094003 23.54 95276.67
1560231692.1229084 23.52 95272.53
1560231752.1674137 23.54 95271.83
1560231812.1963193 23.54 95274.63
1560231872.2252247 23.58 95274.21
1560231932.2541301 23.57 95272.71
1560231992.2830358 23.50 95274.35
1560232052.3119411 23.54 95270.79
1560232112.3408463 23.52 95270.08
1560232172.3697517 23.60 95267.64
1560232232.3986573 23.55 95267.63
1560232292.4275627 23.54 95271.13
1560232352.456468 23.52 95268.46
1560232412.4853737 23.58 95261.83
1560232472.514279 23.59 95265.24
1560232532.5587845 23.55 95265.28
1560232592.5876899 23.54 95266.82
1560232652.6165955 23.54 95262.82
1560232712.645501 23.49 95262.87
1560232772.6744063 23.49 95265.38
1560232832.7033117 23.58 95260.83
1560232892.732217 23.55 95261.65
1560232952.7611225 23.50 95261.21
1560233012.790028 23.48 95263.24
1560233072.8189335 23.51 95264.58
1560233132.8478389 23.52 95261.58
1560233192.8767443 23.48 95263.03
1560233252.9212499 23.50 95262.61
1560233312.9501553 23.50 95260.24
1560233372.9790604 23.51 95260.97
1560233433.0079663 23.51 95259.47
1560233493.0368714 23.49 95258.94
1560233553.0657768 23.50 95257.90
1560233613.0946825 23.53 95251.30
1560233673.1235878 23.46 95253.11
1560233733.1524932 23.44 95251.75
1560233793.1813989 23.42 95249.07
1560233853.210304 23.54 95243.53
1560233913.2392094 23.53 95245.63
1560233973.268115 23.49 95251.49
1560234033.3126204 23.53 95249.27
1560234093.341526 23.52 95251.10
1560234153.3704312 23.49 95252.69
1560234213.3993368 23.49 95254.27
1560234273.4282422 23.46 95251.85
1560234333.4571476 23.50 95254.60
1560234393.4860532 23.52 95249.16
1560234453.5149586 23.50 95251.19
1560234513.5438638 23.46 95244.11
1560234573.5727692 23.49 95252.96
1560234633.6016748 23.48 95247.28
1560234693.6305802 23.50 95249.09
1560234753.6750858 23.49 95249.09
1560234813.703991 23.44 95248.58
1560234873.7328966 23.46 95249.42
1560234933.761802 23.44 95250.67
1560234993.7907073 23.45 95254.46
1560235053.819613 23.54 95252.10
1560235113.8485184 23.52 95250.77
1560235173.8774235 23.46 95255.62
1560235233.9063292 23.54 95253.97
1560235293.9352345 23.44 95250.91
1560235353.96414 23.38 95251.86
1560235413.9930456 23.42 95254.08
1560235474.021951 23.45 95251.71
1560235534.0508564 23.52 95248.53
1560235594.079762 23.43 95252.35
1560235654.1086671 23.44 95252.92
1560235714.1375725 23.46 95254.05
1560235774.1820781 23.45 95254.65
1560235834.2109838 23.47 95256.92
1560235894.239889 23.43 95258.85
1560235954.2687943 23.41 95254.54
1560236014.2977 23.37 95253.69
1560236074.3266053 23.36 95254.92
1560236134.3555107 23.39 95252.67
1560236194.3844163 23.40 95253.94
1560236254.4133217 23.39 95250.30
1560236314.442227 23.39 95250.33
1560236374.4711325 23.46 95254.75
1560236434.500038 23.41 95254.71
1560236494.5289433 23.38 95253.63
1560236554.5734487 23.38 95251.96
1560236614.6023543 23.38 95252.60
1560236674.6312597 23.40 95251.14
1560236734.660165 23.39 95252.17
1560236794.6890707 23.39 95250.00
1560236854.717976 23.45 95249.44
1560236914.7468812 23.44 95248.35
1560236974.775787 23.42 95250.41
1560237034.8046923 23.41 95250.77
1560237094.8335977 23.41 95253.78
1560237154.862503 23.42 95258.08
1560237214.8914087 23.42 95254.58
1560237274.920314 23.36 95253.32
1560237334.9648194 23.40 95254.71
1560237394.9937248 23.36 95256.72
1560237455.0226305 23.41 95253.44
1560237515.0515358 23.39 95258.17
1560237575.080441 23.37 95260.30
1560237635.1093469 23.39 95260.74
1560237695.138252 23.38 95259.53
1560237755.1671574 23.37 95264.34
1560237815.196063 23.33 95263.32
1560237875.2249684 23.36 95263.16
1560237935.2538738 23.40 95261.21
1560237995.2827795 23.41 95267.02
1560238055.3116846 23.37 95261.21
1560238115.34059 23.37 95263.14
1560238175.3850956 23.37 95266.71
1560238235.414001 23.36 95262.50
1560238295.4429066 23.37 95267.67
1560238355.4718118 23.35 95268.36
1560238415.5007174 23.35 95267.77
1560238475.5296228 23.36 95267.61
1560238535.5585282 23.35 95271.47
1560238595.5874338 23.40 95271.78
1560238655.6163392 23.36 95270.84
1560238715.6452444 23.32 95273.07
1560238775.67415 23.39 95270.85
1560238835.7030554 23.38 95272.44
1560238895.7319608 23.34 95272.43
1560238955.7608664 23.39 95272.92
1560239015.7897718 23.40 95273.46
1560239075.818677 23.38 95275.95
1560239135.8475828 23.35 95277.47
1560239195.8920882 23.33 95278.60
1560239255.9209936 23.29 95277.72
1560239315.949899 23.35 95279.38
1560239375.978804 23.40 95279.26
1560239436.0077097 23.37 95280.82
1560239496.0366151 23.31 95277.03
1560239556.0655205 23.31 95278.43
1560239616.0944262 23.31 95279.20
1560239676.1233315 23.30 95283.50
1560239736.152237 23.27 95287.39
1560239796.1811426 23.28 95285.36
1560239856.2100477 23.26 95287.42
1560239916.238953 23.26 95289.42
1560239976.2678587 23.28 95287.10
1560240036.3123643 23.26 95287.09
1560240096.3412695 23.34 95287.49
1560240156.370175 23.29 95291.24
1560240216.3990805 23.32 95291.08
1560240276.427986 23.35 95290.05
1560240336.4568913 23.40 95288.60
1560240396.485797 23.35 95288.89
1560240456.514702 23.34 95287.58
1560240516.5436075 23.33 95283.91
1560240576.572513 23.35 95285.22
1560240636.6014185 23.31 95287.10
1560240696.630324 23.32 95289.75
1560240756.6592295 23.30 95288.00
1560240816.688135 23.29 95289.80
1560240876.7170403 23.28 95289.69
1560240936.7615457 23.30 95289.27
1560240996.7904513 23.29 95287.66
1560241056.8193567 23.27 95286.52
1560241116.8482618 23.24 95289.04
1560241176.8771677 23.27 95289.25
1560241236.9060729 23.28 95291.00
1560241296.9349782 23.29 95291.50
1560241356.9638839 23.27 95290.69
1560241416.9927893 23.27 95290.53
1560241477.0216947 23.29 95292.30
1560241537.0506003 23.27 95297.70
1560241597.0795054 23.25 95297.35
1560241657.1084108 23.21 95300.51
1560241717.1373165 23.24 95299.39
1560241777.1818216 23.27 95302.27
1560241837.2107275 23.28 95303.94
1560241897.2396326 23.24 95304.13
1560241957.268538 23.24 95308.39
1560242017.2974436 23.25 95306.77
1560242077.326349 23.27 95308.77
1560242137.3552542 23.24 95310.89
1560242197.38416 23.24 95311.46
1560242257.4130652 23.23 95308.10
1560242317.4419706 23.30 95310.96
1560242377.4708762 23.28 95310.38
1560242437.4997816 23.28 95305.71
1560242497.528687 23.24 95310.06
1560242557.5575926 23.24 95305.02
1560242617.5864978 23.26 95301.60
1560242677.6154034 23.32 95300.16
1560242737.6443088 23.28 95308.14
1560242797.6732142 23.28 95303.67
1560242857.7021196 23.29 95307.32
1560242917.746625 23.26 95309.10
1560242977.7755306 23.29 95307.08
1560243037.804436 23.22 95308.52
1560243097.8333414 23.28 95309.67
1560243157.862247 23.27 95310.11
1560243217.8911524 23.22 95315.60
1560243277.9200575 23.23 95314.00
1560243337.9489634 23.30 95315.13
1560243397.9778686 23.29 95314.15
1560243458.006774 23.29 95315.52
1560243518.0356796 23.27 95317.25
1560243578.064585 23.24 95318.07
1560243638.0934904 23.27 95317.82
1560243698.122396 23.21 95317.49
1560243758.1669014 23.26 95320.41
1560243818.1958067 23.25 95316.71
1560243878.2247121 23.25 95320.21
1560243938.2536178 23.29 95321.75
1560243998.282523 23.29 95323.42
1560244058.3114283 23.25 95328.05
1560244118.340334 23.25 95326.21
1560244178.3692393 23.20 95331.22
1560244238.3981447 23.17 95332.04
1560244298.4270504 23.23 95334.31
1560244358.4559557 23.23 95334.64
1560244418.484861 23.21 95335.30
1560244478.5137663 23.19 95337.83
1560244538.542672 23.20 95335.30
1560244598.5715773 23.22 95337.94
1560244658.6004827 23.18 95339.59
1560244718.644988 23.18 95342.42
1560244778.6738937 23.23 95344.02
1560244838.702799 23.20 95342.24
1560244898.7317045 23.22 95343.61
1560244958.76061 23.24 95345.39
1560245018.7895155 23.23 95342.35
1560245078.818421 23.26 95343.19
1560245138.8473263 23.22 95348.38
1560245198.8762317 23.22 95352.52
1560245258.905137 23.20 95352.32
1560245318.9340427 23.22 95355.52
1560245378.962948 23.17 95356.00
1560245438.9918535 23.17 95358.33
1560245499.0207589 23.17 95360.74
1560245559.0496643 23.14 95359.32
1560245619.0785697 23.12 95362.27
1560245679.1074753 23.15 95360.22
1560245739.1363807 23.15 95359.19
1560245799.165286 23.21 95362.72
1560245859.2097914 23.16 95357.26
1560245919.238697 23.22 95358.29
1560245979.2676024 23.20 95354.82
1560246039.2965078 23.21 95356.89
1560246099.3254135 23.17 95357.33
1560246159.3543186 23.17 95355.50
1560246219.383224 23.15 95357.49
1560246279.4121296 23.14 95359.18
1560246339.441035 23.13 95356.47
1560246399.4699404 23.16 95357.63
1560246459.498846 23.17 95358.67
1560246519.5277514 23.18 95366.04
1560246579.5566568 23.15 95366.63
1560246639.5855622 23.14 95370.03
1560246699.6144676 23.16 95369.23
1560246759.643373 23.15 95370.70
1560246819.6878784 23.19 95370.65
1560246879.7167842 23.17 95376.24
1560246939.7456894 23.18 95370.08
1560246999.7745948 23.24 95374.01
1560247059.8035002 23.20 95373.82
1560247119.8324058 23.18 95373.58
1560247179.861311 23.15 95376.74
1560247239.8902166 23.16 95373.14
1560247299.919122 23.16 95377.57
1560247359.9480274 23.15 95374.33
1560247419.9769328 23.16 95379.21
1560247480.0058384 23.19 95382.49
1560247540.0347438 23.20 95384.27
1560247600.0636492 23.18 95385.08
1560247660.0925546 23.15 95389.00
1560247720.1214602 23.11 95387.62
1560247780.1659656 23.11 95387.62
1560247840.194871 23.12 95391.66
1560247900.2237766 23.14 95388.67
1560247960.2526817 23.11 95390.35
1560248020.2815871 23.13 95392.16
1560248080.3104928 23.11 95390.28
1560248140.3393981 23.13 95396.21
1560248200.3683035 23.10 95393.05
1560248260.3972092 23.11 95391.28
1560248320.4261143 23.08 95392.60
1560248380.4550197 23.12 95395.49
1560248440.4839253 23.14 95394.10
1560248500.5128307 23.13 95396.33
1560248560.5417361 23.11 95395.08
1560248620.5706418 23.15 95397.25
1560248680.599547 23.13 95400.47
1560248740.6284525 23.15 95397.51
1560248800.657358 23.18 95401.64
1560248860.6862633 23.17 95402.80
1560248920.7151687 23.12 95403.30
1560248980.7440743 23.18 95402.83
1560249040.7885797 23.15 95406.58
1560249100.817485 23.13 95404.03
1560249160.8463905 23.14 95403.55
1560249220.875296 23.19 95404.35
1560249280.9042015 23.13 95404.67
1560249340.933107 23.12 95404.80
1560249400.9620125 23.10 95408.28
1560249460.9909177 23.13 95407.33
1560249521.019823 23.14 95411.62
1560249581.0487285 23.15 95414.32
1560249641.077634 23.18 95414.32
1560249701.1065395 23.16 95416.97
1560249761.1354449 23.14 95414.39
1560249821.1643503 23.16 95417.93
1560249881.1932557 23.21 95421.74
1560249941.222161 23.24 95422.05
1560250001.2666667 23.22 95420.27
1560250061.2955723 23.17 95423.88
1560250121.3244774 23.10 95425.33
1560250181.3533828 23.11 95421.60
1560250241.3822885 23.15 95427.27
1560250301.4111938 23.17 95429.61
1560250361.4400992 23.18 95430.35
1560250421.4690049 23.16 95432.94
1560250481.4979103 23.15 95432.24
1560250541.5268154 23.17 95437.16
1560250601.555721 23.21 95434.17
1560250661.5846264 23.26 95435.04
1560250721.6135318 23.24 95436.99
1560250781.6424375 23.27 95435.01
1560250841.6713428 23.22 95436.42
1560250901.7002482 23.19 95439.91
1560250961.7291536 23.16 95437.08
1560251021.7736592 23.11 95439.48
1560251081.8025646 23.10 95439.14
1560251141.83147 23.13 95437.66
1560251201.8603754 23.17 95439.66
1560251261.8892808 23.11 95435.04
1560251321.9181862 23.14 95436.63
1560251381.9470918 23.16 95433.58
1560251441.9759972 23.19 95435.33
1560251502.0049026 23.17 95435.55
1560251562.0338078 23.14 95434.40
1560251622.0627136 23.19 95437.70
1560251682.0916188 23.15 95437.67
1560251742.1205244 23.15 95437.17
1560251802.1494298 23.18 95436.76
1560251862.1783352 23.16 95438.08
1560251922.2228405 23.19 95436.74
1560251982.251746 23.22 95438.82
1560252042.2650514 23.23 95441.53
1560252102.309557 23.23 95443.43
1560252162.3384624 23.25 95441.40
1560252222.3673677 23.24 95447.35
1560252282.3962734 23.26 95449.85
1560252342.4251785 23.30 95451.35
1560252402.4540842 23.29 95454.03
1560252462.4829895 23.21 95447.38
1560252522.511895 23.17 95449.66
1560252582.5408006 23.22 95452.33
1560252642.569706 23.26 95452.78
1560252702.598611 23.22 95452.96
1560252762.6275167 23.26 95452.18
1560252822.6564221 23.26 95449.39
1560252882.6853275 23.29 95454.77
1560252942.7142332 23.29 95454.88
1560253002.7431386 23.28 95456.14
1560253062.787644 23.27 95454.42
1560253122.8165493 23.24 95458.01
1560253182.845455 23.27 95458.60
1560253242.8743603 23.29 95461.82
1560253302.9032657 23.33 95462.24
1560253362.932171 23.34 95463.08
1560253422.9610765 23.30 95466.25
1560253482.989982 23.26 95467.29
1560253543.0188875 23.28 95467.91
1560253603.047793 23.30 95471.29
1560253663.0766983 23.26 95471.97
1560253723.1056037 23.27 95470.88
1560253783.1345093 23.29 95473.32
1560253843.1634145 23.29 95473.55
1560253903.20792 23.27 95474.54
1560253963.2368257 23.33 95476.55
1560254023.2657309 23.28 95476.66
1560254083.2946362 23.24 95476.33
1560254143.3235416 23.30 95475.33
1560254203.3524473 23.27 95477.08
1560254263.3813527 23.29 95480.74
1560254323.4102583 23.30 95482.97
1560254383.4391637 23.29 95482.91
1560254443.468069 23.28 95484.53
1560254503.4969742 23.27 95486.12
1560254563.5258799 23.23 95484.80
1560254623.5547853 23.27 95486.09
1560254683.5836906 23.28 95487.67
1560254743.628196 23.27 95485.28
1560254803.6571016 23.31 95487.61
1560254863.686007 23.33 95487.20
1560254923.7149124 23.29 95485.67
1560254983.743818 23.31 95485.38
1560255043.7727234 23.30 95486.88
1560255103.8016286 23.34 95486.44
1560255163.8305342 23.33 95486.60
1560255223.8594396 23.31 95484.08
1560255283.888345 23.37 95486.79
1560255343.9172506 23.32 95487.00
1560255403.946156 23.38 95486.83
1560255463.9750614 23.41 95488.28
1560255524.003967 23.40 95490.55
1560255584.0328722 23.40 95488.48
1560255644.0617776 23.37 95487.36
1560255704.0906832 23.38 95486.70
1560255764.1195886 23.35 95487.08
1560255824.1640942 23.33 95486.20
1560255884.1929994 23.37 95488.36
1560255944.221905 23.44 95486.71
1560256004.2508104 23.41 95483.28
1560256064.2797158 23.36 95483.38
1560256124.3086214 23.36 95485.66
1560256184.3375268 23.38 95487.71
1560256244.366432 23.46 95485.02
1560256304.3953376 23.47 95486.60
1560256364.424243 23.42 95486.13
1560256424.4531484 23.40 95489.61
1560256484.482054 23.38 95487.67
1560256544.5109594 23.42 95486.66
1560256604.5554647 23.46 95486.82
1560256664.5843701 23.44 95487.21
1560256724.6132758 23.40 95485.67
1560256784.6421812 23.44 95484.67
1560256844.6710865 23.44 95487.67
1560256904.6999917 23.51 95484.41
1560256964.7288973 23.51 95484.08
1560257024.7578027 23.49 95483.53
1560257084.786708 23.53 95482.25
1560257144.8156137 23.52 95479.14
1560257204.8445191 23.52 95478.85
1560257264.8734243 23.50 95483.27
1560257324.9023302 23.54 95480.83
1560257384.9468355 23.55 95480.57
1560257444.975741 23.55 95477.77
1560257505.0046463 23.56 95481.77
1560257565.0335517 23.63 95480.94
1560257625.062457 23.69 95476.24
1560257685.0913625 23.64 95480.98
1560257745.120268 23.60 95477.50
1560257805.1491735 23.62 95477.67
1560257865.178079 23.67 95480.46
1560257925.2069843 23.66 95477.25
1560257985.23589 23.71 95475.85
1560258045.264795 23.67 95477.46
1560258105.2937007 23.58 95475.21
1560258165.3382063 23.65 95475.52
1560258225.3671114 23.66 95474.32
1560258285.3960168 23.68 95469.62
1560258345.4249225 23.71 95472.11
1560258405.4538279 23.78 95472.75
1560258465.4827332 23.79 95468.21
1560258525.5116389 23.86 95465.50
1560258585.5405443 23.93 95463.19
1560258645.5694494 23.93 95458.85
1560258705.598355 23.97 95460.07
1560258765.6272604 23.92 95455.07
1560258825.6561658 23.91 95455.67
1560258885.7006714 23.89 95453.89
1560258945.7295766 23.90 95454.20
1560259005.7428823 23.93 95452.67
1560259065.7873876 23.92 95449.69
1560259125.816293 23.91 95447.99
1560259185.8451986 23.86 95447.37
1560259245.874104 23.88 95445.27
1560259305.9030092 23.88 95445.85
1560259365.9319148 23.83 95446.28
1560259425.9608202 23.84 95446.22
1560259485.9897256 23.87 95447.64
1560259546.0186312 23.96 95448.91
1560259606.0475366 23.87 95449.67
1560259666.076442 23.88 95449.85
1560259726.1209474 23.96 95451.14
1560259786.149853 23.94 95445.43
1560259846.1787584 23.97 95453.05
1560259906.2076638 23.92 95446.19
1560259966.2365692 23.93 95443.96
1560260026.2654748 23.97 95447.04
1560260086.29438 23.96 95446.07
1560260146.3232856 23.93 95444.33
1560260206.352191 23.93 95442.52
1560260266.3810964 23.89 95442.94
1560260326.4256017 23.92 95443.85
1560260386.4545074 23.99 95443.50
1560260446.4834127 23.95 95442.83
1560260506.5123181 23.87 95441.69
1560260566.5412238 23.82 95442.91
1560260626.570129 23.80 95439.86
1560260686.5990345 23.72 95436.86
1560260746.62794 23.71 95435.61
1560260806.6568453 23.72 95435.62
1560260866.6857507 23.84 95436.78
1560260926.7146564 23.89 95430.75
1560260986.7591617 23.82 95437.74
1560261046.788067 23.81 95433.32
1560261106.8169725 23.85 95438.41
1560261166.8458781 23.85 95437.48
1560261226.8747835 23.93 95435.07
1560261286.9036887 24.00 95437.86
1560261346.932594 24.02 95433.60
1560261406.9614997 24.00 95434.77
1560261466.990405 23.96 95432.78
1560261527.0193105 23.94 95433.24
1560261587.0638163 23.97 95430.85
1560261647.0927215 24.02 95428.25
1560261707.1216269 24.01 95429.35
1560261767.1505322 24.00 95426.32
1560261827.1794379 23.99 95429.25
1560261887.2083433 23.95 95429.80
1560261947.2372487 23.97 95433.25
1560262007.266154 23.94 95435.08
1560262067.2950594 23.96 95431.03
1560262127.3239648 23.98 95429.88
1560262187.3684704 23.98 95425.10
1560262247.397376 23.99 95425.97
1560262307.4262812 24.08 95425.64
1560262367.4551866 24.10 95428.88
1560262427.4840922 24.07 95425.83
1560262487.5129976 24.04 95425.59
1560262547.541903 24.02 95427.55
1560262607.5708086 24.04 95422.28
1560262667.5997138 24.02 95421.74
1560262727.6442194 24.04 95428.10
1560262787.6731248 24.08 95428.41
1560262847.7020302 24.08 95430.67
1560262907.7309358 24.05 95432.84
1560262967.759841 24.04 95427.19
1560263027.7887466 24.01 95431.73
1560263087.817652 24.03 95429.10
1560263147.8465574 24.05 95427.00
1560263207.875463 24.11 95428.28
1560263267.9043684 24.06 95428.87
1560263327.9488738 24.02 95426.72
1560263387.9777792 24.05 95426.13
1560263448.0066848 24.08 95423.83
1560263508.0355902 24.03 95423.99
1560263568.0644956 24.05 95424.32
1560263628.0934007 24.08 95425.24
1560263688.1223063 24.07 95425.71
1560263748.1512117 24.08 95429.64
1560263808.1801171 24.11 95432.63
1560263868.2090228 24.05 95430.40
1560263928.2379282 24.04 95427.25
1560263988.2668333 24.12 95426.05
1560264048.311339 24.03 95422.05
1560264108.3402445 23.99 95422.39
1560264168.36915 23.93 95420.48
1560264228.3980553 23.92 95417.47
1560264288.4269607 23.94 95415.71
1560264348.455866 23.95 95418.45
1560264408.4847715 24.00 95416.79
1560264468.5136771 24.03 95415.63
1560264528.5425825 24.05 95409.79
1560264588.571488 24.02 95408.05
1560264648.6159933 23.97 95402.42
1560264708.644899 24.00 95400.96
1560264768.6738043 23.98 95397.05
1560264828.7027097 23.98 95397.45
1560264888.731615 23.97 95394.60
1560264948.7605207 23.93 95396.86
1560265008.7894258 23.92 95392.85
1560265068.8183315 23.93 95395.57
1560265128.8472369 23.96 95393.13
1560265188.8917422 23.89 95390.35
1560265248.9206476 23.91 95390.42
1560265308.9495533 23.87 95388.43
1560265368.9784586 23.91 95386.25
1560265429.007364 23.91 95381.90
1560265489.0362697 23.88 95381.46
1560265549.0651748 23.88 95383.07
1560265609.0940804 23.90 95382.24
1560265669.1229858 23.92 95381.10
1560265729.1518912 23.93 95378.30
1560265789.1963968 23.89 95374.14
1560265849.225302 23.92 95369.58
1560265909.2542074 23.96 95364.71
1560265969.283113 23.95 95363.64
1560266029.3120184 23.97 95362.71
1560266089.3409238 23.98 95364.65
1560266149.3698294 23.97 95365.17
1560266209.3987348 23.94 95365.11
1560266269.4276404 23.97 95362.17
1560266329.4565456 23.91 95361.50
1560266389.5010512 23.90 95357.55
1560266449.5299566 23.94 95354.42
1560266509.558862 23.92 95350.05
1560266569.5877674 23.90 95349.71
1560266629.6166728 23.90 95348.21
1560266689.6455781 23.96 95348.18
1560266749.6744838 23.96 95350.69
1560266809.7033892 23.97 95348.99
1560266869.7322946 23.97 95345.64
1560266929.7612002 23.95 95343.97
1560266989.8057055 23.97 95339.97
1560267049.834611 24.00 95339.21
1560267109.8635163 24.01 95340.11
1560267169.892422 23.97 95338.96
1560267229.921327 24.00 95334.23
1560267289.9502325 23.97 95336.80
1560267349.9791381 23.91 95334.45
1560267410.0080435 23.89 95333.07
1560267470.036949 23.92 95331.50
1560267530.0658545 23.96 95327.17
1560267590.11036 23.93 95326.41
1560267650.1392653 23.92 95328.00
1560267710.1681707 23.93 95326.91
1560267770.1970763 23.90 95326.86
1560267830.2259817 23.88 95326.36
1560267890.2548869 23.89 95323.72
1560267950.2837925 23.90 95322.16
1560268010.312698 23.91 95319.58
1560268070.3416033 23.89 95318.32
1560268130.370509 23.93 95315.61
1560268190.3994143 23.95 95314.08
1560268250.4283195 23.92 95310.97
1560268310.472825 23.94 95306.00
1560268370.5017304 23.98 95310.31
1560268430.530636 23.94 95306.00
1560268490.5595415 23.91 95304.89
1560268550.5884466 23.87 95299.67
1560268610.6173522 23.90 95298.02
1560268670.6462576 23.93 95292.03
1560268730.675163 23.96 95290.91
1560268790.7040687 23.99 95288.37
1560268850.748574 23.99 95283.07
1560268910.7774794 23.95 95282.99
1560268970.8063848 24.02 95280.13
1560269030.8352904 24.05 95273.61
1560269090.8641958 24.06 95272.64
1560269150.8931012 23.99 95272.77
1560269210.9220068 24.03 95267.17
1560269270.950912 24.05 95263.83
1560269330.9798174 24.00 95262.06
1560269391.008723 24.01 95257.67
1560269451.0532284 24.02 95254.97
1560269511.082134 23.97 95249.63
1560269571.1110392 23.92 95251.42
1560269631.1399448 23.90 95244.99
1560269691.1688502 23.89 95246.12
1560269751.1977556 23.94 95242.72
1560269811.2266612 23.92 95240.91
1560269871.2555666 23.98 95240.17
1560269931.2844718 24.05 95241.58
1560269991.3289773 24.10 95236.77
1560270051.357883 24.14 95235.30
1560270111.3867881 24.08 95226.58
1560270171.4156938 24.00 95225.62
1560270231.4445992 23.97 95225.25
1560270291.4735045 24.05 95222.57
1560270351.50241 24.04 95223.05
1560270411.5313156 23.99 95222.88
1560270471.5602207 23.95 95223.75
1560270531.5891263 23.97 95224.25
1560270591.6336317 23.99 95218.43
1560270651.662537 23.94 95223.64
1560270711.6914427 23.95 95217.53
1560270771.720348 23.97 95221.67
1560270831.7492533 23.99 95218.53
1560270891.778159 24.02 95220.11
1560270951.8070643 24.11 95223.88
1560271011.8359697 24.06 95217.77
1560271071.8648753 24.02 95213.92
1560271131.9093807 23.99 95214.19
1560271191.938286 24.01 95212.09
1560271251.9671915 24.01 95207.41
1560271311.996097 23.94 95204.11
1560271372.0250025 23.94 95204.78
1560271432.0539079 23.94 95202.97
1560271492.0828133 23.93 95200.47
1560271552.1117187 23.91 95200.24
1560271612.140624 23.88 95195.13
1560271672.1695297 23.91 95193.19
1560271732.2140353 23.99 95194.28
1560271792.2429404 23.99 95191.72
1560271852.2718458 24.06 95189.17
1560271912.3007514 24.02 95186.57
1560271972.3296568 24.00 95188.38
1560272032.3585622 23.98 95183.36
1560272092.3874679 24.03 95183.64
1560272152.416373 24.04 95181.42
1560272212.4452784 24.04 95178.19
1560272272.489784 23.99 95174.02
1560272332.5186894 24.01 95174.68
1560272392.547595 23.97 95176.49
1560272452.5765002 23.94 95176.56
1560272512.6054058 23.92 95178.24
1560272572.6343112 23.92 95176.29
1560272632.6632166 23.93 95176.92
1560272692.6921222 23.92 95176.03
1560272752.7210276 23.92 95176.39
1560272812.7499328 23.95 95178.73
1560272872.7788386 23.98 95174.35
1560272932.8077438 23.98 95180.83
1560272992.8522494 23.99 95176.66
1560273052.8811548 24.02 95176.05
1560273112.91006 24.06 95180.53
1560273172.9389656 24.12 95172.60
1560273232.967871 24.11 95173.00
1560273292.9967763 24.06 95173.85
1560273353.025682 24.06 95172.21
1560273413.0545874 23.97 95172.14
1560273473.0834925 24.00 95178.73
1560273533.127998 23.98 95173.11
1560273593.1569037 23.97 95175.16
1560273653.1858091 23.99 95174.12
1560273713.2147145 24.02 95172.67
1560273773.24362 24.03 95168.41
1560273833.2725253 24.03 95173.88
1560273893.3014307 24.01 95170.21
1560273953.3303363 24.04 95165.07
1560274013.3592417 23.96 95166.94
1560274073.388147 24.04 95160.05
1560274133.4326525 23.99 95162.60
1560274193.461558 24.02 95158.89
1560274253.4904635 24.05 95150.89
1560274313.519369 24.12 95154.74
1560274373.5482743 24.05 95150.10
1560274433.57718 24.04 95150.64
1560274493.606085 23.98 95152.51
1560274553.6349907 24.02 95150.00
1560274613.663896 23.97 95149.10
1560274673.7084014 23.99 95147.80
1560274733.7373068 24.04 95145.96
1560274793.7662125 24.06 95141.61
1560274853.7951179 24.03 95142.32
1560274913.8240232 24.07 95139.17
1560274973.8529289 24.04 95137.17
1560275033.881834 24.10 95134.63
1560275093.9107397 24.09 95137.71
1560275153.9396448 24.04 95129.92
1560275213.9841504 24.03 95128.56
1560275274.013056 24.08 95132.75
1560275334.0419612 24.05 95128.85
1560275394.0708666 24.06 95128.19
1560275454.0997722 24.04 95131.33
1560275514.1286776 24.05 95127.15
1560275574.157583 24.04 95126.85
1560275634.1864886 24.02 95124.15
1560275694.215394 24.03 95123.28
1560275754.2442994 24.01 95125.02
1560275814.2888048 24.00 95126.16
1560275874.3177104 23.99 95125.99
1560275934.3466158 23.99 95126.70
1560275994.3755212 23.96 95130.53
1560276054.4044266 24.02 95128.60
1560276114.433332 24.04 95125.92
1560276174.4622374 24.07 95126.75
1560276234.491143 24.17 95124.39
1560276294.5200484 24.21 95118.30
1560276354.5645537 24.13 95123.26
1560276414.5934591 24.10 95117.29
1560276474.6223648 24.09 95116.75
1560276534.6512702 24.11 95117.89
1560276594.6801755 24.08 95120.03
1560276654.7090812 24.08 95119.10
1560276714.7379863 24.11 95118.25
1560276774.7668917 24.11 95114.75
1560276834.7957973 24.04 95117.74
1560276894.8403027 24.02 95114.60
1560276954.8692083 24.01 95120.25
1560277014.8981135 24.00 95117.28
1560277074.9270191 24.06 95120.74
1560277134.9559245 24.13 95116.42
1560277194.98483 24.15 95121.39
1560277255.0137355 24.23 95118.27
1560277315.042641 24.16 95118.58
1560277375.071546 24.10 95118.69
1560277435.1004515 24.10 95116.75
1560277495.129357 24.06 95113.60
1560277555.1738627 24.03 95108.28
1560277615.2027678 24.01 95112.33
1560277675.2316732 24.02 95110.76
1560277735.2605789 24.03 95107.25
1560277795.2894843 24.03 95106.82
1560277855.3183897 24.04 95106.05
1560277915.3472953 24.05 95104.80
1560277975.3762007 24.02 95103.25
1560278035.4051058 24.07 95106.27
1560278095.4496114 24.07 95101.77
1560278155.478517 24.08 95103.97
1560278215.5074224 24.11 95105.69
1560278275.5363276 24.13 95101.59
1560278335.5652332 24.06 95106.04
1560278395.5941386 24.05 95100.63
1560278455.623044 24.03 95103.98
1560278515.6519496 24.04 95101.94
1560278575.680855 24.08 95105.50
1560278635.7253604 24.03 95100.57
1560278695.7542658 24.08 95102.80
1560278755.7831714 24.09 95098.19
1560278815.8120768 24.06 95098.19
1560278875.8409822 24.07 95101.92
1560278935.8698876 24.06 95095.72
1560278995.8987932 24.06 95095.89
1560279055.9276984 24.04 95098.20
1560279115.956604 24.07 95099.60
1560279176.0011096 24.05 95101.74
1560279236.0300148 24.07 95099.36
1560279296.0589201 24.09 95105.47
1560279356.0878258 24.03 95101.67
1560279416.1167312 24.07 95102.50
1560279476.1456366 24.12 95103.29
1560279536.1745422 24.10 95099.65
1560279596.2034473 24.12 95100.14
1560279656.232353 24.13 95100.58
1560279716.2768583 24.19 95097.16
1560279776.3057637 24.17 95098.57
1560279836.3346694 24.15 95094.74
1560279896.3635745 24.15 95094.67
1560279956.39248 24.15 95095.30
1560280016.4213855 24.10 95094.14
1560280076.450291 24.11 95094.88
1560280136.4791963 24.06 95095.28
1560280196.508102 24.10 95097.49
1560280256.5526073 24.10 95097.49
1560280316.5815127 24.14 95095.74
1560280376.610418 24.14 95094.94
1560280436.6393237 24.11 95096.21
1560280496.668229 24.08 95097.46
1560280556.6971345 24.09 95095.35
1560280616.72604 24.10 95100.99
1560280676.7549453 24.10 95096.05
1560280736.7838507 24.09 95096.08
1560280796.828356 24.14 95097.91
1560280856.857262 24.16 95091.63
1560280916.886167 24.14 95093.23
1560280976.9150724 24.16 95100.64
1560281036.943978 24.10 95096.25
1560281096.9728835 24.06 95099.50
1560281157.0017889 24.11 95099.52
1560281217.0306945 24.11 95105.07
1560281277.0751998 24.11 95103.36
1560281337.1041052 24.13 95107.93
1560281397.1330106 24.11 95106.80
1560281457.161916 24.20 95108.42
1560281517.1908214 24.20 95104.71
1560281577.2197268 24.21 95106.82
1560281637.2486324 24.21 95108.55
1560281697.2775378 24.14 95108.80
1560281757.3064432 24.11 95112.04
1560281817.3509486 24.12 95111.00
1560281877.379854 24.12 95113.64
1560281937.4087596 24.13 95109.33
1560281997.437665 24.15 95112.00
1560282057.4665704 24.18 95115.07
1560282117.495476 24.23 95112.32
1560282177.5243812 24.21 95113.46
1560282237.5532866 24.20 95109.58
1560282297.5821922 24.22 95112.12
1560282357.6110976 24.16 95113.57
1560282417.640003 24.16 95115.97
1560282477.6845083 24.22 95116.86
1560282537.713414 24.30 95117.00
1560282597.7423193 24.26 95113.78
1560282657.7712247 24.20 95117.94
1560282717.8001304 24.22 95116.36
1560282777.8290358 24.21 95113.79
1560282837.857941 24.20 95112.09
1560282897.8868465 24.17 95109.92
1560282957.915752 24.13 95111.34
1560283017.9602573 24.18 95108.75
1560283077.989163 24.18 95105.94
1560283138.0180683 24.20 95108.42
1560283198.0469737 24.16 95108.39
1560283258.075879 24.11 95106.60
1560283318.1047847 24.06 95103.74
1560283378.13369 24.07 95107.78
1560283438.1625955 24.10 95106.90
1560283498.191501 24.10 95109.74
1560283558.2360065 24.14 95109.13
1560283618.264912 24.21 95110.15
1560283678.293817 24.22 95105.17
1560283738.322723 24.20 95109.65
1560283798.351628 24.21 95107.44
1560283858.3805335 24.15 95108.33
1560283918.409439 24.14 95108.63
1560283978.4383445 24.16 95105.82
1560284038.4828498 24.13 95109.44
1560284098.5117552 24.13 95108.33
1560284158.5406606 24.06 95108.18
1560284218.5695662 24.10 95110.85
1560284278.5984716 24.13 95112.44
1560284338.627377 24.17 95113.21
1560284398.6562827 24.13 95106.42
1560284458.6851878 24.12 95111.78
1560284518.7140932 24.12 95116.49
1560284578.7585988 24.09 95116.46
1560284638.7875044 24.09 95114.46
1560284698.8164096 24.04 95116.90
1560284758.845315 24.13 95117.08
1560284818.8742206 24.14 95117.82
1560284878.903126 24.12 95119.29
1560284938.9320314 24.14 95120.66
1560284998.960937 24.11 95119.92
1560285058.9898422 24.11 95123.07
1560285119.0343478 24.14 95122.96
1560285179.0632532 24.20 95125.52
1560285239.0921588 24.19 95127.66
1560285299.1210642 24.13 95125.53
1560285359.1499693 24.10 95130.02
1560285419.178875 24.14 95128.50
1560285479.2077804 24.16 95133.67
1560285539.2366858 24.17 95132.75
1560285599.2655914 24.15 95130.71
1560285659.3100967 24.11 95130.32
1560285719.3390021 24.11 95129.64
1560285779.3679075 24.15 95130.44
1560285839.3968132 24.14 95129.91
1560285899.4257185 24.15 95132.75
1560285959.454624 24.16 95134.02
1560286019.4835293 24.14 95136.35
1560286079.5124347 24.13 95133.78
1560286139.54134 24.13 95130.64
1560286199.5858457 24.05 95130.32
1560286259.6147509 24.03 95128.36
1560286319.6436565 24.10 95133.22
1560286379.672562 24.16 95132.67
1560286439.7014673 24.11 95134.59
1560286499.730373 24.15 95139.50
1560286559.7592783 24.13 95139.13
1560286619.7881837 24.16 95140.69
1560286679.832689 24.14 95141.33
1560286739.8615947 24.12 95141.67
1560286799.8905 24.09 95137.71
1560286859.9194055 24.08 95141.94
1560286919.9483109 24.08 95136.43
1560286979.9772162 24.13 95138.39
1560287040.0061216 24.15 95137.39
1560287100.0350273 24.13 95139.63
1560287160.0639327 24.20 95140.99
1560287220.108438 24.16 95138.35
1560287280.1373434 24.13 95141.64
1560287340.166249 24.16 95142.39
1560287400.1951544 24.14 95143.21
1560287460.2240598 24.12 95144.05
1560287520.2529655 24.08 95146.15
1560287580.2818706 24.11 95145.64
1560287640.3107762 24.16 95144.91
1560287700.3396816 24.13 95142.67
1560287760.368587 24.13 95146.52
1560287820.3974924 24.16 95146.88
1560287880.4419978 24.23 95149.57
1560287940.4709034 24.20 95151.35
1560288000.4998088 24.16 95157.16
1560288060.5287142 24.11 95156.14
1560288120.5576198 24.11 95154.96
1560288180.5865252 24.11 95158.47
1560288240.6154304 24.10 95158.61
1560288300.6443362 24.04 95161.72
1560288360.6732414 24.04 95157.08
1560288420.717747 24.06 95161.32
1560288480.7466524 24.09 95160.75
1560288540.7755575 24.09 95164.75
1560288600.8044631 24.08 95165.69
1560288660.8333685 24.06 95165.70
1560288720.862274 24.08 95163.28
1560288780.8911796 24.08 95162.46
1560288840.920085 24.05 95167.43
1560288900.9489903 24.05 95169.14
1560288960.9934957 24.09 95168.77
1560289021.0224013 24.15 95166.49
1560289081.0513067 24.17 95165.98
1560289141.080212 24.12 95164.66
1560289201.1091177 24.13 95162.02
1560289261.138023 24.19 95164.91
1560289321.1669283 24.23 95167.11
1560289381.195834 24.16 95161.24
1560289441.2247393 24.11 95162.02
1560289501.269245 24.07 95159.05
1560289561.29815 24.18 95163.85
1560289621.3270557 24.16 95163.67
1560289681.355961 24.10 95165.63
1560289741.3848665 24.10 95165.29
1560289801.4137719 24.10 95162.11
1560289861.4426775 24.15 95166.22
1560289921.4715827 24.12 95169.16
1560289981.5004883 24.12 95170.50
1560290041.5449939 24.15 95172.39
1560290101.573899 24.14 95176.00
1560290161.6028044 24.10 95176.71
1560290221.63171 24.12 95171.10
1560290281.6606154 24.11 95173.24
1560290341.6895208 24.08 95177.35
1560290401.7184265 24.04 95179.25
1560290461.7473319 24.06 95175.65
1560290521.7762372 24.08 95178.72
1560290581.8207426 24.03 95178.13
1560290641.8496482 24.05 95180.22
1560290701.8785536 24.11 95180.92
1560290761.907459 24.07 95181.76
1560290821.9363642 24.04 95185.97
1560290881.9652698 24.10 95186.33
1560290941.9941752 24.23 95186.25
1560291002.0230806 24.13 95190.50
1560291062.0519862 24.15 95191.34
1560291122.0808916 24.21 95187.46
1560291182.125397 24.18 95197.35
1560291242.1543024 24.09 95197.22
1560291302.183208 24.05 95195.25
1560291362.2121134 24.10 95196.78
1560291422.2410188 24.22 95201.62
1560291482.2699242 24.16 95203.33
1560291542.2988296 24.17 95203.57
1560291602.327735 24.18 95206.27
1560291662.3722403 24.09 95206.74
1560291722.4011462 24.10 95209.45
1560291782.4300513 24.12 95207.91
1560291842.4589567 24.08 95205.07
1560291902.4878623 24.12 95209.08
1560291962.5167677 24.15 95215.10
1560292022.5456731 24.14 95212.99
1560292082.5745788 24.13 95211.11
1560292142.603484 24.06 95216.93
1560292202.6323893 24.13 95213.06
1560292262.661295 24.08 95216.30
1560292322.6902003 24.15 95216.33
1560292382.734706 24.12 95213.66
1560292442.763611 24.12 95210.15
1560292502.7925167 24.17 95219.83
1560292562.821422 24.16 95217.86
1560292622.8503275 24.15 95217.66
1560292682.8792331 24.13 95222.47
1560292742.9081385 24.12 95222.50
1560292802.9370437 24.14 95222.61
1560292862.9659493 24.08 95224.99
1560292923.010455 24.11 95226.82
1560292983.0393603 24.13 95229.82
1560293043.0682654 24.11 95227.32
1560293103.0971708 24.04 95224.71
1560293163.1260765 24.00 95222.48
1560293223.1549819 24.04 95226.12
1560293283.1838872 24.07 95225.41
1560293343.2127929 24.04 95225.78
1560293403.2416983 24.07 95226.46
1560293463.2862036 24.07 95228.63
1560293523.315109 24.07 95228.52
1560293583.3440146 24.16 95227.42
1560293643.37292 24.12 95225.61
1560293703.4018252 24.11 95226.55
1560293763.430731 24.10 95229.59
1560293823.4596362 24.11 95226.05
1560293883.4885416 24.13 95226.75
1560293943.5174472 24.11 95227.85
1560294003.5619526 24.15 95228.12
1560294063.590858 24.08 95230.96
1560294123.6197634 24.05 95229.89
1560294183.648669 24.07 95231.69
1560294243.6775744 24.05 95231.89
1560294303.7064798 24.06 95233.94
1560294363.7353852 24.04 95232.86
1560294423.7642908 24.05 95236.17
1560294483.793196 24.09 95231.19
1560294543.8377016 24.08 95233.63
1560294603.8666072 24.10 95234.94
1560294663.8955123 24.10 95239.35
1560294723.9244177 24.12 95237.74
1560294783.9533234 24.05 95241.02
1560294843.9822288 24.09 95241.17
1560294904.0111341 24.10 95247.46
1560294964.0400398 24.13 95248.46
1560295024.068945 24.04 95244.49
1560295084.1134505 24.09 95247.19
1560295144.142356 24.07 95248.73
1560295204.1712615 24.07 95245.39
1560295264.200167 24.05 95245.55
1560295324.2290723 24.15 95246.50
1560295384.2579775 24.08 95245.16
1560295444.286883 24.02 95248.23
1560295504.3157885 24.04 95248.66
1560295564.344694 24.01 95248.36
1560295624.3891997 24.05 95246.39
1560295684.418105 24.04 95248.27
1560295744.4470103 24.05 95244.46
1560295804.4759157 24.02 95248.89
1560295864.5048213 24.00 95245.96
1560295924.5337267 24.02 95249.46
1560295984.562632 24.01 95247.60
1560296044.5915375 24.00 95248.39
1560296104.6204429 23.99 95251.00
1560296164.6493483 24.06 95252.37
1560296224.6938536 24.05 95253.24
1560296284.7227595 24.07 95258.08
1560296344.7516646 24.13 95257.21
1560296404.78057 24.07 95258.14
1560296464.8094757 24.05 95255.91
1560296524.838381 24.04 95257.58
1560296584.8672864 24.13 95258.08
1560296644.896192 24.13 95258.55
1560296704.9250972 24.20 95260.75
1560296764.9696028 24.17 95261.83
1560296824.9985082 24.16 95263.79
1560296885.0274136 24.14 95262.96
1560296945.056319 24.10 95268.34
1560297005.0852244 24.02 95267.86
1560297065.11413 24.00 95267.07
1560297125.1430354 24.07 95268.21
1560297185.1719408 24.06 95271.04
1560297245.2008464 24.05 95274.92
1560297305.2297518 24.08 95273.35
1560297365.258657 24.06 95274.71
1560297425.3031626 24.14 95278.50
1560297485.3320682 24.09 95273.08
1560297545.3609736 24.06 95275.19
1560297605.3898787 24.08 95277.56
