1561593679.1619122 25.91 94903.37
1561593739.1908178 25.92 94897.57
1561593799.2353232 25.96 94900.94
1561593859.2642286 25.95 94897.03
1561593919.293134 25.93 94899.88
1561593979.3220396 25.93 94886.82
1561594039.350945 25.99 94891.78
1561594099.3954504 25.99 94892.96
1561594159.4243557 26.05 94892.82
1561594219.4532614 26.13 94888.89
1561594279.4821668 26.13 94887.00
1561594339.511072 26.06 94888.27
1561594399.5399778 26.02 94891.48
1561594459.5844831 25.96 94890.17
1561594519.6133885 25.96 94893.40
1561594579.642294 26.04 94896.37
1561594639.6711993 26.11 94895.58
1561594699.7001047 26.12 94893.53
1561594759.72901 26.01 94896.41
1561594819.7735157 26.01 94896.17
1561594879.802421 25.99 94897.77
1561594939.8313265 25.91 94897.05
1561594999.8602319 25.87 94896.86
1561595059.8891375 25.90 94893.14
1561595119.933643 25.95 94892.80
1561595179.9625483 25.95 94893.41
1561595239.9914536 26.02 94899.02
1561595300.0203593 26.01 94903.32
1561595360.0492647 25.98 94903.25
1561595420.07817 25.93 94900.07
1561595480.1226754 25.97 94896.39
1561595540.1515808 25.94 94894.89
1561595600.1804864 25.99 94897.14
1561595660.2093918 25.98 94894.35
1561595720.2382975 25.91 94899.02
1561595780.2828026 25.90 94899.07
1561595840.3117082 25.94 94899.75
1561595900.3406136 25.96 94896.32
1561595960.369519 26.00 94900.35
1561596020.3984246 25.90 94905.63
1561596080.4273298 26.00 94904.36
1561596140.4718354 26.00 94904.86
1561596200.5007408 26.14 94905.16
1561596260.5296462 26.08 94901.47
1561596320.5585518 26.08 94901.21
1561596380.587457 26.10 94898.94
1561596440.6319625 26.01 94900.07
1561596500.6608682 26.04 94899.49
1561596560.6897733 26.02 94899.58
1561596620.7186787 26.05 94897.10
1561596680.7475843 26.05 94893.35
1561596740.7764897 26.08 94892.50
1561596800.820995 26.06 94893.13
1561596860.8499005 26.02 94892.14
1561596920.878806 26.06 94889.52
1561596980.9077115 25.97 94887.69
1561597040.936617 25.99 94885.92
1561597100.9655225 25.98 94891.67
1561597161.010028 25.96 94890.22
1561597221.0389333 26.00 94894.64
1561597281.0678387 26.07 94890.30
1561597341.0967443 26.09 94888.80
1561597401.1256497 26.03 94893.41
1561597461.170155 25.96 94895.71
1561597521.1990604 26.00 94898.50
1561597581.227966 26.02 94898.32
1561597641.2568715 25.98 94895.88
1561597701.2857769 25.96 94894.70
1561597761.314682 25.97 94900.29
1561597821.3591876 26.00 94900.00
1561597881.3880932 25.97 94899.85
1561597941.4169984 25.98 94903.06
1561598001.4459038 25.95 94908.49
1561598061.4748094 26.03 94906.20
1561598121.519315 26.05 94928.35
1561598181.5482204 26.11 94958.85
1561598241.5771255 26.16 94962.86
1561598301.6060312 26.15 94958.96
1561598361.6349366 26.05 94957.00
1561598421.663842 26.10 94959.46
1561598481.7083473 26.06 94961.88
1561598541.7372532 25.99 94968.57
1561598601.7661583 25.97 94972.10
1561598661.7950637 25.95 94974.07
1561598721.8239694 26.01 94970.14
1561598781.8528748 26.04 94978.01
1561598841.89738 26.08 94974.62
1561598901.9262855 26.08 94977.76
1561598961.9551911 26.05 94978.28
1561599021.9840965 26.09 94975.47
1561599082.013002 26.01 94972.72
1561599142.0575073 26.06 94968.92
1561599202.086413 26.08 94965.01
1561599262.1153183 26.04 94970.25
1561599322.1442237 26.05 94961.65
1561599382.1731293 26.06 94963.46
1561599442.2020345 26.03 94962.82
1561599502.24654 26.05 94960.41
1561599562.2754455 26.02 94954.08
1561599622.304351 26.09 94958.63
1561599682.3332562 26.08 94956.47
1561599742.3621616 26.07 94962.40
1561599802.4066672 26.07 94965.85
1561599862.4355724 25.99 94963.53
1561599922.4644783 25.97 94965.67
1561599982.4933834 26.07 94965.35
1561600042.5222888 26.07 94967.19
1561600102.5511944 26.06 94962.89
1561600162.5956998 26.03 94965.43
1561600222.6246052 26.01 94965.06
1561600282.6535106 25.98 94966.39
1561600342.6824162 25.98 94965.19
1561600402.7113216 26.04 94969.00
1561600462.740227 26.04 94970.28
1561600522.7847323 26.04 94972.32
1561600582.813638 26.09 94968.95
1561600642.8425434 26.06 94968.24
1561600702.8714488 26.04 94964.05
1561600762.9003544 25.93 94961.27
1561600822.9448597 25.97 94961.66
1561600882.9737651 26.03 94961.14
1561600943.0026705 25.99 94962.10
1561601003.0315762 25.96 94966.42
1561601063.0604813 25.92 94966.07
1561601123.089387 25.95 94964.30
1561601183.1182923 25.94 94969.06
1561601243.162798 26.02 94969.03
1561601303.1917033 26.01 94964.58
1561601363.2206085 26.03 94969.55
1561601423.249514 26.00 94965.40
1561601483.2784195 25.99 94961.53
1561601543.307325 25.96 94957.21
1561601603.3518305 26.01 94954.85
1561601663.3807356 26.05 94957.00
1561601723.4096413 26.07 94954.53
1561601783.4385467 26.06 94950.15
1561601843.467452 26.01 94954.03
1561601903.5119574 25.95 94950.29
1561601963.540863 26.00 94954.85
1561602023.5697684 26.07 94959.05
1561602083.5986738 26.02 94961.66
1561602143.6275795 26.01 94963.17
1561602203.6564848 25.98 94960.63
1561602263.7009902 25.98 94962.88
1561602323.7298956 25.99 94962.13
1561602383.7588012 25.98 94965.26
1561602443.7877066 25.96 94961.86
1561602503.816612 25.99 94960.79
1561602563.8611174 26.00 94960.61
1561602623.890023 26.01 94960.22
1561602683.9189284 25.98 94953.93
1561602743.9478335 25.99 94955.07
1561602803.9767394 25.97 94955.42
1561602864.0056446 25.99 94956.27
1561602924.0501502 25.98 94953.87
1561602984.0790555 26.02 94952.58
1561603044.107961 26.01 94954.41
1561603104.1368663 25.99 94950.58
1561603164.1657717 26.03 94947.85
1561603224.1946774 26.01 94951.78
1561603284.2391827 26.02 94955.60
1561603344.2680883 26.04 94954.37
1561603404.2969935 26.05 94953.88
1561603464.3258991 26.00 94950.89
1561603524.3548045 25.95 94950.80
1561603584.3993099 25.91 94949.36
1561603644.4282153 25.90 94950.65
1561603704.4571207 25.97 94947.69
1561603764.4860263 26.03 94947.67
1561603824.5149317 26.04 94944.78
1561603884.543837 25.95 94942.55
1561603944.5883424 26.00 94945.07
1561604004.617248 26.04 94942.64
1561604064.6461535 25.97 94942.96
1561604124.6750588 26.02 94941.22
1561604184.7039645 26.05 94936.19
1561604244.7484698 26.04 94937.28
1561604304.7773752 26.08 94931.74
1561604364.8062806 26.11 94931.03
1561604424.8351862 26.10 94930.53
1561604484.8640914 25.98 94933.39
1561604544.8929968 25.97 94931.97
1561604604.9375024 26.02 94926.28
1561604664.9664078 26.04 94923.28
1561604724.9953134 25.99 94923.74
1561604785.0242186 25.95 94924.29
1561604845.0531242 25.98 94915.35
1561604905.0820296 26.01 94916.55
1561604965.126535 25.94 94916.67
1561605025.1554403 25.94 94916.47
1561605085.184346 26.02 94916.83
1561605145.2132514 25.96 94916.75
1561605205.2421567 26.04 94917.18
1561605265.286662 26.02 94915.10
1561605325.3155677 25.95 94917.53
1561605385.3444731 25.97 94920.35
1561605445.3733785 25.92 94922.42
1561605505.4022841 25.95 94919.03
1561605565.4311895 25.99 94923.78
1561605625.475695 25.95 94923.12
1561605685.5046003 25.95 94922.95
1561605745.5335057 26.00 94924.10
1561605805.5624113 25.98 94924.89
1561605865.5913165 26.00 94922.78
1561605925.635822 26.03 94924.00
1561605985.6647274 25.99 94923.67
1561606045.693633 25.96 94927.19
1561606105.7225385 25.95 94923.89
1561606165.7514436 26.03 94920.38
1561606225.7803493 26.04 94920.77
1561606285.8248549 26.04 94921.33
1561606345.8537602 26.03 94916.75
1561606405.8826654 26.05 94918.88
1561606465.911571 26.01 94916.04
1561606525.9404764 26.03 94915.11
1561606585.9693818 26.03 94914.77
1561606646.0138874 26.04 94912.66
1561606706.0427928 26.03 94913.40
1561606766.0716982 26.06 94919.00
1561606826.1006036 26.00 94916.16
1561606886.1295092 25.94 94910.30
1561606946.1740148 25.93 94910.75
1561607006.20292 25.99 94911.72
1561607066.2318254 26.01 94913.80
1561607126.260731 25.99 94914.03
1561607186.2896364 25.94 94917.07
1561607246.3185418 25.93 94919.13
1561607306.3630471 25.95 94919.47
1561607366.3919528 26.00 94921.41
1561607426.4208581 25.96 94923.78
1561607486.4497635 26.00 94924.60
1561607546.4786687 25.99 94925.07
1561607606.5231743 25.94 94929.03
1561607666.55208 25.96 94926.86
1561607726.5809853 26.04 94931.99
1561607786.6098907 25.99 94930.94
1561607846.638796 26.03 94932.44
1561607906.6677015 26.05 94931.71
1561607966.712207 25.95 94930.66
1561608026.7411125 26.05 94925.14
1561608086.7700179 26.02 94929.00
1561608146.7989235 26.00 94931.50
1561608206.8278286 26.02 94928.72
1561608266.8567343 26.01 94926.56
1561608326.9012399 25.99 94927.80
1561608386.930145 26.02 94928.16
1561608446.9590504 25.97 94931.30
1561608506.987956 25.92 94932.67
1561608567.0168614 25.93 94938.55
1561608627.0613668 26.03 94942.21
1561608687.0902722 26.01 94943.25
1561608747.1191778 26.04 94942.77
1561608807.1480832 26.11 94940.82
1561608867.1769886 26.08 94946.44
1561608927.2058942 26.07 94948.16
1561608987.2503996 26.07 94947.83
1561609047.279305 26.02 94945.48
1561609107.3082104 26.08 94936.42
1561609167.337116 26.02 94931.41
1561609227.3660214 26.03 94930.86
1561609287.4105268 26.03 94926.50
1561609347.4394321 26.00 94925.10
1561609407.4683378 26.03 94928.85
1561609467.497243 26.02 94935.60
1561609527.5261486 26.00 94935.69
1561609587.5550537 25.94 94936.26
1561609647.5995593 25.95 94941.85
1561609707.628465 25.96 94941.47
1561609767.65737 26.01 94943.41
1561609827.6862755 26.02 94943.36
1561609887.715181 26.00 94941.05
1561609947.7440865 26.01 94946.49
1561610007.788592 26.05 94945.50
1561610067.8174973 26.02 94946.05
1561610127.846403 25.95 94945.83
1561610187.8753083 25.99 94944.35
1561610247.9042137 25.99 94949.57
1561610307.948719 26.02 94944.37
1561610367.9776247 25.99 94947.13
1561610428.00653 26.04 94948.46
1561610488.0354354 25.99 94951.98
1561610548.064341 26.01 94951.68
1561610608.0932465 26.02 94954.13
1561610668.1377518 26.01 94957.82
1561610728.1666572 26.02 94953.25
1561610788.1955628 26.05 94953.95
1561610848.2244682 26.05 94952.38
1561610908.2533736 26.02 94949.72
1561610968.297879 25.98 94950.79
1561611028.3267846 26.02 94956.20
1561611088.35569 26.03 94955.11
1561611148.3845954 26.05 94957.17
1561611208.413501 26.08 94959.54
1561611268.4424062 26.04 94956.91
1561611328.4869118 26.03 94958.07
1561611388.5158172 26.06 94960.97
1561611448.5447228 26.05 94961.82
1561611508.573628 26.04 94959.42
1561611568.6025333 25.96 94960.79
1561611628.647039 25.95 94964.60
1561611688.675944 26.03 94964.77
1561611748.70485 26.06 94962.54
1561611808.733755 26.11 94967.35
1561611868.7626605 26.09 94965.50
1561611928.7915661 26.12 94965.96
1561611988.8360715 26.18 94973.73
1561612048.864977 26.21 94978.96
1561612108.8938823 26.25 94981.49
1561612168.922788 26.34 94982.75
1561612228.9516933 26.32 94986.32
1561612288.9961987 26.34 94982.91
1561612349.025104 26.31 94988.64
1561612409.0540097 26.30 94992.05
1561612469.082915 26.25 94996.42
1561612529.1118205 26.19 94996.97
1561612589.1563258 26.21 94994.20
1561612649.1852314 26.14 94999.88
1561612709.2141368 26.14 95004.17
1561612769.2430422 26.18 95002.08
1561612829.2719479 26.19 95006.46
1561612889.3164532 26.17 95005.88
1561612949.3453586 26.16 95003.53
1561613009.374264 26.14 95000.65
1561613069.4031694 26.12 95007.28
1561613129.447675 26.10 95002.97
1561613189.4765804 26.11 95005.21
1561613249.5054858 26.00 95006.77
1561613309.5343914 26.06 95005.36
1561613369.5632968 26.07 95003.95
1561613429.592202 26.09 95000.54
1561613489.6367075 25.99 94995.13
1561613549.6656132 26.00 94996.28
1561613609.6945183 26.08 94990.11
1561613669.723424 26.03 94995.58
1561613729.752329 26.05 94996.17
1561613789.7968347 26.01 94996.55
1561613849.8257403 26.01 94995.74
1561613909.8546455 26.06 94997.39
1561613969.883551 26.12 94989.25
1561614029.9124565 26.12 94988.17
1561614089.956962 26.09 94989.38
1561614149.9858675 26.01 94988.41
1561614210.0147727 26.02 94988.30
1561614270.0436783 25.96 94999.22
1561614330.0725837 26.00 95000.75
1561614390.101489 26.03 94999.04
1561614450.1459944 26.11 95002.36
1561614510.1749 26.12 95004.77
1561614570.2038054 26.06 95006.27
1561614630.2327108 26.07 95005.50
1561614690.2616165 26.09 95008.98
1561614750.3061218 26.12 95004.60
1561614810.3350272 26.06 95000.97
1561614870.3639326 26.03 95001.55
1561614930.3928382 26.08 94999.19
1561614990.4217436 26.00 94993.14
1561615050.450649 26.01 94994.54
1561615110.4951544 25.99 94996.93
1561615170.52406 25.95 94997.29
1561615230.5529654 25.95 94994.30
1561615290.5818706 25.99 94991.58
1561615350.6107764 26.04 94990.24
1561615410.6396816 25.98 94990.05
1561615470.6841872 25.92 94992.63
1561615530.7130926 25.99 94992.92
1561615590.7419977 25.95 94986.64
1561615650.7709033 26.00 94991.42
1561615710.7998087 25.99 94989.89
1561615770.8443143 26.03 94994.35
1561615830.8732195 26.04 95000.10
1561615890.9021251 26.04 95002.64
1561615950.9310305 26.04 95008.27
1561616010.959936 26.04 95012.52
1561616070.9888415 26.08 95013.39
1561616131.033347 26.06 95015.72
1561616191.0622523 26.03 95018.80
1561616251.0911577 26.05 95023.67
1561616311.1200633 26.05 95024.32
1561616371.1489687 26.07 95024.75
1561616431.193474 26.07 95025.49
1561616491.2223794 26.08 95024.11
1561616551.251285 26.04 95018.53
1561616611.2801905 25.99 95018.38
1561616671.3090959 25.96 95016.80
1561616731.3380015 25.98 95017.79
1561616791.3825068 25.97 95013.41
1561616851.4114122 26.00 95014.88
1561616911.4403176 26.04 95018.69
1561616971.4692233 26.02 95019.25
1561617031.4981284 26.00 95021.61
1561617091.542634 26.00 95025.87
1561617151.5715394 26.02 95024.71
1561617211.600445 25.97 95025.94
1561617271.6293504 26.00 95029.39
1561617331.6582556 25.99 95025.58
1561617391.6871612 25.99 95022.22
1561617451.7316668 26.01 95020.91
1561617511.760572 26.00 95020.41
1561617571.7894773 25.97 95016.66
1561617631.8183827 26.03 95016.13
1561617691.8472884 26.00 95018.57
1561617751.8761938 25.99 95015.87
1561617811.9206991 25.99 95021.56
1561617871.9496045 26.02 95017.91
1561617931.9785101 26.01 95015.64
1561617992.0074155 26.03 95018.13
1561618052.036321 26.00 95016.09
1561618112.0808263 26.00 95017.26
1561618172.109732 26.05 95015.63
1561618232.1386373 26.02 95013.72
1561618292.1675427 26.02 95012.08
1561618352.1964483 25.94 95012.94
1561618412.2253537 25.94 95013.81
1561618472.269859 26.01 95016.14
1561618532.2987645 26.02 95019.02
1561618592.32767 25.94 95015.78
1561618652.3565755 25.92 95016.32
1561618712.3854806 25.93 95014.80
1561618772.4143863 25.98 95009.21
1561618832.4588919 25.98 95010.72
1561618892.4877973 25.96 95010.94
1561618952.5167027 25.91 95016.69
1561619012.545608 26.02 95021.46
1561619072.5745134 25.97 95026.14
1561619132.619019 26.03 95030.36
1561619192.6479244 26.02 95034.05
1561619252.6768298 25.99 95035.63
1561619312.7057352 25.97 95039.27
1561619372.7346406 25.93 95037.91
1561619432.7635462 25.96 95040.02
1561619492.8080518 25.97 95039.10
1561619552.836957 25.95 95039.29
1561619612.8658624 25.96 95039.08
1561619672.8947678 25.98 95036.22
1561619732.9236734 25.97 95040.67
1561619792.9681787 25.98 95041.91
1561619852.9970841 25.93 95046.68
1561619913.0259895 25.92 95045.49
1561619973.0548952 25.95 95046.36
1561620033.0838006 25.92 95047.84
1561620093.1127057 25.92 95048.41
1561620153.1572113 25.95 95048.55
1561620213.186117 26.03 95049.46
1561620273.2150223 25.93 95044.50
1561620333.2439277 25.95 95043.04
1561620393.272833 25.91 95037.13
1561620453.3017385 26.03 95034.51
1561620513.346244 26.05 95032.28
1561620573.3751495 26.01 95029.11
1561620633.4040549 25.99 95031.38
1561620693.4329603 26.03 95032.38
1561620753.4618657 26.00 95041.39
1561620813.506371 25.92 95042.88
1561620873.535277 25.90 95040.52
1561620933.564182 25.93 95041.60
1561620993.5930874 25.92 95042.60
1561621053.621993 25.92 95043.28
1561621113.6508985 25.91 95043.49
1561621173.6798038 25.96 95047.13
1561621233.7243092 25.97 95047.38
1561621293.7532148 25.96 95050.74
1561621353.7821202 25.88 95045.57
1561621413.8110256 25.90 95045.82
1561621473.8399312 25.96 95049.13
1561621533.8688366 25.98 95046.46
1561621593.913342 25.99 95050.47
1561621653.9422474 25.95 95054.36
1561621713.9711528 25.93 95051.32
1561621774.0000584 25.95 95053.92
1561621834.0289636 25.87 95054.82
1561621894.057869 25.90 95054.92
1561621954.1023746 25.90 95052.08
1561622014.13128 25.90 95051.47
1561622074.1601856 25.98 95049.47
1561622134.1890907 26.07 95050.22
1561622194.2179964 26.00 95048.05
1561622254.262502 26.01 95051.72
1561622314.291407 25.92 95046.39
1561622374.3203125 25.91 95044.60
1561622434.3492181 25.96 95049.07
1561622494.3781235 25.97 95046.85
1561622554.407029 26.01 95050.49
1561622614.4515343 25.96 95052.08
1561622674.48044 25.91 95053.10
1561622734.5093453 25.96 95051.51
1561622794.5382507 25.89 95055.74
1561622854.5671563 25.87 95051.21
1561622914.5960617 25.90 95054.42
1561622974.640567 25.89 95056.53
1561623034.6694725 25.91 95054.67
1561623094.698378 25.96 95054.33
1561623154.7272835 25.92 95052.92
1561623214.7561886 25.91 95057.18
1561623274.8006942 25.96 95058.11
1561623334.8295999 25.93 95061.08
1561623394.8585052 25.90 95066.55
1561623454.8874106 25.88 95068.64
1561623514.9163158 25.93 95070.53
1561623574.9452214 25.99 95073.92
1561623634.989727 25.91 95076.78
1561623695.0186324 25.99 95076.27
1561623755.0475378 25.93 95078.75
1561623815.0764432 25.92 95080.35
1561623875.1053486 25.93 95081.59
1561623935.134254 25.88 95084.75
1561623995.1787596 25.84 95085.39
1561624055.207665 25.85 95087.29
1561624115.2365704 25.88 95089.91
1561624175.2654757 25.89 95094.19
1561624235.2943814 25.91 95094.64
1561624295.338887 25.87 95094.57
1561624355.3677921 25.85 95095.30
1561624415.3966975 25.87 95096.25
1561624475.4256032 25.88 95098.17
1561624535.4545085 25.88 95101.50
1561624595.483414 25.87 95097.86
1561624655.5279193 25.90 95098.13
1561624715.556825 25.88 95096.32
1561624775.5857303 25.89 95096.03
1561624835.6146357 25.85 95100.32
1561624895.643541 25.79 95100.71
1561624955.6724467 25.87 95102.28
1561625015.716952 25.89 95097.44
1561625075.7458575 25.91 95100.83
1561625135.774763 25.89 95101.79
1561625195.8036683 25.84 95097.49
1561625255.8325737 25.84 95101.24
1561625315.8614793 25.84 95108.10
1561625375.9059849 25.83 95106.70
1561625435.93489 25.91 95104.28
1561625495.9637954 25.85 95109.74
1561625555.9927008 25.84 95110.95
1561625616.0216064 25.87 95109.65
1561625676.066112 25.87 95111.09
1561625736.0950172 25.95 95106.69
1561625796.1239226 25.91 95109.08
1561625856.1528282 25.88 95114.46
1561625916.1817336 25.86 95119.61
1561625976.210639 25.92 95120.89
1561626036.2551444 25.87 95122.53
1561626096.28405 25.85 95121.79
1561626156.3129554 25.91 95121.60
1561626216.3418608 25.95 95123.88
1561626276.3707664 25.93 95126.01
1561626336.3996718 25.90 95131.96
1561626396.4441772 25.94 95131.36
1561626456.4730825 25.96 95130.88
1561626516.5019882 25.98 95132.26
1561626576.5308936 25.91 95133.56
1561626636.5597987 25.94 95130.39
1561626696.6043043 25.97 95130.77
1561626756.63321 25.93 95131.03
1561626816.6621153 25.89 95131.44
1561626876.6910207 25.92 95132.49
1561626936.719926 25.94 95131.22
1561626996.7488315 26.05 95126.86
1561627056.793337 25.97 95129.99
1561627116.8222423 25.96 95128.63
1561627176.851148 25.97 95135.14
1561627236.8800533 25.94 95132.13
1561627296.9089587 25.94 95136.21
1561627356.9378643 25.93 95141.49
1561627416.9823694 25.97 95144.17
1561627477.011275 25.92 95145.64
1561627537.0401804 25.89 95145.57
1561627597.0690858 25.94 95145.86
1561627657.0979915 25.97 95146.47
1561627717.1424968 25.97 95143.06
1561627777.1714022 25.97 95143.29
1561627837.2003076 25.94 95143.85
1561627897.2292132 25.92 95144.48
1561627957.2581186 25.90 95147.61
1561628017.287024 25.88 95145.24
1561628077.3315294 25.90 95148.38
1561628137.360435 25.85 95151.37
1561628197.3893404 25.88 95153.75
1561628257.4182458 25.92 95153.42
1561628317.4471512 25.83 95158.75
1561628377.4760566 25.77 95160.31
1561628437.5205622 25.81 95162.75
1561628497.5494676 25.84 95165.38
1561628557.5783732 25.81 95168.61
1561628617.6072783 25.85 95164.16
1561628677.6361837 25.87 95163.57
1561628737.6650894 25.84 95168.28
1561628797.709595 25.89 95167.72
1561628857.7385 25.90 95163.11
1561628917.7674055 25.84 95160.85
1561628977.7963111 25.86 95159.53
1561629037.8252165 25.86 95159.83
1561629097.8697221 25.83 95165.32
1561629157.8986273 25.82 95164.12
1561629217.927533 25.84 95165.38
1561629277.9564383 25.83 95165.85
1561629337.9853437 25.84 95163.80
1561629398.0142493 25.79 95163.35
1561629458.0587544 25.85 95168.02
1561629518.08766 25.84 95167.56
1561629578.1165655 25.83 95168.43
1561629638.1454709 25.84 95178.61
1561629698.1743762 25.95 95182.88
1561629758.2032819 25.89 95188.78
1561629818.2477872 25.86 95188.00
1561629878.2766926 25.80 95188.32
1561629938.3055983 25.83 95190.21
1561629998.3345034 25.95 95190.25
1561630058.3634088 25.88 95194.78
1561630118.3923144 25.90 95200.70
1561630178.43682 25.92 95203.22
1561630238.4657252 25.95 95208.86
1561630298.4946306 25.92 95210.66
1561630358.5235362 25.93 95214.58
1561630418.5524416 25.96 95213.96
1561630478.581347 25.93 95212.50
1561630538.6258523 25.87 95210.37
1561630598.654758 25.88 95208.99
1561630658.6836634 25.93 95213.41
1561630718.7125688 25.86 95210.72
1561630778.7414744 25.84 95209.25
1561630838.7859797 25.81 95206.30
1561630898.8148851 25.83 95208.89
1561630958.8437905 25.90 95211.78
1561631018.8726962 25.89 95211.66
1561631078.9016016 25.89 95210.78
1561631138.930507 25.90 95212.35
1561631198.9750123 25.87 95214.82
1561631259.003918 25.90 95213.93
1561631319.0328233 25.87 95217.10
1561631379.0617287 25.86 95219.62
1561631439.0906339 25.82 95218.67
1561631499.1195395 25.88 95219.24
1561631559.164045 25.86 95221.23
1561631619.1929502 25.89 95228.08
1561631679.221856 25.91 95234.86
1561631739.2507613 25.91 95232.69
1561631799.2796667 25.92 95233.94
1561631859.3241723 25.90 95238.75
1561631919.3530774 25.88 95239.41
1561631979.381983 25.88 95243.16
1561632039.4108884 25.91 95245.78
1561632099.4397938 25.86 95248.24
1561632159.4686995 25.85 95252.02
1561632219.5132048 25.85 95257.72
1561632279.5421102 25.87 95257.43
1561632339.5710156 25.89 95259.17
1561632399.5999212 25.93 95256.39
1561632459.6288266 25.90 95261.43
1561632519.657732 25.88 95259.39
1561632579.7022374 25.82 95265.44
1561632639.731143 25.82 95266.07
1561632699.7600484 25.85 95266.22
1561632759.7889538 25.89 95267.60
1561632819.8178592 25.89 95263.71
1561632879.8467648 25.86 95262.53
1561632939.8912702 25.88 95258.89
1561632999.9201756 25.93 95257.80
1561633059.9490812 25.91 95261.72
1561633119.9779863 25.90 95263.35
1561633180.0068917 25.90 95263.44
1561633240.0513973 25.93 95260.57
1561633300.080303 25.90 95257.64
1561633360.1092083 25.91 95257.71
1561633420.1381135 25.98 95259.39
1561633480.167019 25.93 95262.19
1561633540.1959245 25.88 95263.08
1561633600.24043 25.94 95267.57
1561633660.2693353 25.91 95270.07
1561633720.2982407 25.88 95271.96
1561633780.3271463 25.96 95272.25
1561633840.3560517 25.88 95274.71
1561633900.384957 25.93 95274.08
1561633960.4294624 25.94 95274.67
1561634020.458368 25.92 95273.75
1561634080.4872735 25.92 95271.83
1561634140.5161788 25.96 95266.28
1561634200.5450845 25.95 95264.58
1561634260.5895898 25.95 95265.32
1561634320.6184952 25.93 95265.33
1561634380.6474006 25.88 95270.66
1561634440.6763062 25.85 95272.35
1561634500.7052114 25.89 95268.74
1561634560.734117 25.91 95271.57
1561634620.7786224 25.90 95269.71
1561634680.807528 25.95 95271.65
1561634740.8364334 25.91 95275.57
1561634800.8653386 25.88 95279.23
1561634860.8942442 25.94 95282.64
1561634920.9387498 25.94 95282.64
1561634980.9676552 25.94 95283.78
1561635040.9965603 25.93 95283.92
1561635101.025466 25.90 95284.45
1561635161.0543714 25.94 95284.32
1561635221.0832767 25.93 95286.94
1561635281.1277823 25.96 95288.33
1561635341.1566875 25.96 95292.68
1561635401.1855931 25.97 95289.52
1561635461.2144985 25.95 95287.39
1561635521.2434042 25.91 95285.75
1561635581.2723095 25.96 95288.49
1561635641.316815 25.93 95284.86
1561635701.3457203 25.88 95287.88
1561635761.3746257 25.88 95286.21
1561635821.4035313 26.01 95281.72
1561635881.4324367 26.02 95279.74
1561635941.476942 26.02 95277.22
1561636001.5058475 26.00 95277.37
1561636061.534753 25.97 95276.83
1561636121.5636585 25.98 95280.27
1561636181.5925639 26.02 95277.93
1561636241.6214693 26.01 95280.78
1561636301.6659749 26.06 95277.07
1561636361.6948802 26.05 95282.57
1561636421.7237856 26.07 95285.83
1561636481.7526913 26.06 95289.39
1561636541.7815964 26.05 95286.99
1561636601.826102 26.04 95289.25
1561636661.8550074 26.01 95289.10
1561636721.8839128 25.94 95293.93
1561636781.9128182 25.97 95293.99
1561636841.9417236 25.94 95291.66
1561636901.9706292 26.00 95297.64
1561636962.0151348 26.07 95296.32
1561637022.04404 26.01 95296.36
1561637082.0729454 25.98 95301.24
1561637142.101851 26.03 95301.41
1561637202.1307564 26.00 95302.21
1561637262.1752617 25.97 95302.69
1561637322.2041671 25.96 95306.62
1561637382.2330728 25.96 95306.41
1561637442.2619781 25.93 95306.87
1561637502.2908835 25.91 95307.46
1561637562.3197892 25.95 95310.03
1561637622.3642943 25.99 95310.67
1561637682.3932 26.05 95312.49
1561637742.4221053 26.07 95308.96
1561637802.4510107 26.00 95307.89
1561637862.4799163 26.02 95308.72
1561637922.5088215 26.07 95311.07
1561637982.553327 26.17 95312.24
1561638042.5822325 26.17 95313.41
1561638102.611138 26.19 95315.00
1561638162.6400435 26.13 95317.26
1561638222.6689487 26.06 95320.99
1561638282.6978543 26.05 95321.16
1561638342.7423599 26.02 95319.28
1561638402.7712653 26.09 95320.10
1561638462.8001704 26.09 95322.01
1561638522.829076 26.09 95320.60
1561638582.8579814 26.08 95326.74
1561638642.9024868 26.05 95328.53
1561638702.9313924 26.13 95328.92
1561638762.9602978 26.06 95330.88
1561638822.9892032 26.05 95331.05
1561638883.0181086 26.13 95332.85
1561638943.062614 26.18 95333.92
1561639003.0915196 26.12 95336.24
1561639063.120425 26.06 95333.02
1561639123.1493304 26.16 95333.78
1561639183.178236 26.16 95332.55
1561639243.2071414 26.12 95331.48
1561639303.2516468 26.07 95329.63
1561639363.2805521 26.07 95330.17
1561639423.3094578 25.95 95327.63
1561639483.3383632 25.93 95329.85
1561639543.3672686 25.96 95333.92
1561639603.411774 26.02 95329.83
1561639663.4406793 26.00 95329.91
1561639723.469585 26.10 95327.21
1561639783.4984903 26.14 95331.13
1561639843.5273955 26.13 95321.95
1561639903.571901 26.10 95322.57
1561639963.6008067 26.11 95321.23
1561640023.6297119 26.07 95321.08
1561640083.6586175 26.09 95322.01
1561640143.687523 26.12 95321.60
1561640203.7164283 26.09 95321.38
1561640263.7609339 25.98 95324.80
1561640323.789839 26.07 95325.38
1561640383.8187447 26.08 95324.53
1561640443.84765 26.00 95323.64
1561640503.8765554 25.98 95323.66
1561640563.921061 26.04 95318.19
1561640623.9499667 25.97 95314.72
1561640683.9788718 26.01 95318.47
1561640744.0077772 25.98 95315.14
1561640804.0366828 26.07 95318.44
1561640864.0811882 26.09 95319.00
1561640924.1100938 26.07 95318.07
1561640984.138999 26.02 95321.28
1561641044.1679046 26.03 95316.05
1561641104.19681 26.04 95315.21
1561641164.2257154 26.04 95315.55
1561641224.2702208 26.08 95311.33
1561641284.2991264 26.08 95306.07
1561641344.3280318 26.06 95307.65
1561641404.3569372 26.09 95305.35
1561641464.3858428 26.10 95305.08
1561641524.430348 26.03 95300.36
1561641584.4592535 26.09 95297.75
1561641644.488159 26.08 95297.96
1561641704.5170643 26.11 95300.18
1561641764.54597 26.04 95295.74
1561641824.5904753 26.02 95303.29
1561641884.6193807 25.95 95297.11
1561641944.648286 25.94 95297.72
1561642004.6771917 25.98 95292.74
1561642064.706097 25.99 95296.14
1561642124.7350023 26.06 95291.41
1561642184.7795079 26.12 95297.36
1561642244.8084133 26.08 95297.89
1561642304.837319 26.06 95295.16
1561642364.866224 26.06 95293.52
1561642424.8951297 26.07 95294.71
1561642484.9396353 26.08 95288.67
1561642544.9685404 26.09 95289.60
1561642604.9974458 26.06 95289.06
1561642665.0263515 26.06 95287.82
1561642725.0552568 26.02 95286.10
1561642785.0997622 26.01 95286.38
1561642845.1286676 26.02 95286.94
1561642905.1575732 26.05 95285.91
1561642965.1864786 26.17 95279.57
1561643025.215384 26.16 95277.96
1561643085.2598894 26.20 95273.41
1561643145.288795 26.19 95267.99
1561643205.3177004 26.21 95272.46
1561643265.3466058 26.21 95270.05
1561643325.3755114 26.16 95274.14
1561643385.4044168 26.14 95270.30
1561643445.4489222 26.17 95270.89
1561643505.4778275 26.26 95266.25
1561643565.506733 26.32 95269.02
1561643625.5356386 26.26 95265.25
1561643685.564544 26.19 95264.27
1561643745.6090493 26.19 95260.92
1561643805.6379547 26.17 95260.46
1561643865.6668603 26.26 95261.07
1561643925.6957657 26.23 95264.84
1561643985.724671 26.20 95261.04
1561644045.7691765 26.25 95262.91
1561644105.798082 26.19 95258.97
1561644165.8269875 26.25 95259.66
1561644225.855893 26.23 95260.55
1561644285.8847983 26.21 95257.48
1561644345.929304 26.18 95257.85
1561644405.9582093 26.17 95255.87
1561644465.9871144 26.19 95258.03
1561644526.0160203 26.35 95257.36
1561644586.0449255 26.28 95257.25
1561644646.089431 26.36 95258.80
1561644706.1183364 26.29 95255.87
1561644766.1472418 26.26 95261.19
1561644826.1761472 26.34 95262.81
1561644886.2050526 26.32 95261.14
1561644946.2495582 26.33 95264.25
1561645006.2784636 26.32 95265.74
1561645066.307369 26.24 95258.60
1561645126.3362744 26.21 95256.38
1561645186.36518 26.28 95258.70
1561645246.4096856 26.40 95253.83
1561645306.4385908 26.41 95250.33
1561645366.4674962 26.30 95247.95
1561645426.4964015 26.29 95247.36
1561645486.5253072 26.27 95245.00
1561645546.5698125 26.23 95242.92
1561645606.598718 26.26 95243.13
1561645666.6276233 26.28 95239.16
1561645726.656529 26.27 95238.25
1561645786.6854343 26.20 95237.48
1561645846.7299397 26.19 95237.52
1561645906.758845 26.19 95235.75
1561645966.7877507 26.19 95237.52
1561646026.816656 26.27 95238.19
1561646086.8455615 26.27 95234.60
1561646146.8900669 26.21 95234.66
1561646206.9189725 26.20 95235.36
1561646266.947878 26.17 95235.19
1561646326.9767833 26.15 95228.21
1561646387.0056887 26.20 95225.78
1561646447.0501943 26.26 95226.88
1561646507.0790997 26.32 95224.50
1561646567.108005 26.31 95219.42
1561646627.1369107 26.28 95222.89
1561646687.1658158 26.30 95219.63
1561646747.2103214 26.32 95220.72
1561646807.2392268 26.33 95220.17
1561646867.2681324 26.36 95220.25
1561646927.2970378 26.29 95220.11
1561646987.325943 26.20 95221.28
1561647047.3704486 26.20 95219.49
1561647107.3993542 26.13 95219.45
1561647167.4282596 26.23 95221.77
1561647227.4571648 26.23 95221.00
1561647287.4860702 26.23 95219.25
1561647347.530576 26.16 95217.98
1561647407.5594811 26.17 95217.77
1561647467.5883868 26.24 95219.39
1561647527.617292 26.23 95219.02
1561647587.6461976 26.22 95217.78
1561647647.6907032 26.13 95217.67
1561647707.7196083 26.19 95215.87
1561647767.7485137 26.14 95213.44
1561647827.7774193 26.19 95210.55
1561647887.8063247 26.16 95211.95
1561647947.85083 26.18 95206.57
1561648007.8797355 26.24 95206.31
1561648067.908641 26.24 95206.55
1561648127.9375465 26.21 95199.74
1561648187.966452 26.20 95202.22
1561648248.0109572 26.12 95200.75
1561648308.0398629 26.15 95201.33
1561648368.0687683 26.14 95196.45
1561648428.0976737 26.11 95195.71
1561648488.1265793 26.17 95194.61
1561648548.1710846 26.13 95195.55
1561648608.19999 26.15 95192.62
1561648668.2288954 26.13 95193.17
1561648728.257801 26.19 95194.69
1561648788.2867064 26.26 95191.21
1561648848.3312118 26.16 95188.78
1561648908.3601172 26.18 95188.97
1561648968.3890228 26.19 95184.20
1561649028.4179282 26.17 95187.91
1561649088.4468336 26.17 95185.77
1561649148.491339 26.26 95183.97
1561649208.5202446 26.23 95175.28
1561649268.54915 26.18 95177.58
1561649328.5780554 26.18 95173.39
1561649388.606961 26.19 95171.46
1561649448.6514661 26.22 95166.47
1561649508.6803718 26.18 95168.03
1561649568.7092772 26.20 95162.28
1561649628.7381823 26.21 95155.77
1561649688.7670882 26.19 95156.86
1561649748.8115935 26.20 95156.49
1561649808.840499 26.22 95153.17
1561649868.8694043 26.23 95151.16
1561649928.8983097 26.26 95149.08
1561649988.927215 26.18 95146.58
1561650048.9717207 26.16 95146.07
1561650109.000626 26.19 95142.52
1561650169.0295315 26.23 95141.74
1561650229.0584369 26.23 95146.09
1561650289.0873423 26.24 95138.78
1561650349.1318476 26.33 95141.94
1561650409.1607535 26.38 95138.50
1561650469.1896586 26.41 95133.10
1561650529.218564 26.41 95135.72
1561650589.2474697 26.44 95133.94
1561650649.291975 26.38 95131.69
1561650709.3208804 26.45 95127.46
1561650769.3497858 26.37 95130.22
1561650829.3786914 26.40 95126.11
1561650889.4075968 26.51 95125.28
1561650949.4521022 26.49 95124.69
1561651009.4810076 26.49 95119.27
1561651069.5099132 26.45 95118.11
1561651129.5388186 26.46 95123.25
1561651189.567724 26.48 95118.41
1561651249.6122293 26.52 95119.03
1561651309.6411347 26.53 95115.03
1561651369.6700404 26.55 95112.03
1561651429.6989458 26.51 95112.77
1561651489.7278512 26.55 95113.36
1561651549.7723565 26.53 95110.00
1561651609.8012621 26.54 95113.07
1561651669.8301675 26.51 95110.25
1561651729.859073 26.48 95105.57
1561651789.8879786 26.49 95099.28
1561651849.932484 26.46 95105.78
1561651909.9613893 26.47 95102.33
1561651969.9902947 26.48 95103.63
1561652030.0192003 26.44 95099.11
1561652090.0481055 26.42 95102.14
1561652150.092611 26.47 95101.92
1561652210.1215165 26.49 95101.83
1561652270.150422 26.59 95102.68
1561652330.1793275 26.53 95100.00
1561652390.2082326 26.48 95098.42
1561652450.2527382 26.50 95096.60
1561652510.2816439 26.52 95096.39
1561652570.310549 26.58 95093.95
1561652630.3394547 26.53 95085.02
1561652690.36836 26.48 95089.27
1561652750.4128656 26.46 95086.01
1561652810.441771 26.50 95084.99
1561652870.4706762 26.54 95080.38
1561652930.4995818 26.54 95079.41
1561652990.5284872 26.59 95079.25
1561653050.5729928 26.57 95077.66
1561653110.601898 26.59 95075.19
1561653170.6308033 26.52 95070.82
1561653230.659709 26.47 95074.44
1561653290.6886144 26.53 95078.32
1561653350.73312 26.59 95075.73
1561653410.762025 26.57 95076.15
1561653470.7909307 26.54 95076.75
1561653530.8198361 26.58 95076.88
1561653590.8487415 26.56 95073.51
1561653650.893247 26.56 95072.68
1561653710.9221525 26.49 95076.41
1561653770.951058 26.43 95074.14
1561653830.9799633 26.51 95072.17
1561653891.008869 26.51 95067.84
1561653951.0533743 26.56 95066.14
1561654011.0822797 26.57 95065.82
1561654071.111185 26.62 95070.09
1561654131.1400907 26.56 95063.69
1561654191.168996 26.57 95063.14
1561654251.2135015 26.49 95060.16
1561654311.2424068 26.54 95058.63
1561654371.2713125 26.53 95053.71
1561654431.3002179 26.56 95059.50
1561654491.3291233 26.52 95060.12
1561654551.3736286 26.53 95058.76
1561654611.4025342 26.52 95061.03
1561654671.4314396 26.45 95057.39
1561654731.460345 26.51 95057.44
1561654791.4892504 26.56 95057.76
1561654851.533756 26.53 95057.39
1561654911.5626614 26.58 95052.37
1561654971.5915668 26.58 95053.88
1561655031.6204724 26.64 95053.72
1561655091.6493776 26.56 95050.61
1561655151.6938832 26.55 95051.94
1561655211.7227886 26.57 95047.78
1561655271.751694 26.67 95050.47
1561655331.7805994 26.65 95049.62
1561655391.8095047 26.65 95050.73
1561655451.8540103 26.67 95049.89
1561655511.8829155 26.61 95044.69
1561655571.9118214 26.62 95048.86
1561655631.9407265 26.58 95046.43
1561655691.969632 26.63 95047.63
1561655752.0141375 26.58 95042.74
1561655812.043043 26.62 95043.27
1561655872.0719483 26.64 95044.44
1561655932.1008537 26.60 95047.41
1561655992.1297593 26.65 95043.96
1561656052.1742647 26.69 95045.72
1561656112.20317 26.65 95045.96
1561656172.2320755 26.67 95043.10
1561656232.260981 26.66 95042.50
1561656292.2898865 26.67 95041.58
1561656352.3343918 26.66 95045.32
1561656412.3632972 26.67 95044.77
1561656472.3922029 26.69 95038.86
1561656532.4211082 26.64 95040.75
1561656592.4656138 26.62 95037.86
1561656652.494519 26.53 95038.17
1561656712.5234246 26.56 95038.64
1561656772.55233 26.53 95038.35
1561656832.5812354 26.46 95037.33
1561656892.6257408 26.44 95034.47
1561656952.6546462 26.50 95033.79
1561657012.6835518 26.57 95034.75
1561657072.7124572 26.59 95032.63
1561657132.7413626 26.62 95034.54
1561657192.785868 26.62 95034.00
1561657252.8147736 26.66 95037.21
1561657312.843679 26.61 95033.21
1561657372.8725843 26.67 95029.94
1561657432.90149 26.61 95031.42
1561657492.9459953 26.63 95030.58
1561657552.9749007 26.64 95028.74
1561657613.003806 26.63 95031.91
1561657673.0327117 26.61 95033.21
1561657733.061617 26.61 95032.31
1561657793.1061225 26.61 95030.70
1561657853.135028 26.63 95029.97
1561657913.1639335 26.65 95031.05
1561657973.192839 26.63 95033.22
1561658033.221744 26.62 95026.79
1561658093.2662497 26.68 95030.91
1561658153.2951553 26.64 95028.91
1561658213.3240607 26.65 95030.00
1561658273.3529658 26.62 95028.13
1561658333.3818715 26.70 95023.66
1561658393.426377 26.69 95024.75
1561658453.4552822 26.61 95023.66
1561658513.4841878 26.69 95026.79
1561658573.5130932 26.57 95029.11
1561658633.5419986 26.64 95030.32
1561658693.5865042 26.65 95025.75
1561658753.6154094 26.70 95021.99
1561658813.6443148 26.69 95025.28
1561658873.6732204 26.75 95022.46
1561658933.7021258 26.73 95022.39
1561658993.7466314 26.69 95022.53
1561659053.7755365 26.62 95023.60
1561659113.8044422 26.69 95022.71
1561659173.8333476 26.74 95017.97
1561659233.862253 26.75 95015.78
1561659293.9067583 26.75 95012.74
1561659353.935664 26.79 95017.34
1561659413.9645693 26.77 95017.96
1561659473.9934747 26.76 95016.38
1561659534.0379803 26.72 95015.75
1561659594.0668857 26.75 95013.64
1561659654.095791 26.78 95012.89
1561659714.1246965 26.78 95015.11
1561659774.1536021 26.66 95019.77
1561659834.1981075 26.66 95022.28
1561659894.2270129 26.69 95020.46
1561659954.2559183 26.73 95019.14
1561660014.284824 26.72 95012.03
1561660074.3137293 26.70 95020.07
1561660134.3582346 26.73 95013.16
1561660194.38714 26.70 95018.63
1561660254.4160457 26.68 95022.25
1561660314.444951 26.67 95020.28
1561660374.4738564 26.66 95021.67
1561660434.5183618 26.69 95015.83
1561660494.5472674 26.67 95020.16
1561660554.5761728 26.72 95019.48
1561660614.6050782 26.75 95015.99
1561660674.6339834 26.70 95020.82
1561660734.678489 26.66 95022.96
1561660794.7073946 26.64 95020.80
1561660854.7362998 26.57 95022.46
1561660914.7652056 26.63 95027.96
1561660974.7941108 26.68 95026.55
1561661034.8386164 26.66 95019.60
1561661094.8675218 26.73 95017.58
1561661154.8964272 26.73 95019.81
1561661214.9253325 26.67 95020.05
1561661274.954238 26.67 95020.78
1561661334.9987435 26.61 95018.73
1561661395.027649 26.59 95021.74
1561661455.0565546 26.65 95018.94
1561661515.0854597 26.65 95018.77
1561661575.1299653 26.70 95017.06
1561661635.1588707 26.73 95017.69
1561661695.187776 26.70 95019.67
1561661755.2166815 26.71 95022.21
1561661815.2455869 26.74 95021.16
1561661875.2900925 26.69 95020.35
1561661935.318998 26.68 95020.35
1561661995.3479033 26.66 95018.08
1561662055.3768086 26.65 95018.07
1561662115.4057143 26.67 95017.77
1561662175.4502199 26.61 95016.89
1561662235.479125 26.71 95017.02
1561662295.5080304 26.73 95018.30
1561662355.536936 26.71 95014.23
1561662415.5658414 26.65 95017.80
1561662475.610347 26.62 95015.60
1561662535.6392522 26.62 95018.45
1561662595.6681576 26.68 95019.17
1561662655.6970632 26.65 95018.10
1561662715.7259686 26.73 95017.99
1561662775.770474 26.79 95015.05
1561662835.7993793 26.76 95020.40
1561662895.828285 26.74 95018.82
1561662955.8571904 26.73 95022.22
1561663015.8860958 26.70 95023.16
1561663075.9306011 26.74 95024.82
1561663135.9595068 26.78 95021.04
1561663195.9884121 26.76 95024.88
1561663256.0173175 26.77 95028.20
1561663316.0462232 26.76 95023.14
1561663376.0907285 26.76 95026.88
1561663436.119634 26.68 95028.39
1561663496.1485393 26.64 95028.64
1561663556.177445 26.71 95025.74
1561663616.20635 26.74 95026.77
1561663676.2508557 26.79 95021.39
1561663736.279761 26.76 95029.02
1561663796.3086667 26.75 95028.69
1561663856.337572 26.74 95027.93
1561663916.3664773 26.80 95027.49
1561663976.4109828 26.74 95031.53
1561664036.4398885 26.73 95032.22
1561664096.4687939 26.75 95037.39
1561664156.4976993 26.74 95038.50
1561664216.5422046 26.71 95039.21
1561664276.5711102 26.73 95035.86
1561664336.6000156 26.72 95036.32
1561664396.628921 26.75 95037.85
1561664456.6578262 26.78 95036.24
1561664516.702332 26.74 95041.52
1561664576.7312374 26.72 95044.64
1561664636.7601426 26.76 95038.97
1561664696.7890484 26.74 95038.07
1561664756.8179536 26.75 95038.75
1561664816.8624592 26.78 95038.55
1561664876.8913646 26.69 95039.30
1561664936.9202697 26.62 95046.78
1561664996.9491754 26.67 95046.04
1561665056.9780807 26.68 95046.17
1561665117.0225863 26.73 95047.03
1561665177.0514915 26.70 95048.98
1561665237.0803971 26.68 95051.36
1561665297.1093025 26.66 95050.35
1561665357.138208 26.65 95048.64
1561665417.1827135 26.67 95050.81
1561665477.211619 26.67 95050.34
1561665537.2405243 26.69 95050.60
1561665597.2694297 26.77 95054.02
1561665657.2983353 26.70 95055.07
1561665717.3428407 26.67 95057.72
1561665777.371746 26.72 95060.57
1561665837.4006515 26.71 95062.07
1561665897.429557 26.70 95063.21
1561665957.4740624 26.77 95060.50
1561666017.5029678 26.79 95059.46
1561666077.5318732 26.76 95060.64
1561666137.5607789 26.75 95060.36
1561666197.5896842 26.71 95060.17
1561666257.6341896 26.70 95061.16
1561666317.663095 26.77 95060.42
1561666377.6920006 26.76 95064.28
1561666437.720906 26.78 95060.75
1561666497.7498114 26.79 95061.35
1561666557.7943168 26.74 95058.86
1561666617.8232222 26.74 95060.74
1561666677.8521278 26.82 95059.32
1561666737.8810332 26.73 95060.72
1561666797.9099386 26.74 95063.39
1561666857.954444 26.68 95062.73
1561666917.9833496 26.72 95063.02
1561666978.012255 26.69 95062.95
1561667038.0411603 26.75 95062.27
1561667098.070066 26.78 95063.81
1561667158.1145713 26.77 95062.50
1561667218.1434767 26.76 95063.94
1561667278.172382 26.69 95068.71
1561667338.2012877 26.69 95064.22
1561667398.230193 26.74 95066.44
1561667458.2746985 26.75 95063.85
1561667518.303604 26.76 95068.77
1561667578.3325093 26.77 95069.66
1561667638.361415 26.75 95068.41
1561667698.39032 26.71 95071.85
1561667758.4348257 26.71 95073.19
1561667818.4637313 26.66 95073.92
1561667878.4926364 26.69 95074.35
1561667938.5215418 26.77 95072.24
1561667998.5660474 26.78 95076.11
1561668058.594953 26.70 95074.74
1561668118.6238582 26.60 95079.37
1561668178.6527636 26.65 95080.52
1561668238.6816692 26.67 95080.14
1561668298.7261748 26.67 95077.90
1561668358.7550802 26.67 95078.00
1561668418.7839854 26.66 95081.30
1561668478.8128908 26.65 95083.49
1561668538.8417964 26.65 95083.77
1561668598.8863018 26.69 95084.52
1561668658.9152074 26.62 95082.82
1561668718.9441125 26.75 95084.53
1561668778.9730182 26.77 95086.89
1561668839.0019236 26.80 95084.33
1561668899.046429 26.73 95084.94
1561668959.0753343 26.75 95085.58
1561669019.10424 26.72 95086.02
1561669079.1331453 26.68 95087.58
1561669139.1620507 26.68 95091.44
1561669199.206556 26.70 95093.08
1561669259.2354617 26.68 95094.35
1561669319.264367 26.71 95093.49
1561669379.2932725 26.63 95093.68
1561669439.3221781 26.67 95093.56
1561669499.3666835 26.64 95094.30
1561669559.3955889 26.63 95096.32
1561669619.4244943 26.62 95092.28
1561669679.4534 26.63 95094.25
1561669739.4979053 26.67 95098.30
1561669799.5268106 26.72 95098.70
1561669859.555716 26.69 95098.27
1561669919.5846217 26.70 95098.42
1561669979.6135268 26.75 95099.16
1561670039.6580324 26.74 95101.32
1561670099.6869378 26.72 95100.32
1561670159.7158434 26.76 95102.20
1561670219.7447488 26.61 95101.72
1561670279.7736542 26.58 95101.83
1561670339.8181596 26.61 95105.75
1561670399.847065 26.55 95106.92
1561670459.8759706 26.58 95106.78
1561670519.9048758 26.58 95108.57
1561670579.9337814 26.62 95105.60
1561670639.9782867 26.63 95106.10
1561670700.0071924 26.63 95111.28
1561670760.0360978 26.59 95106.03
1561670820.065003 26.57 95110.49
1561670880.0939085 26.54 95112.84
1561670940.1384141 26.51 95114.75
1561671000.1673195 26.52 95111.75
1561671060.196225 26.49 95115.65
1561671120.2251303 26.46 95115.17
1561671180.269636 26.51 95115.28
1561671240.2985413 26.49 95116.65
1561671300.3274467 26.46 95118.97
1561671360.356352 26.58 95115.58
1561671420.3852575 26.66 95118.09
1561671480.429763 26.61 95119.33
1561671540.4586682 26.60 95117.36
1561671600.487574 26.50 95118.61
1561671660.5164793 26.47 95122.00
1561671720.5453846 26.50 95119.06
1561671780.5898902 26.46 95118.13
1561671840.6187956 26.55 95120.91
1561671900.647701 26.60 95122.19
1561671960.6766064 26.65 95117.80
1561672020.705512 26.62 95121.13
1561672080.7500172 26.61 95122.14
1561672140.7789228 26.60 95116.55
1561672200.8078282 26.58 95118.19
1561672260.8367336 26.48 95119.48
1561672320.8656392 26.46 95123.39
1561672380.9101446 26.46 95117.46
1561672440.93905 26.50 95119.63
1561672500.9679554 26.42 95120.65
1561672560.996861 26.42 95123.57
1561672621.0257664 26.42 95125.75
1561672681.0702717 26.48 95125.47
1561672741.0991771 26.47 95126.80
1561672801.1280828 26.44 95127.23
1561672861.1569881 26.46 95129.76
1561672921.1858933 26.42 95132.66
1561672981.230399 26.47 95125.63
1561673041.2593045 26.46 95131.14
1561673101.28821 26.44 95126.83
1561673161.3171153 26.41 95127.13
1561673221.3616207 26.46 95128.02
1561673281.3905263 26.50 95128.67
1561673341.4194317 26.45 95128.96
1561673401.448337 26.44 95131.07
1561673461.4772427 26.44 95131.58
1561673521.521748 26.49 95132.48
1561673581.5506535 26.45 95132.14
1561673641.5795588 26.51 95136.24
1561673701.6084645 26.54 95131.41
1561673761.6373696 26.62 95136.48
1561673821.6818752 26.53 95135.69
1561673881.7107806 26.43 95134.69
1561673941.7396863 26.42 95131.82
1561674001.7685916 26.49 95130.39
1561674061.7974968 26.41 95132.27
1561674121.8420024 26.37 95131.57
1561674181.870908 26.36 95131.48
1561674241.8998134 26.40 95130.42
1561674301.9287186 26.41 95134.28
1561674361.9732242 26.47 95130.76
1561674422.0021296 26.51 95128.90
1561674482.031035 26.53 95129.17
1561674542.0599406 26.51 95130.64
1561674602.0888457 26.46 95126.07
1561674662.1177514 26.39 95129.57
1561674722.162257 26.34 95128.89
1561674782.191162 26.42 95130.99
1561674842.2200675 26.48 95132.32
1561674902.2489731 26.46 95134.16
1561674962.2778785 26.46 95130.60
1561675022.3223839 26.38 95134.14
1561675082.3512893 26.33 95136.41
1561675142.380195 26.34 95137.77
1561675202.4091003 26.42 95139.03
1561675262.4380057 26.46 95137.67
1561675322.482511 26.47 95142.50
1561675382.5114167 26.51 95141.47
1561675442.540322 26.44 95143.30
1561675502.5692275 26.42 95142.78
1561675562.598133 26.50 95146.22
1561675622.6426384 26.46 95143.11
1561675682.6715438 26.46 95147.13
1561675742.7004492 26.47 95146.91
1561675802.7293549 26.43 95147.39
1561675862.7582603 26.43 95148.10
1561675922.8027656 26.43 95153.29
1561675982.831671 26.47 95154.63
1561676042.8605766 26.45 95154.88
1561676102.889482 26.45 95155.55
1561676162.9183874 26.38 95154.82
1561676222.9628928 26.36 95156.46
1561676282.9917982 26.36 95155.17
1561676343.0207038 26.35 95158.95
1561676403.0496092 26.34 95158.68
1561676463.0941145 26.35 95161.42
1561676523.12302 26.34 95161.90
1561676583.1519256 26.39 95159.91
1561676643.180831 26.39 95158.60
1561676703.209736 26.45 95159.61
1561676763.2542417 26.39 95159.67
1561676823.2831473 26.45 95158.64
1561676883.3120527 26.41 95161.77
1561676943.340958 26.34 95162.71
1561677003.3698635 26.40 95162.38
1561677063.414369 26.31 95167.73
1561677123.4432745 26.34 95165.42
1561677183.47218 26.38 95165.19
1561677243.5010853 26.43 95165.83
1561677303.5299907 26.46 95171.44
1561677363.5744963 26.54 95170.51
1561677423.6034017 26.51 95169.91
1561677483.6323073 26.46 95173.85
1561677543.6612124 26.50 95171.89
1561677603.6901178 26.46 95176.57
1561677663.7346234 26.46 95174.28
1561677723.7635286 26.40 95174.17
1561677783.7924342 26.39 95175.00
1561677843.8213396 26.47 95175.25
1561677903.8502452 26.45 95176.94
1561677963.8947508 26.55 95176.39
1561678023.923656 26.48 95180.67
1561678083.9525614 26.42 95176.54
1561678143.9814668 26.44 95174.48
1561678204.0103724 26.43 95177.07
1561678264.0548778 26.42 95176.87
1561678324.0837831 26.42 95177.38
1561678384.1126885 26.42 95174.29
1561678444.1415942 26.46 95174.95
1561678504.1704996 26.48 95175.71
1561678564.215005 26.51 95176.58
1561678624.2439103 26.43 95175.25
1561678684.272816 26.44 95175.55
1561678744.3017213 26.48 95178.09
1561678804.3462267 26.52 95177.21
1561678864.375132 26.50 95178.19
1561678924.4040377 26.51 95180.60
1561678984.432943 26.52 95176.53
1561679044.4774485 26.47 95180.74
1561679104.490754 26.41 95182.11
1561679164.5352595 26.41 95183.46
1561679224.5641649 26.45 95181.07
1561679284.5930703 26.44 95186.28
1561679344.621976 26.38 95189.66
1561679404.6664813 26.46 95188.87
1561679464.6953866 26.48 95187.64
1561679524.724292 26.51 95188.19
1561679584.7531977 26.52 95190.61
1561679644.7821028 26.40 95196.67
1561679704.8266084 26.46 95191.89
1561679764.8555138 26.41 95194.08
1561679824.8844194 26.41 95199.78
1561679884.9133248 26.54 95194.61
1561679944.9578302 26.52 95196.55
1561680004.9867356 26.51 95198.77
