1560902480.0290854 25.40 95185.38
1560902540.0735908 25.37 95185.57
1560902600.1024961 25.38 95184.75
1560902660.1314018 25.40 95187.21
1560902720.1603072 25.47 95188.78
1560902780.1892126 25.45 95186.11
1560902840.218118 25.43 95189.10
1560902900.2470233 25.39 95189.80
1560902960.291529 25.37 95187.17
1560903020.320434 25.38 95188.74
1560903080.34934 25.46 95187.52
1560903140.378245 25.40 95189.33
1560903200.4071505 25.42 95190.05
1560903260.4360561 25.42 95188.91
1560903320.4805615 25.38 95189.57
1560903380.509467 25.39 95189.93
1560903440.5383723 25.38 95190.71
1560903500.567278 25.44 95189.84
1560903560.5961833 25.38 95188.86
1560903620.6250887 25.41 95185.74
1560903680.669594 25.33 95188.93
1560903740.6984997 25.33 95186.86
1560903800.727405 25.32 95191.71
1560903860.7563105 25.32 95195.23
1560903920.785216 25.33 95192.24
1560903980.8141215 25.38 95196.00
1560904040.8586268 25.36 95195.24
1560904100.8875322 25.48 95194.30
1560904160.9164379 25.44 95199.38
1560904220.945343 25.45 95199.13
1560904280.9742486 25.45 95201.78
1560904341.0031538 25.38 95199.95
1560904401.0320594 25.43 95205.51
1560904461.076565 25.40 95210.48
1560904521.1054702 25.41 95208.53
1560904581.1343756 25.44 95207.14
1560904641.1632812 25.42 95209.16
1560904701.1921866 25.40 95208.14
1560904761.221092 25.42 95206.15
1560904821.2655973 25.43 95209.12
1560904881.294503 25.37 95208.49
1560904941.3234084 25.40 95207.97
1560905001.3523138 25.43 95209.19
1560905061.3812194 25.39 95214.36
1560905121.4101248 25.37 95213.04
1560905181.4546301 25.38 95209.52
1560905241.4835355 25.44 95210.89
1560905301.5124412 25.45 95204.99
1560905361.5413465 25.45 95204.46
1560905421.5702517 25.42 95201.13
1560905481.5991576 25.35 95198.06
1560905541.6280627 25.38 95199.44
1560905601.6725683 25.40 95199.43
1560905661.7014737 25.38 95199.58
1560905721.730379 25.38 95201.32
1560905781.7592845 25.47 95197.92
1560905841.78819 25.41 95202.00
1560905901.8170955 25.38 95204.80
1560905961.861601 25.41 95203.35
1560906021.8905063 25.39 95208.91
1560906081.9194117 25.42 95209.13
1560906141.9483173 25.38 95215.47
1560906201.9772227 25.38 95209.02
1560906262.006128 25.40 95208.64
1560906322.0350337 25.42 95209.57
1560906382.0639389 25.39 95209.78
1560906442.1084445 25.37 95207.02
1560906502.1373498 25.45 95204.32
1560906562.1662555 25.44 95209.72
1560906622.1951606 25.41 95207.60
1560906682.224066 25.46 95209.74
1560906742.2529714 25.45 95213.50
1560906802.297477 25.46 95212.28
1560906862.3263826 25.46 95212.42
1560906922.3552878 25.43 95215.14
1560906982.3841932 25.44 95214.10
1560907042.4130988 25.43 95212.53
1560907102.4420042 25.43 95209.69
1560907162.4865098 25.41 95205.32
1560907222.515415 25.43 95201.59
1560907282.5443206 25.44 95206.37
1560907342.573226 25.45 95202.35
1560907402.6021314 25.42 95203.81
1560907462.631037 25.42 95203.57
1560907522.6599424 25.46 95202.08
1560907582.7044477 25.41 95199.63
1560907642.7333531 25.41 95202.17
1560907702.7622588 25.40 95198.36
1560907762.7911642 25.44 95196.66
1560907822.8200693 25.39 95194.72
1560907882.848975 25.40 95193.58
1560907942.8934805 25.38 95193.96
1560908002.922386 25.41 95195.04
1560908062.9512913 25.34 95196.49
1560908122.9801967 25.35 95194.44
1560908183.009102 25.32 95197.57
1560908243.0380075 25.30 95197.17
1560908303.0825129 25.36 95198.52
1560908363.1114187 25.38 95195.83
1560908423.1403239 25.46 95198.53
1560908483.1692293 25.40 95196.92
1560908543.198135 25.42 95198.55
1560908603.2270403 25.39 95197.24
1560908663.2715456 25.31 95194.00
1560908723.300451 25.35 95199.57
1560908783.3293564 25.39 95199.74
1560908843.358262 25.39 95200.88
1560908903.3871675 25.42 95204.08
1560908963.4160726 25.36 95205.65
1560909023.4449782 25.39 95201.75
1560909083.4894838 25.36 95203.17
1560909143.5183892 25.37 95201.22
1560909203.5472946 25.37 95201.73
1560909263.5762 25.34 95203.85
1560909323.6051054 25.32 95203.66
1560909383.6340108 25.40 95203.18
1560909443.6785164 25.38 95204.77
1560909503.7074218 25.37 95205.17
1560909563.7363272 25.32 95206.88
1560909623.7652326 25.37 95208.08
1560909683.7941382 25.38 95209.35
1560909743.8230436 25.39 95211.06
1560909803.867549 25.37 95215.28
1560909863.8964543 25.46 95215.86
1560909923.92536 25.39 95216.61
1560909983.9542654 25.38 95212.36
1560910043.9831707 25.41 95210.21
1560910104.0120764 25.39 95208.67
1560910164.0409815 25.44 95212.33
1560910224.0854871 25.41 95210.88
1560910284.1143925 25.38 95213.53
1560910344.1432981 25.37 95211.83
1560910404.1722035 25.40 95210.32
1560910464.2011087 25.43 95210.30
1560910524.2300143 25.42 95213.01
1560910584.27452 25.40 95209.88
1560910644.3034253 25.39 95209.01
1560910704.3323305 25.38 95210.06
1560910764.3612359 25.40 95209.14
1560910824.3901415 25.38 95208.05
1560910884.4190469 25.39 95207.71
1560910944.4635525 25.43 95207.89
1560911004.4924576 25.38 95205.00
1560911064.5213633 25.36 95202.27
1560911124.5502687 25.38 95204.00
1560911184.579174 25.38 95199.85
1560911244.6080797 25.38 95200.68
1560911304.636985 25.36 95204.04
1560911364.6814904 25.33 95203.39
1560911424.7103958 25.34 95207.03
1560911484.7393014 25.34 95205.59
1560911544.7682066 25.34 95210.55
1560911604.7971122 25.31 95216.15
1560911664.8260176 25.36 95219.07
1560911724.8705232 25.39 95219.32
1560911784.8994286 25.48 95216.57
1560911844.9283338 25.43 95222.61
1560911904.9572394 25.44 95218.63
1560911964.9861448 25.41 95219.41
1560912025.0150502 25.42 95212.81
1560912085.0595555 25.46 95216.44
1560912145.0884614 25.45 95215.07
1560912205.1173666 25.39 95214.86
1560912265.146272 25.46 95212.79
1560912325.1751776 25.39 95211.72
1560912385.204083 25.37 95212.33
1560912445.2329884 25.40 95213.06
1560912505.2774937 25.38 95213.50
1560912565.3063993 25.37 95209.59
1560912625.3353047 25.39 95206.60
1560912685.3642101 25.37 95208.08
1560912745.3931153 25.37 95208.58
1560912805.4220212 25.41 95210.34
1560912865.4665265 25.44 95211.60
1560912925.495432 25.40 95214.60
1560912985.5243373 25.32 95211.09
1560913045.5532427 25.34 95212.82
1560913105.582148 25.37 95209.09
1560913165.6110535 25.33 95209.61
1560913225.655559 25.28 95204.05
1560913285.6844645 25.30 95206.75
1560913345.7133698 25.36 95207.35
1560913405.7422752 25.41 95207.19
1560913465.7711809 25.38 95209.28
1560913525.8000863 25.36 95208.69
1560913585.8289917 25.41 95209.87
1560913645.873497 25.43 95211.63
1560913705.9024026 25.40 95209.91
1560913765.931308 25.38 95208.88
1560913825.9602134 25.32 95211.39
1560913885.989119 25.32 95211.73
1560913946.0180242 25.36 95211.47
1560914006.0625298 25.38 95211.57
1560914066.0914352 25.37 95212.77
1560914126.1203406 25.38 95212.83
1560914186.1492462 25.43 95214.21
1560914246.1781514 25.42 95216.46
1560914306.207057 25.38 95209.82
1560914366.2515626 25.35 95211.35
1560914426.280468 25.34 95211.78
1560914486.3093731 25.33 95214.36
1560914546.3382788 25.34 95213.06
1560914606.3671842 25.43 95209.85
1560914666.3960896 25.40 95209.88
1560914726.4405951 25.37 95206.52
1560914786.4695003 25.36 95204.38
1560914846.498406 25.34 95198.16
1560914906.5273113 25.31 95199.92
1560914966.5562167 25.27 95198.64
1560915026.5851223 25.34 95198.16
1560915086.6140277 25.37 95200.89
1560915146.658533 25.33 95197.19
1560915206.6874385 25.35 95199.42
1560915266.716344 25.31 95197.75
1560915326.7452493 25.31 95196.51
1560915386.774155 25.31 95196.44
1560915446.8030603 25.33 95192.51
1560915506.847566 25.34 95193.75
1560915566.8764713 25.29 95188.72
1560915626.9053764 25.28 95187.92
1560915686.934282 25.29 95187.01
1560915746.9631875 25.41 95185.84
1560915806.9920928 25.40 95187.55
1560915867.0209985 25.44 95184.78
1560915927.0655038 25.40 95188.96
1560915987.0944092 25.40 95186.64
1560916047.1233146 25.41 95185.10
1560916107.1522202 25.43 95181.61
1560916167.1811256 25.39 95177.89
1560916227.210031 25.31 95180.58
1560916287.2545364 25.30 95177.94
1560916347.2678418 25.30 95178.58
1560916407.3123474 25.29 95176.21
1560916467.3412528 25.28 95175.85
1560916527.3701582 25.34 95174.64
1560916587.3990638 25.38 95174.71
1560916647.427969 25.38 95170.19
1560916707.4568746 25.39 95170.02
1560916767.5013802 25.41 95167.53
1560916827.5302854 25.42 95165.58
1560916887.5591908 25.33 95164.94
1560916947.5880961 25.34 95163.46
1560917007.6170018 25.37 95160.39
1560917067.6459072 25.38 95158.17
1560917127.6904125 25.44 95161.89
1560917187.719318 25.43 95161.59
1560917247.7482235 25.40 95164.56
1560917307.777129 25.37 95165.85
1560917367.8060343 25.38 95160.92
1560917427.83494 25.39 95157.24
1560917487.863845 25.32 95158.64
1560917547.9083507 25.40 95146.45
1560917607.937256 25.45 95149.86
1560917667.9661617 25.34 95150.41
1560917727.995067 25.29 95154.92
1560917788.0239723 25.29 95154.78
1560917848.052878 25.33 95155.24
1560917908.0973835 25.31 95152.64
1560917968.126289 25.36 95152.00
1560918028.155194 25.37 95155.47
1560918088.1840997 25.33 95151.39
1560918148.213005 25.38 95149.21
1560918208.2419105 25.33 95145.32
1560918268.270816 25.28 95149.50
1560918328.3153214 25.26 95152.60
1560918388.3442268 25.25 95152.14
1560918448.3731322 25.28 95154.69
1560918508.4020379 25.26 95158.22
1560918568.4309433 25.25 95154.78
1560918628.4598486 25.32 95153.06
1560918688.504354 25.32 95151.68
1560918748.5332596 25.32 95152.46
1560918808.562165 25.34 95152.64
1560918868.5910704 25.33 95154.63
1560918928.6199756 25.27 95156.51
1560918988.6488812 25.26 95156.05
1560919048.6933868 25.32 95155.91
1560919108.7222922 25.29 95155.60
1560919168.7511978 25.30 95154.38
1560919228.780103 25.34 95150.47
1560919288.8090084 25.35 95150.10
1560919348.8379138 25.38 95142.35
1560919408.8668194 25.31 95144.07
1560919468.9113247 25.30 95142.17
1560919528.9402301 25.25 95142.50
1560919588.9691355 25.25 95141.16
1560919648.9980412 25.28 95146.16
1560919709.0269465 25.32 95143.42
1560919769.0558517 25.34 95141.94
1560919829.1003573 25.33 95143.92
1560919889.129263 25.34 95146.28
1560919949.1581683 25.32 95143.63
1560920009.1870737 25.32 95141.25
1560920069.215979 25.31 95136.24
1560920129.2448845 25.32 95135.46
1560920189.27379 25.32 95134.99
1560920249.3182955 25.34 95133.17
1560920309.347201 25.27 95141.35
1560920369.3761063 25.30 95139.16
1560920429.4050117 25.33 95144.75
1560920489.4339173 25.37 95140.55
1560920549.4628227 25.47 95141.48
1560920609.491728 25.45 95138.88
1560920669.5362334 25.45 95141.26
1560920729.565139 25.39 95142.94
1560920789.5940444 25.36 95141.19
1560920849.6229498 25.38 95147.63
1560920909.6518555 25.33 95151.35
1560920969.6807606 25.30 95155.35
1560921029.7252662 25.29 95156.72
1560921089.7541716 25.30 95155.39
1560921149.783077 25.28 95157.54
1560921209.8119826 25.24 95150.77
1560921269.8408878 25.26 95148.41
1560921329.8697932 25.31 95150.39
1560921389.9142988 25.26 95151.03
1560921449.9432044 25.33 95144.69
1560921509.9721098 25.36 95144.71
1560921570.001015 25.40 95136.24
1560921630.0299206 25.33 95135.17
1560921690.058826 25.26 95133.49
1560921750.1033316 25.28 95125.82
1560921810.1322367 25.29 95127.05
1560921870.1611423 25.29 95126.44
1560921930.1900477 25.34 95130.66
1560921990.2189531 25.34 95127.38
1560922050.2478588 25.29 95131.96
1560922110.2767642 25.32 95138.50
1560922170.3212695 25.31 95135.50
1560922230.350175 25.31 95140.38
1560922290.3790805 25.27 95142.69
1560922350.407986 25.20 95137.74
1560922410.4368913 25.19 95131.76
1560922470.4657967 25.23 95138.12
1560922530.5103023 25.23 95133.14
1560922590.5392077 25.21 95136.67
1560922650.568113 25.23 95137.16
1560922710.5970187 25.25 95139.22
1560922770.6259239 25.22 95135.82
1560922830.6548293 25.21 95139.82
1560922890.683735 25.20 95135.07
1560922950.7282405 25.15 95135.26
1560923010.7571456 25.27 95134.66
1560923070.786051 25.26 95135.30
1560923130.8149564 25.27 95131.58
1560923190.843862 25.29 95129.66
1560923250.8727674 25.19 95129.35
1560923310.9172728 25.22 95129.00
1560923370.9461782 25.20 95129.64
1560923430.9750838 25.16 95128.63
1560923491.0039892 25.16 95132.08
1560923551.0328946 25.11 95135.58
1560923611.0618002 25.13 95130.49
1560923671.0907054 25.18 95133.50
1560923731.135211 25.22 95130.83
1560923791.1641164 25.27 95122.94
1560923851.1930218 25.21 95122.51
1560923911.2219274 25.15 95123.08
1560923971.2508326 25.12 95120.42
1560924031.2797382 25.12 95123.34
1560924091.3086436 25.13 95122.52
1560924151.353149 25.13 95124.39
1560924211.3820543 25.07 95124.97
1560924271.41096 25.09 95123.62
1560924331.4398654 25.14 95126.00
1560924391.4687707 25.09 95124.83
1560924451.4976764 25.10 95128.27
1560924511.5265818 25.18 95121.73
1560924571.5710871 25.21 95122.01
1560924631.5999925 25.18 95119.62
1560924691.6288981 25.18 95124.88
1560924751.6578035 25.16 95123.11
1560924811.686709 25.09 95124.49
1560924871.7156143 25.12 95122.33
1560924931.76012 25.20 95118.71
1560924991.7890253 25.21 95119.77
1560925051.8179305 25.17 95122.57
1560925111.8468363 25.14 95122.08
1560925171.8757415 25.15 95124.06
1560925231.9046469 25.10 95123.58
1560925291.9335523 25.03 95127.36
1560925351.962458 25.05 95124.11
1560925412.0069633 25.06 95122.40
1560925472.0358686 25.06 95121.39
1560925532.064774 25.07 95124.03
1560925592.0936797 25.10 95123.68
1560925652.122585 25.10 95120.33
1560925712.1514902 25.08 95123.03
1560925772.1803958 25.08 95117.14
1560925832.2093012 25.09 95119.27
1560925892.2538068 25.07 95115.24
1560925952.2827122 25.04 95113.71
1560926012.3116176 25.12 95113.67
1560926072.340523 25.06 95115.58
1560926132.3694284 25.05 95117.80
1560926192.398334 25.09 95120.32
1560926252.4272394 25.00 95122.53
1560926312.4717448 25.05 95126.05
1560926372.5006502 25.04 95126.05
1560926432.5295558 25.07 95125.97
1560926492.5584612 25.00 95122.80
1560926552.5873666 25.10 95128.77
1560926612.616272 25.10 95124.85
1560926672.6451776 25.10 95122.67
1560926732.689683 25.08 95120.52
1560926792.7185884 25.05 95116.99
1560926852.747494 25.07 95119.28
1560926912.7763991 25.07 95120.28
1560926972.8053045 25.06 95123.17
1560927032.8342102 25.08 95124.92
1560927092.8787158 25.09 95123.82
1560927152.9076211 25.06 95121.57
1560927212.9365263 25.07 95118.08
1560927272.9654317 25.02 95119.58
1560927332.9943373 24.98 95115.92
1560927393.0232427 25.01 95115.03
1560927453.0521483 24.96 95116.87
1560927513.0966535 24.95 95119.82
1560927573.125559 25.00 95121.74
1560927633.1544645 25.02 95116.60
1560927693.1833699 25.03 95111.98
1560927753.2122755 25.02 95114.63
1560927813.2411807 25.02 95108.78
1560927873.270086 24.94 95110.26
1560927933.3145916 24.96 95115.33
1560927993.3434973 24.97 95115.57
1560928053.3724027 24.99 95116.05
1560928113.4013078 24.92 95116.36
1560928173.4302135 24.92 95115.82
1560928233.4591188 24.95 95118.48
1560928293.4880242 24.94 95120.69
1560928353.5325298 24.99 95121.84
1560928413.5614352 24.98 95118.83
1560928473.5903406 24.99 95118.72
1560928533.619246 25.01 95115.07
1560928593.6481516 25.02 95111.52
1560928653.677057 24.99 95110.67
1560928713.7059624 25.07 95109.92
1560928773.7504678 25.06 95109.89
1560928833.7793734 25.07 95112.56
1560928893.8082788 25.13 95109.91
1560928953.8371842 25.06 95110.89
1560929013.8660896 25.00 95114.28
1560929073.894995 24.95 95110.22
1560929133.9239004 25.02 95111.52
1560929193.952806 25.04 95108.83
1560929253.9973116 25.07 95107.58
1560929314.0262167 25.03 95111.02
1560929374.0551221 25.01 95114.91
1560929434.0840278 25.06 95117.08
1560929494.1129332 24.98 95119.87
1560929554.1418386 24.89 95123.69
1560929614.1707442 24.93 95125.14
1560929674.2152493 24.97 95121.75
1560929734.244155 24.99 95123.71
1560929794.2730603 25.04 95120.40
1560929854.3019657 24.94 95127.65
1560929914.3308713 25.00 95129.60
1560929974.3597765 25.00 95129.66
1560930034.388682 24.99 95132.10
1560930094.4331875 25.03 95128.91
1560930154.4620929 25.01 95131.74
1560930214.4909983 24.94 95134.14
1560930274.5199037 24.91 95136.36
1560930334.5488093 24.95 95142.57
1560930394.5777147 24.98 95142.91
1560930454.60662 25.05 95144.56
1560930514.6511254 25.10 95147.27
1560930574.680031 25.03 95145.10
1560930634.7089365 25.00 95145.99
1560930694.7378418 24.97 95148.77
1560930754.7667475 25.01 95143.94
1560930814.7956529 25.03 95142.02
1560930874.824558 25.01 95141.63
1560930934.8690636 25.00 95139.36
1560930994.8979692 25.03 95141.69
1560931054.9268746 25.04 95141.11
1560931114.95578 25.03 95147.03
1560931174.9846854 24.99 95146.46
1560931235.0135908 25.01 95149.42
1560931295.0424962 24.96 95151.25
1560931355.0870016 25.02 95146.64
1560931415.115907 25.00 95142.37
1560931475.1448126 24.95 95141.63
1560931535.173718 24.94 95148.63
1560931595.2026236 24.90 95144.32
1560931655.231529 24.94 95149.72
1560931715.2604342 24.94 95152.14
1560931775.3049397 24.90 95158.85
1560931835.3338451 24.96 95157.81
1560931895.3627508 25.00 95155.14
1560931955.3916562 24.89 95158.28
1560932015.4205613 24.88 95156.94
1560932075.449467 24.88 95157.35
1560932135.4783723 24.98 95158.07
1560932195.522878 25.03 95154.16
1560932255.5517833 24.95 95158.02
1560932315.5806887 24.89 95156.24
1560932375.609594 24.88 95154.27
1560932435.6384995 24.88 95160.62
1560932495.6674051 24.91 95159.44
1560932555.6963105 24.93 95160.30
1560932615.7408159 24.89 95162.25
1560932675.7541215 24.89 95167.04
1560932735.798627 24.96 95169.55
1560932795.8275323 24.94 95167.52
1560932855.8564377 25.00 95169.86
1560932915.885343 24.96 95170.69
1560932975.9142487 25.03 95175.14
1560933035.9431539 25.09 95177.92
1560933095.9720595 25.11 95173.83
1560933156.016565 25.10 95170.69
1560933216.0454702 25.05 95166.03
1560933276.0743756 25.02 95161.57
1560933336.1032813 24.92 95161.03
1560933396.1321867 24.93 95165.55
1560933456.161092 24.92 95171.50
1560933516.1899977 24.91 95174.49
1560933576.234503 24.94 95178.22
1560933636.2634084 25.00 95178.77
1560933696.2923138 25.03 95174.30
1560933756.3212194 24.94 95168.12
1560933816.3501248 24.95 95163.63
1560933876.37903 24.95 95162.63
1560933936.4079354 24.97 95163.72
1560933996.436841 24.98 95167.64
1560934056.4813466 24.97 95168.85
1560934116.5102518 24.93 95167.42
1560934176.5391572 24.83 95174.19
1560934236.5680628 24.90 95176.27
1560934296.5969682 24.95 95179.86
1560934356.6258736 24.95 95177.17
1560934416.6547792 24.91 95175.83
1560934476.6992846 24.96 95176.64
1560934536.72819 24.97 95175.10
1560934596.7570953 24.98 95177.70
1560934656.786001 25.01 95181.64
1560934716.8149064 24.95 95182.03
1560934776.8438115 24.90 95184.39
1560934836.8727174 24.87 95181.27
1560934896.9172227 24.98 95184.56
1560934956.9461281 24.95 95187.01
1560935016.9750335 24.97 95189.32
1560935077.003939 24.92 95191.47
1560935137.0328443 24.96 95190.46
1560935197.0617497 24.99 95193.92
1560935257.0906553 24.96 95200.42
1560935317.1351607 24.99 95199.44
1560935377.164066 25.01 95200.00
1560935437.1929715 24.90 95193.49
1560935497.221877 24.87 95195.44
1560935557.2507825 24.90 95193.69
1560935617.279688 24.89 95192.86
1560935677.3085935 24.89 95196.60
1560935737.3374987 24.92 95193.48
1560935797.3820043 24.96 95190.75
1560935857.4109097 24.98 95193.78
1560935917.4398153 24.94 95193.94
1560935977.4687204 24.95 95190.33
1560936037.4976258 24.94 95187.08
1560936097.5265312 24.92 95189.10
1560936157.5554368 24.90 95182.22
1560936217.5999424 24.89 95183.32
1560936277.6288476 24.92 95183.14
1560936337.657753 24.88 95181.75
1560936397.6866586 24.92 95186.06
1560936457.715564 24.84 95182.51
1560936517.7444694 24.86 95181.27
1560936577.773375 24.86 95179.82
1560936637.8178804 24.92 95180.74
1560936697.8467858 24.93 95182.31
1560936757.8756912 24.92 95179.87
1560936817.9045968 24.91 95178.50
1560936877.9335022 24.93 95173.98
1560936937.9624074 24.88 95179.85
1560936997.991313 24.94 95181.57
1560937058.0358186 24.89 95182.05
1560937118.064724 24.94 95183.74
1560937178.0936291 24.88 95188.05
1560937238.1225348 24.90 95189.31
1560937298.1514401 25.00 95191.03
1560937358.1803455 24.96 95191.79
1560937418.2092512 24.93 95191.21
1560937478.2381566 24.99 95203.46
1560937538.282662 24.93 95206.12
1560937598.3115673 24.94 95208.16
1560937658.340473 25.02 95209.10
1560937718.3693783 24.90 95204.86
1560937778.3982837 24.89 95206.33
1560937838.4271889 24.89 95206.27
1560937898.4560947 24.88 95210.05
1560937958.5006 24.93 95212.54
1560938018.5295053 24.97 95214.74
1560938078.5584111 24.98 95216.50
1560938138.5873163 24.91 95223.22
1560938198.6162217 24.97 95224.17
1560938258.645127 24.94 95219.69
1560938318.6740327 24.99 95221.92
1560938378.718538 24.98 95220.11
1560938438.7474434 24.93 95224.12
1560938498.7763488 24.98 95232.19
1560938558.8052545 24.94 95232.91
1560938618.8341599 24.93 95232.64
1560938678.8630652 24.86 95228.75
1560938738.8919709 24.81 95224.36
1560938798.920876 24.86 95219.83
1560938858.9653816 24.83 95220.71
1560938918.994287 24.90 95227.10
1560938979.0231926 24.91 95228.41
1560939039.0520978 24.89 95228.67
1560939099.0810032 24.92 95227.39
1560939159.1099088 24.99 95231.99
1560939219.1388142 24.96 95232.33
1560939279.1833198 24.92 95229.71
1560939339.212225 24.90 95230.21
1560939399.2411306 24.96 95233.57
1560939459.270036 24.90 95242.86
1560939519.2989414 24.91 95247.00
1560939579.327847 24.89 95249.61
1560939639.3567524 24.95 95249.92
1560939699.3856575 24.93 95241.74
1560939759.4145634 24.93 95241.74
1560939819.4590688 24.99 95241.35
1560939879.487974 24.97 95244.07
1560939939.5168796 24.96 95246.42
1560939999.545785 24.92 95243.49
1560940059.5746903 24.89 95244.30
1560940119.6035957 24.88 95247.98
1560940179.6325014 24.86 95250.89
1560940239.6770065 24.87 95251.46
1560940299.705912 24.88 95257.94
1560940359.7348175 24.96 95261.10
1560940419.763723 24.99 95262.39
1560940479.7926285 24.99 95262.16
1560940539.821534 24.96 95259.96
1560940599.8504393 24.97 95255.64
1560940659.8793447 24.93 95256.59
1560940719.9238503 24.94 95258.10
1560940779.9527557 24.94 95257.06
1560940839.981661 24.93 95258.26
1560940900.0105665 25.00 95259.61
1560940960.0394719 24.97 95265.25
1560941020.0683773 24.94 95273.38
1560941080.097283 24.95 95275.11
1560941140.1417885 24.98 95274.88
1560941200.1706936 24.94 95271.44
1560941260.199599 24.97 95268.25
1560941320.2285047 24.97 95266.08
1560941380.25741 24.93 95271.44
1560941440.2863154 24.91 95281.42
1560941500.315221 24.89 95282.99
1560941560.3597264 24.90 95282.09
1560941620.3886318 24.91 95278.27
1560941680.4175372 24.93 95279.31
1560941740.4464426 24.92 95284.22
1560941800.4753482 24.94 95286.10
1560941860.5042534 24.90 95286.47
1560941920.533159 24.98 95285.38
1560941980.5776646 24.99 95287.91
1560942040.60657 25.09 95286.48
1560942100.6354752 25.05 95289.53
1560942160.6643808 25.01 95290.49
1560942220.6932862 25.01 95293.16
1560942280.7221916 24.99 95295.11
1560942340.7510972 24.98 95292.47
1560942400.7800026 24.98 95292.20
1560942460.824508 25.02 95292.49
1560942520.8534133 25.01 95290.92
1560942580.8823187 24.98 95285.28
1560942640.9112244 24.99 95290.63
1560942700.9401298 24.94 95292.21
1560942760.969035 24.92 95298.77
1560942820.9979405 24.93 95304.52
1560942881.0424461 24.97 95315.99
1560942941.0713513 25.05 95313.28
1560943001.100257 25.06 95309.78
1560943061.1291623 25.03 95305.10
1560943121.1580677 25.06 95303.72
1560943181.186973 25.04 95307.81
1560943241.2158787 25.01 95302.07
1560943301.260384 25.05 95304.75
1560943361.2892895 25.01 95306.51
1560943421.3181949 25.02 95306.14
1560943481.3471005 25.01 95312.39
1560943541.376006 25.07 95316.13
1560943601.4049113 25.05 95310.51
1560943661.4338167 25.06 95314.10
1560943721.4783223 25.01 95315.00
1560943781.5072277 25.04 95314.27
1560943841.536133 25.04 95313.39
1560943901.5650387 25.01 95312.89
1560943961.5939438 25.07 95315.50
1560944021.6228492 25.10 95312.21
1560944081.6517549 25.08 95306.75
1560944141.6962602 24.99 95312.24
1560944201.7251658 24.96 95321.51
1560944261.754071 25.01 95322.86
1560944321.7829766 25.03 95320.82
1560944381.811882 25.02 95323.30
1560944441.8407874 25.02 95324.87
1560944501.869693 24.99 95324.21
1560944561.9141982 25.02 95316.98
1560944621.9431038 25.04 95326.14
1560944681.9720092 24.99 95324.08
1560944742.0009146 24.96 95326.22
1560944802.02982 25.11 95324.28
1560944862.0587254 25.15 95330.16
1560944922.0876307 25.06 95338.35
1560944982.1321363 25.03 95349.49
1560945042.161042 25.07 95349.28
1560945102.1899471 25.10 95345.66
1560945162.2188525 25.08 95335.33
1560945222.2477582 25.10 95332.78
1560945282.2766635 25.08 95334.96
1560945342.305569 25.05 95337.82
1560945402.3500743 25.07 95339.49
1560945462.37898 25.05 95342.10
1560945522.4078853 25.06 95347.05
1560945582.4367907 25.07 95348.78
1560945642.4656963 25.06 95351.39
1560945702.4946017 25.04 95345.54
1560945762.539107 25.02 95343.44
1560945822.5680125 25.02 95342.67
1560945882.596918 24.99 95349.07
1560945942.6258235 25.04 95352.03
1560946002.6547287 25.06 95349.55
1560946062.6836343 25.07 95345.57
1560946122.7125397 25.04 95341.19
1560946182.7570453 25.02 95344.35
1560946242.7859507 25.03 95349.19
1560946302.814856 25.07 95348.45
1560946362.8437614 25.16 95340.33
1560946422.8726668 25.13 95346.63
1560946482.9015725 25.11 95346.42
1560946542.9304779 25.10 95349.91
1560946602.9593832 25.10 95345.89
1560946662.9882884 25.15 95340.86
1560946723.032794 25.14 95342.47
1560946783.0616996 25.19 95340.49
1560946843.090605 25.19 95338.08
1560946903.1195104 25.15 95342.64
1560946963.1484158 25.13 95340.67
1560947023.1773212 25.16 95339.66
1560947083.2062266 25.14 95345.02
1560947143.2507322 25.17 95343.50
1560947203.2796376 25.19 95346.44
1560947263.308543 25.17 95348.49
1560947323.3374484 25.16 95349.96
1560947383.366354 25.18 95354.61
1560947443.3952594 25.21 95358.65
1560947503.4397647 25.22 95360.36
1560947563.4686701 25.22 95363.87
1560947623.4975758 25.21 95367.39
1560947683.5264812 25.17 95366.60
1560947743.5553865 25.13 95363.69
1560947803.5842922 25.19 95360.16
1560947863.6131973 25.14 95355.63
1560947923.657703 25.17 95351.00
1560947983.6866083 25.13 95349.36
1560948043.715514 25.18 95354.75
1560948103.7444193 25.19 95357.32
1560948163.7733245 25.20 95352.89
1560948223.8022301 25.25 95353.99
1560948283.8311355 25.19 95350.86
1560948343.875641 25.21 95351.06
1560948403.9045463 25.17 95355.17
1560948463.933452 25.11 95354.96
1560948523.9623573 25.19 95355.28
1560948583.9912627 25.15 95350.17
1560948644.0201683 25.13 95353.22
1560948704.0646734 25.16 95353.64
1560948764.093579 25.19 95352.43
1560948824.1224844 25.23 95346.97
1560948884.1513898 25.20 95341.02
1560948944.1802955 25.24 95345.32
1560949004.2092009 25.19 95346.67
1560949064.238106 25.22 95346.97
1560949124.2826116 25.25 95349.41
1560949184.3115172 25.22 95353.86
1560949244.3404224 25.26 95356.66
1560949304.369328 25.25 95353.55
1560949364.3982334 25.26 95347.96
1560949424.4271388 25.24 95349.67
1560949484.4716444 25.23 95348.24
1560949544.5005496 25.21 95341.08
1560949604.5294552 25.22 95341.71
1560949664.5583606 25.27 95343.14
1560949724.587266 25.25 95349.41
1560949784.6161716 25.32 95349.25
1560949844.645077 25.24 95353.63
1560949904.6895823 25.16 95352.14
1560949964.7184877 25.20 95356.61
1560950024.7473934 25.17 95359.24
1560950084.7762988 25.15 95360.14
1560950144.8052042 25.15 95361.78
1560950204.8341098 25.16 95353.32
1560950264.8786151 25.16 95357.33
1560950324.9075205 25.16 95353.08
1560950384.936426 25.18 95353.74
1560950444.9653313 25.15 95359.71
1560950504.994237 25.21 95357.41
1560950565.034742 25.26 95354.83
1560950625.0636475 25.20 95352.89
1560950685.092553 25.18 95352.44
1560950745.1238582 25.21 95353.07
1560950805.1527638 25.23 95352.25
1560950865.1816692 25.27 95349.89
1560950925.2105746 25.31 95352.36
1560950985.23948 25.37 95356.86
1560951045.2839854 25.40 95351.80
1560951105.3128908 25.34 95351.28
1560951165.3417964 25.39 95354.38
1560951225.3707018 25.38 95360.00
1560951285.3996072 25.34 95359.14
1560951345.4285128 25.40 95356.42
1560951405.4730182 25.43 95359.75
1560951465.5019236 25.43 95357.08
1560951525.530829 25.43 95356.58
1560951585.5597346 25.48 95359.85
1560951645.58864 25.46 95359.54
1560951705.6175454 25.47 95357.50
1560951765.6620507 25.53 95357.27
1560951825.6909564 25.53 95354.83
1560951885.7198617 25.51 95349.85
1560951945.748767 25.47 95348.72
1560952005.7776728 25.47 95347.12
1560952065.806578 25.42 95348.08
1560952125.8510835 25.46 95345.82
1560952185.879989 25.38 95345.41
1560952245.9088943 25.43 95346.43
1560952305.9377997 25.45 95348.77
1560952365.966705 25.38 95344.07
1560952426.0112107 25.41 95351.13
1560952486.0401163 25.41 95350.29
1560952546.0690215 25.38 95348.19
1560952606.0979269 25.37 95347.56
1560952666.1268325 25.30 95339.46
1560952726.1557379 25.33 95342.05
1560952786.2002432 25.32 95344.42
1560952846.2291486 25.33 95343.22
1560952906.2580543 25.32 95342.66
1560952966.2869596 25.28 95347.39
1560953026.315865 25.35 95360.02
1560953086.3447707 25.43 95370.03
1560953146.3892758 25.43 95372.47
1560953206.4181814 25.49 95367.57
1560953266.4470868 25.47 95363.63
1560953326.4759922 25.41 95366.99
1560953386.5048978 25.42 95371.28
1560953446.533803 25.38 95370.51
1560953506.5783086 25.40 95372.65
1560953566.607214 25.43 95368.86
1560953626.6361194 25.41 95369.53
1560953686.665025 25.37 95361.21
1560953746.6939301 25.37 95363.66
1560953806.7228358 25.38 95363.52
1560953866.7673414 25.41 95360.67
1560953926.7962465 25.40 95358.86
1560953986.825152 25.37 95358.97
1560954046.8540576 25.32 95357.67
1560954106.882963 25.28 95354.75
1560954166.9118683 25.21 95359.02
1560954226.9563737 25.27 95347.76
1560954286.9852793 25.39 95352.21
1560954347.0141847 25.34 95346.93
1560954407.04309 25.33 95342.15
1560954467.0719957 25.33 95342.78
1560954527.1009011 25.33 95342.89
1560954587.1454065 25.35 95340.30
1560954647.1743119 25.36 95341.88
1560954707.2032175 25.32 95337.03
1560954767.232123 25.30 95340.72
1560954827.261028 25.26 95337.89
1560954887.3055336 25.30 95338.01
1560954947.3344393 25.29 95334.00
1560955007.3633447 25.27 95333.94
1560955067.39225 25.22 95332.75
1560955127.4211552 25.22 95333.02
1560955187.4500608 25.22 95329.40
1560955247.4945664 25.29 95331.86
1560955307.5234718 25.27 95330.16
1560955367.552377 25.27 95326.82
1560955427.5812826 25.26 95327.72
1560955487.610188 25.27 95324.33
1560955547.6390934 25.28 95318.67
1560955607.667999 25.29 95321.44
1560955667.7125044 25.32 95319.29
1560955727.7414098 25.26 95314.74
1560955787.7703152 25.25 95312.72
1560955847.7992208 25.26 95313.83
1560955907.8281262 25.27 95309.11
1560955967.8570316 25.30 95308.63
1560956027.901537 25.24 95306.00
1560956087.9304426 25.22 95302.33
1560956147.959348 25.23 95304.91
1560956207.988253 25.23 95299.35
1560956268.017159 25.24 95294.63
1560956328.0460641 25.22 95294.10
1560956388.0905697 25.18 95292.17
1560956448.1194751 25.21 95293.40
1560956508.1483808 25.21 95293.10
1560956568.177286 25.26 95293.38
1560956628.2061913 25.22 95292.10
1560956688.235097 25.17 95288.19
1560956748.2796023 25.19 95290.73
1560956808.308508 25.22 95285.83
1560956868.337413 25.14 95283.75
1560956928.3663187 25.17 95285.92
1560956988.395224 25.18 95281.83
1560957048.4241295 25.15 95280.67
1560957108.4686348 25.19 95281.02
1560957168.4975402 25.18 95279.19
1560957228.5264459 25.21 95278.85
1560957288.5553513 25.24 95281.50
1560957348.5842566 25.19 95280.60
1560957408.613162 25.17 95280.77
1560957468.6576676 25.15 95279.17
1560957528.686573 25.17 95278.82
1560957588.7154784 25.14 95271.81
1560957648.744384 25.18 95272.77
1560957708.7732892 25.17 95267.85
1560957768.8021946 25.20 95262.82
1560957828.8311002 25.21 95265.89
1560957888.8756058 25.19 95266.88
1560957948.904511 25.24 95263.34
1560958008.9334164 25.23 95264.75
1560958068.962322 25.18 95255.53
1560958128.9912274 25.21 95256.09
1560958189.0201328 25.21 95254.75
1560958249.0646381 25.19 95251.05
1560958309.0935438 25.25 95251.52
1560958369.1224492 25.22 95248.63
1560958429.1513546 25.19 95246.39
1560958489.1802602 25.18 95244.02
1560958549.2091656 25.26 95245.46
1560958609.253671 25.24 95244.47
1560958669.2825763 25.20 95242.81
1560958729.311482 25.22 95239.08
1560958789.3403873 25.21 95234.21
1560958849.3692927 25.21 95235.17
1560958909.3981981 25.20 95232.30
1560958969.4427037 25.25 95231.51
1560959029.471609 25.22 95225.94
1560959089.5005145 25.18 95228.19
1560959149.5294197 25.18 95226.69
1560959209.5583253 25.23 95220.61
1560959269.5872307 25.20 95222.50
1560959329.616136 25.19 95217.68
1560959389.660642 25.20 95218.42
1560959449.689547 25.22 95219.17
1560959509.7184525 25.23 95218.21
1560959569.7473578 25.25 95217.85
1560959629.7762635 25.28 95213.09
1560959689.8051689 25.25 95217.35
1560959749.8496742 25.20 95217.08
1560959809.8785796 25.23 95212.21
1560959869.9074852 25.21 95211.78
1560959929.9363906 25.21 95209.91
1560959989.965296 25.27 95208.88
1560960049.9942017 25.25 95204.30
1560960110.038707 25.22 95207.10
1560960170.0676124 25.22 95200.78
1560960230.0965178 25.20 95202.02
1560960290.1254232 25.21 95200.38
1560960350.1543286 25.25 95202.83
1560960410.183234 25.26 95202.08
1560960470.2277396 25.21 95200.75
1560960530.2566452 25.27 95197.33
1560960590.2855504 25.28 95195.28
1560960650.3144557 25.26 95195.42
1560960710.3433614 25.23 95192.67
1560960770.3722668 25.25 95191.28
1560960830.4011722 25.23 95193.27
1560960890.4456775 25.21 95193.39
1560960950.4745831 25.23 95191.43
1560961010.5034885 25.20 95187.86
1560961070.532394 25.26 95188.57
1560961130.5612996 25.27 95188.94
1560961190.590205 25.25 95190.62
1560961250.6191103 25.25 95188.61
1560961310.6636157 25.25 95186.33
1560961370.6925213 25.27 95183.28
1560961430.7214267 25.24 95175.27
1560961490.7503319 25.21 95174.11
1560961550.7792373 25.23 95177.64
1560961610.808143 25.28 95174.88
1560961670.8370483 25.25 95173.85
1560961730.881554 25.21 95171.71
1560961790.910459 25.24 95169.58
1560961850.9393647 25.27 95169.35
1560961910.96827 25.29 95163.99
1560961970.9971755 25.29 95162.92
1560962031.026081 25.30 95166.33
1560962091.0705864 25.30 95167.33
1560962151.0994918 25.27 95167.96
1560962211.1283972 25.26 95164.88
1560962271.1573029 25.31 95165.02
1560962331.1862082 25.30 95161.58
1560962391.2151136 25.36 95161.17
1560962451.259619 25.36 95162.17
1560962511.2885246 25.37 95154.80
1560962571.31743 25.38 95162.60
1560962631.3463354 25.38 95160.08
1560962691.3752408 25.39 95158.85
1560962751.4041462 25.40 95153.25
1560962811.4486518 25.36 95157.19
1560962871.477557 25.34 95151.48
1560962931.5064628 25.43 95154.13
1560962991.535368 25.40 95152.57
1560963051.5642734 25.40 95158.43
1560963111.593179 25.39 95157.00
1560963171.6376846 25.32 95152.79
1560963231.6665897 25.44 95157.21
1560963291.6954951 25.51 95152.86
1560963351.7244008 25.45 95147.39
1560963411.7533062 25.38 95148.91
1560963471.7822115 25.32 95146.30
1560963531.826717 25.28 95149.85
1560963591.8556223 25.29 95147.29
1560963651.884528 25.25 95148.08
1560963711.9134333 25.32 95152.05
1560963771.9423387 25.30 95151.37
1560963831.9712443 25.42 95149.32
1560963892.0157497 25.46 95147.64
1560963952.044655 25.51 95143.63
1560964012.0735605 25.46 95147.91
1560964072.1024659 25.40 95138.78
1560964132.1313715 25.38 95147.80
1560964192.1602767 25.38 95143.61
1560964252.2047822 25.39 95142.85
1560964312.2336879 25.46 95144.17
1560964372.262593 25.40 95142.53
1560964432.2914984 25.40 95141.19
1560964492.320404 25.50 95141.63
1560964552.3493094 25.49 95140.10
1560964612.3938148 25.41 95136.74
1560964672.4227202 25.46 95138.94
1560964732.4516258 25.50 95137.55
1560964792.4805312 25.52 95136.96
1560964852.5094366 25.51 95141.75
1560964912.5383422 25.52 95138.91
1560964972.5828476 25.51 95137.40
1560965032.611753 25.58 95136.48
1560965092.6406584 25.53 95135.64
1560965152.669564 25.39 95133.93
1560965212.6984694 25.33 95131.37
1560965272.7273746 25.32 95132.25
1560965332.7718801 25.32 95129.30
1560965392.8007858 25.34 95130.96
1560965452.8296912 25.29 95131.63
1560965512.8585966 25.27 95130.88
1560965572.8875017 25.22 95129.67
1560965632.9164073 25.19 95131.29
1560965692.960913 25.23 95132.75
1560965752.9898183 25.23 95133.97
1560965813.0187235 25.22 95130.84
1560965873.047629 25.27 95129.64
1560965933.0765345 25.33 95131.37
1560965993.10544 25.28 95126.41
1560966053.1499455 25.27 95130.74
1560966113.178851 25.24 95134.85
1560966173.2077563 25.22 95132.52
1560966233.2366617 25.20 95132.55
1560966293.2655673 25.13 95133.10
1560966353.2944727 25.16 95134.49
1560966413.323378 25.18 95130.63
1560966473.3678834 25.16 95128.80
1560966533.396789 25.10 95130.88
1560966593.4256945 25.11 95123.88
1560966653.4545996 25.11 95129.39
1560966713.4835055 25.09 95128.17
1560966773.5124106 25.12 95123.34
1560966833.5569162 25.12 95123.50
1560966893.5858216 25.16 95122.35
1560966953.614727 25.05 95120.60
1560967013.6436324 25.08 95122.15
1560967073.6725378 25.06 95118.99
1560967133.7014434 25.10 95118.83
1560967193.7459486 25.10 95116.11
1560967253.7748542 25.12 95114.30
1560967313.8037596 25.06 95107.67
1560967373.8326652 25.10 95104.95
1560967433.8615706 25.14 95106.07
1560967493.890476 25.16 95105.61
1560967553.9349813 25.25 95103.11
1560967613.9638867 25.21 95101.16
1560967673.9927924 25.18 95100.45
1560967734.0216978 25.11 95103.36
1560967794.0506032 25.12 95097.85
1560967854.0795085 25.12 95098.85
1560967914.1084142 25.08 95098.67
1560967974.1529195 25.07 95104.97
1560968034.181825 25.09 95096.22
1560968094.2107306 25.08 95097.07
1560968154.2396357 25.09 95092.17
1560968214.268541 25.03 95095.42
1560968274.2974467 24.99 95094.91
1560968334.3419523 25.00 95092.20
1560968394.3708575 25.00 95093.60
1560968454.3997629 25.04 95098.57
1560968514.4286685 25.09 95094.22
1560968574.457574 25.03 95094.28
1560968634.4864793 25.09 95095.52
1560968694.5309846 25.04 95098.83
1560968754.5598903 25.04 95101.64
1560968814.5887957 25.05 95100.46
1560968874.617701 25.02 95099.14
1560968934.6466067 25.02 95104.26
1560968994.675512 25.00 95104.57
1560969054.7044172 25.03 95104.89
1560969114.7489228 25.06 95109.52
1560969174.7778285 25.15 95100.24
1560969234.8067338 25.19 95105.92
1560969294.8356392 25.25 95102.95
1560969354.8645446 25.16 95105.38
1560969414.89345 25.20 95108.63
1560969474.9379556 25.13 95109.64
1560969534.9668608 25.15 95106.82
1560969594.9957662 25.16 95110.67
1560969655.0246718 25.18 95106.80
1560969715.0535772 25.18 95105.63
1560969775.0824826 25.12 95111.28
1560969835.1269882 25.19 95106.36
1560969895.1558936 25.23 95105.03
1560969955.184799 25.23 95105.20
1560970015.2137043 25.20 95106.72
1560970075.24261 25.19 95103.32
1560970135.2715154 25.20 95104.61
1560970195.3004208 25.18 95102.28
1560970255.344926 25.07 95107.57
1560970315.3738317 25.08 95105.66
1560970375.4027371 25.07 95100.18
1560970435.4316425 25.09 95102.48
1560970495.4605482 25.04 95101.67
1560970555.4894533 25.07 95099.85
1560970615.533959 25.09 95101.91
1560970675.5628643 25.06 95101.86
1560970735.5917697 25.01 95101.02
1560970795.620675 25.10 95098.42
1560970855.6495805 25.12 95095.94
1560970915.678486 25.13 95098.14
1560970975.7229917 25.11 95096.32
1560971035.7518969 25.09 95093.01
1560971095.7808022 25.18 95095.93
1560971155.8097079 25.21 95097.32
1560971215.8386133 25.24 95098.80
1560971275.8675187 25.18 95100.14
1560971335.8964243 25.10 95108.13
1560971395.9409297 25.05 95104.58
1560971455.969835 25.05 95104.98
1560971515.9987404 25.00 95103.07
1560971576.027646 25.07 95106.91
1560971636.0565515 25.17 95103.60
1560971696.0854568 25.10 95101.10
1560971756.114362 25.09 95101.37
1560971816.1432676 25.11 95106.52
1560971876.1877732 25.08 95102.25
1560971936.2166784 25.07 95106.71
1560971996.2455838 25.10 95105.68
1560972056.2744894 25.07 95106.30
1560972116.3033948 25.07 95111.25
1560972176.3323002 25.15 95107.50
1560972236.3768055 25.16 95107.05
1560972296.4057112 25.14 95104.92
1560972356.4346166 25.16 95104.53
1560972416.463522 25.17 95107.17
1560972476.4924276 25.26 95106.38
1560972536.521333 25.26 95108.83
1560972596.5658383 25.19 95112.12
1560972656.5947437 25.15 95109.20
1560972716.6236494 25.16 95106.28
1560972776.6525548 25.15 95102.35
1560972836.6814601 25.17 95103.67
1560972896.7103655 25.18 95107.98
1560972956.739271 25.12 95106.03
1560973016.7837765 25.08 95107.80
1560973076.812682 25.12 95105.10
1560973136.8415873 25.14 95107.53
1560973196.8704927 25.06 95110.85
1560973256.899398 25.05 95110.46
1560973316.9283037 25.09 95111.58
1560973376.9728093 25.14 95109.14
1560973437.0017145 25.13 95110.17
1560973497.0306199 25.12 95116.00
1560973557.0595255 25.10 95114.21
1560973617.088431 25.14 95116.27
1560973677.1173363 25.16 95114.85
1560973737.1618416 25.22 95112.60
1560973797.190747 25.19 95111.89
1560973857.2196527 25.13 95115.20
1560973917.248558 25.11 95117.12
1560973977.2774634 25.12 95114.64
1560974037.306369 25.10 95115.11
1560974097.3352742 25.06 95117.58
1560974157.3797798 25.08 95116.41
1560974217.4086852 25.07 95114.67
1560974277.4375908 25.10 95114.49
1560974337.466496 25.10 95113.05
1560974397.4954014 25.13 95114.20
1560974457.524307 25.19 95112.61
1560974517.5688124 25.17 95114.37
1560974577.597718 25.06 95113.07
1560974637.6266232 25.12 95109.39
1560974697.6555288 25.16 95110.22
1560974757.6844342 25.16 95108.39
1560974817.7133396 25.12 95111.89
1560974877.757845 25.11 95112.71
1560974937.7867506 25.14 95110.71
1560974997.815656 25.11 95114.44
1560975057.8445613 25.11 95113.88
1560975117.873467 25.18 95117.55
1560975177.9023721 25.11 95122.21
1560975237.9312778 25.12 95123.37
1560975297.975783 25.13 95125.24
1560975358.0046887 25.10 95124.69
1560975418.0335941 25.10 95130.21
1560975478.0624993 25.09 95128.07
1560975538.091405 25.03 95128.24
1560975598.1203103 25.09 95130.25
1560975658.164816 25.14 95136.87
1560975718.193721 25.13 95134.94
1560975778.2226264 25.06 95133.14
1560975838.251532 25.10 95132.38
1560975898.2804375 25.04 95132.44
1560975958.3093429 25.09 95135.70
1560976018.3382485 25.07 95134.24
1560976078.3827538 25.13 95135.94
1560976138.4116592 25.13 95135.44
1560976198.4405646 25.10 95136.63
1560976258.4694703 25.13 95135.94
1560976318.4983757 25.17 95136.96
1560976378.5272808 25.15 95137.77
1560976438.5717864 25.21 95136.96
1560976498.600692 25.17 95135.55
1560976558.6295974 25.21 95134.32
1560976618.6585028 25.14 95139.14
1560976678.6874082 25.11 95136.63
1560976738.7163136 25.08 95137.14
1560976798.7608192 24.99 95137.22
1560976858.7897246 25.08 95140.22
1560976918.81863 25.13 95141.13
1560976978.8475354 25.04 95140.82
1560977038.8764408 25.05 95140.33
1560977098.9053464 25.02 95138.44
1560977158.9342518 24.99 95136.72
1560977218.9787571 25.11 95141.32
1560977279.0076625 25.05 95141.78
1560977339.0365682 25.00 95145.05
1560977399.0654736 25.05 95140.78
1560977459.094379 25.03 95144.36
1560977519.1232846 25.07 95146.22
1560977579.16779 25.13 95141.13
1560977639.1966953 25.22 95145.29
1560977699.2256007 25.23 95144.78
1560977759.2545059 25.25 95146.08
1560977819.2834117 25.27 95141.68
1560977879.312317 25.24 95147.06
1560977939.3412223 25.19 95146.32
1560977999.385728 25.07 95149.56
1560978059.4146335 25.03 95149.96
1560978119.4435387 24.97 95151.52
1560978179.472444 24.99 95152.64
1560978239.5013497 25.03 95155.64
1560978299.530255 24.99 95155.62
1560978359.5747607 24.99 95156.69
1560978419.6036658 25.03 95155.90
1560978479.6325715 25.06 95157.19
1560978539.6614769 24.99 95162.17
1560978599.6903822 25.09 95157.58
1560978659.7192879 25.09 95157.41
1560978719.7481933 25.05 95156.63
1560978779.7926986 25.08 95161.09
1560978839.821604 25.05 95164.49
1560978899.8505096 25.03 95160.66
1560978959.8794148 25.14 95164.41
1560979019.9083204 25.19 95163.08
1560979079.9372258 25.24 95162.55
1560979139.9817314 25.20 95160.70
1560979200.0106368 25.23 95162.66
1560979260.039542 25.16 95161.25
1560979320.0684476 25.14 95168.86
1560979380.097353 25.20 95167.46
1560979440.1262584 25.23 95167.71
1560979500.155164 25.08 95168.99
1560979560.1996694 25.06 95166.92
1560979620.2285748 25.00 95166.56
1560979680.2574801 24.98 95168.14
1560979740.2863858 24.95 95171.89
1560979800.3152912 25.01 95171.21
1560979860.3441966 25.06 95168.94
1560979920.388702 25.05 95168.14
1560979980.4176073 25.05 95173.66
1560980040.446513 25.03 95173.20
1560980100.4754183 24.97 95171.32
1560980160.5043235 25.01 95169.70
1560980220.5332294 24.99 95170.24
1560980280.5621345 25.01 95170.22
1560980340.60664 25.05 95171.45
1560980400.6355455 25.08 95171.66
1560980460.664451 25.09 95172.30
1560980520.6933563 25.12 95172.78
1560980580.7222617 25.13 95173.91
1560980640.7511673 25.16 95173.57
1560980700.7800727 25.20 95173.82
1560980760.824578 25.24 95173.69
1560980820.8534834 25.27 95173.58
1560980880.882389 25.29 95171.18
1560980940.9112945 25.31 95172.58
1560981000.9401999 25.35 95174.60
1560981060.9691055 25.27 95174.58
1560981121.0136108 25.22 95168.48
1560981181.0425162 25.20 95175.59
1560981241.0714216 25.24 95174.82
1560981301.1003273 25.31 95175.35
1560981361.1292324 25.20 95175.59
1560981421.1581378 25.08 95176.72
1560981481.1870434 25.10 95175.77
1560981541.2159488 25.10 95179.28
1560981601.2604544 25.08 95178.73
1560981661.2893596 25.00 95179.83
1560981721.3182652 25.01 95180.70
1560981781.3471706 25.06 95179.94
1560981841.376076 25.08 95182.24
1560981901.4049816 25.05 95186.57
1560981961.433887 25.05 95185.43
1560982021.4783924 25.01 95185.48
1560982081.5072978 25.02 95183.10
1560982141.5362031 24.96 95186.71
1560982201.5651088 25.00 95186.75
1560982261.5940142 25.00 95184.02
1560982321.6229193 25.07 95185.75
1560982381.667425 25.02 95185.32
1560982441.6963305 25.00 95185.85
1560982501.725236 24.99 95188.74
1560982561.754141 25.07 95187.26
1560982621.7830467 25.00 95185.85
1560982681.811952 24.95 95190.39
1560982741.8408575 25.01 95192.74
1560982801.885363 25.06 95193.25
1560982861.9142685 25.07 95191.88
1560982921.943174 25.07 95192.04
1560982981.9720793 25.13 95195.23
1560983042.000985 25.20 95193.39
1560983102.0298903 25.22 95192.24
1560983162.0587957 25.15 95193.32
1560983222.103301 25.23 95193.27
1560983282.1322067 25.23 95192.16
1560983342.161112 25.19 95194.36
1560983402.1900172 25.20 95197.24
1560983462.218923 25.23 95202.41
1560983522.2478282 25.21 95198.80
1560983582.2923338 25.19 95201.12
1560983642.3212392 25.18 95199.82
1560983702.3501446 25.22 95201.51
1560983762.37905 25.15 95203.28
1560983822.4079554 25.14 95207.84
1560983882.436861 25.14 95204.72
1560983942.4657664 25.15 95208.03
1560984002.5102718 25.12 95207.82
1560984062.5391772 25.12 95205.91
1560984122.5680826 25.13 95205.83
1560984182.5969882 25.13 95206.83
1560984242.6258936 25.14 95208.44
1560984302.6547992 25.15 95207.40
1560984362.6837046 25.12 95206.24
1560984422.72821 25.17 95210.57
1560984482.7571154 25.12 95206.24
1560984542.7860208 25.14 95207.80
1560984602.8149261 25.16 95210.00
1560984662.8438318 25.15 95208.86
1560984722.872737 25.16 95207.60
1560984782.9016426 25.17 95209.63
1560984842.9461482 25.19 95212.93
1560984902.9750533 25.23 95213.39
1560984963.0039587 25.21 95211.11
1560985023.0328643 25.22 95209.71
1560985083.0617697 25.22 95208.47
1560985143.090675 25.23 95207.92
1560985203.1195807 25.16 95206.66
1560985263.164086 25.19 95207.14
1560985323.1929915 25.18 95210.36
1560985383.221897 25.15 95206.86
1560985443.2508025 25.15 95206.22
1560985503.279708 25.10 95209.96
1560985563.308613 25.14 95206.17
1560985623.3375187 25.13 95205.43
1560985683.3820243 25.13 95204.70
1560985743.4109297 25.15 95208.91
1560985803.4398348 25.17 95204.55
1560985863.4687405 25.13 95208.88
1560985923.4976459 25.12 95210.59
1560985983.5265512 25.17 95207.11
1560986043.5554569 25.21 95209.08
1560986103.599962 25.22 95209.10
1560986163.6288676 25.16 95210.87
1560986223.657773 25.22 95212.78
1560986283.6866784 25.17 95212.74
1560986343.715584 25.17 95211.34
1560986403.7444894 25.19 95214.85
1560986463.7733946 25.22 95215.39
1560986523.8179002 25.23 95219.81
1560986583.8468058 25.22 95216.80
1560986643.8757112 25.17 95216.59
1560986703.9046166 25.18 95218.28
1560986763.933522 25.12 95216.88
1560986823.9624274 25.19 95222.03
1560986883.9913328 25.16 95223.89
1560986944.0358384 25.17 95224.22
1560987004.0647438 25.13 95221.76
1560987064.0936491 25.17 95214.85
1560987124.1225545 25.14 95220.32
1560987184.1514602 25.17 95218.20
1560987244.1803656 25.11 95216.88
1560987304.209271 25.14 95216.97
1560987364.2537763 25.14 95217.10
1560987424.282682 25.10 95217.19
1560987484.3115873 25.14 95219.21
1560987544.3404927 25.15 95223.42
1560987604.3693984 25.17 95221.27
1560987664.3983035 25.21 95219.96
1560987724.427209 25.21 95222.80
1560987784.4717145 25.20 95221.26
1560987844.50062 25.19 95218.42
1560987904.5295255 25.13 95219.59
1560987964.5584307 25.16 95221.75
1560988024.5873363 25.12 95221.69
1560988084.6162417 25.14 95220.17
1560988144.645147 25.12 95219.78
1560988204.6896524 25.11 95222.57
1560988264.7185578 25.13 95220.42
1560988324.7474635 25.14 95224.63
1560988384.7763689 25.15 95224.76
1560988444.8052745 25.15 95221.45
1560988504.8341799 25.13 95228.58
1560988564.8630853 25.09 95224.15
1560988624.9075906 25.10 95226.35
1560988684.936496 25.09 95229.21
1560988744.9654016 25.13 95227.25
1560988804.994307 25.11 95230.53
