1560988865.0232122 25.11 95229.42
1560988925.0521178 25.16 95235.53
1560988985.0810232 25.19 95232.47
1560989045.1255286 25.18 95235.39
1560989105.1388342 25.14 95230.16
1560989165.1833396 25.18 95232.17
1560989225.212245 25.14 95234.00
1560989285.2411504 25.13 95238.49
1560989345.270056 25.18 95238.07
1560989405.2989614 25.21 95235.11
1560989465.3278668 25.18 95243.39
1560989525.3567722 25.19 95241.44
1560989585.4012778 25.18 95242.72
1560989645.4301832 25.22 95236.32
1560989705.4590883 25.19 95238.50
1560989765.4879942 25.16 95238.61
1560989825.5168993 25.18 95238.97
1560989885.5458047 25.19 95238.83
1560989945.5747104 25.24 95241.09
1560990005.6192157 25.19 95240.21
1560990065.648121 25.17 95242.63
1560990125.6770265 25.21 95242.47
1560990185.7059321 25.16 95240.05
1560990245.7348375 25.18 95243.09
1560990305.763743 25.17 95243.13
1560990365.7926486 25.17 95240.35
1560990425.8371537 25.23 95241.86
1560990485.8660593 25.16 95241.78
1560990545.8949647 25.12 95245.11
1560990605.9238703 25.19 95239.44
1560990665.9527757 25.15 95242.60
1560990725.9816809 25.15 95241.25
1560990786.0105863 25.18 95237.83
1560990846.0550919 25.23 95241.33
1560990906.0839972 25.21 95242.71
1560990966.1129029 25.20 95244.64
1560991026.141808 25.13 95241.33
1560991086.1707137 25.12 95242.47
1560991146.199619 25.09 95247.84
1560991206.2285244 25.06 95242.42
1560991266.2730298 25.07 95244.74
1560991326.3019354 25.14 95246.08
1560991386.3308408 25.15 95244.67
1560991446.3597462 25.10 95245.80
1560991506.3886518 25.07 95248.08
1560991566.417557 25.10 95247.80
1560991626.4464626 25.19 95249.91
1560991686.490968 25.18 95250.11
1560991746.5198736 25.17 95250.66
1560991806.548779 25.15 95249.69
1560991866.5776844 25.14 95255.18
1560991926.6065898 25.15 95255.75
1560991986.6354952 25.13 95256.05
1560992046.6644006 25.12 95258.94
1560992106.708906 25.11 95254.12
1560992166.7378118 25.07 95256.17
1560992226.766717 25.08 95257.35
1560992286.7956223 25.14 95255.52
1560992346.824528 25.12 95256.53
1560992406.8534334 25.12 95258.53
1560992466.8823388 25.08 95258.99
1560992526.9268441 25.07 95257.52
1560992586.9557498 25.09 95256.87
1560992646.9846551 25.06 95257.05
1560992707.0135605 25.05 95255.18
1560992767.0424657 25.06 95259.89
1560992827.0713716 25.07 95254.94
1560992887.1002767 25.04 95253.88
1560992947.1447823 25.06 95252.07
1560993007.1736877 25.11 95251.51
1560993067.202593 25.10 95253.66
1560993127.2314985 25.13 95256.46
1560993187.2604039 25.12 95252.41
1560993247.2893095 25.06 95255.05
1560993307.318215 25.06 95256.55
1560993367.3627203 25.09 95258.05
1560993427.3916256 25.13 95254.95
1560993487.4205313 25.13 95254.88
1560993547.4494367 25.07 95256.78
1560993607.478342 25.10 95260.25
1560993667.5072477 25.08 95257.64
1560993727.536153 25.04 95261.57
1560993787.5806584 25.03 95260.17
1560993847.6095638 25.03 95260.27
1560993907.6384695 24.99 95261.72
1560993967.6673746 25.01 95259.58
1560994027.6962802 24.97 95260.07
1560994087.7251856 24.98 95257.11
1560994147.754091 25.08 95261.76
1560994207.7985966 25.04 95260.03
1560994267.8275018 25.03 95263.96
1560994327.8564074 25.04 95267.22
1560994387.8853128 25.09 95268.64
1560994447.9142182 25.05 95270.14
1560994507.9431238 25.09 95269.32
1560994567.9720292 25.06 95272.14
1560994628.0009344 24.99 95268.75
1560994688.04544 25.05 95269.96
1560994748.0743456 25.04 95271.61
1560994808.103251 25.04 95269.74
1560994868.1321564 25.04 95273.75
1560994928.1610615 25.11 95276.37
1560994988.1899672 25.11 95272.42
1560995048.2188725 25.11 95270.17
1560995108.2633781 25.08 95266.75
1560995168.2922833 25.06 95263.27
1560995228.321189 25.07 95266.82
1560995288.3500943 25.05 95264.82
1560995348.3789997 25.09 95264.47
1560995408.4079053 25.10 95266.21
1560995468.4368107 25.09 95267.67
1560995528.481316 25.05 95269.50
1560995588.5102215 25.05 95274.99
1560995648.539127 25.03 95271.88
1560995708.5680325 25.04 95274.42
1560995768.596938 25.05 95274.02
1560995828.6258433 25.05 95276.16
1560995888.6547487 25.01 95272.46
1560995948.6992543 25.05 95273.08
1560996008.7281597 25.06 95276.22
1560996068.7570653 25.06 95273.11
1560996128.7859704 25.01 95277.37
1560996188.8148758 25.00 95275.40
1560996248.8437815 25.10 95275.41
1560996308.8726869 25.05 95274.18
1560996368.9015923 25.02 95273.42
1560996428.930498 25.02 95274.36
1560996488.9750032 25.07 95272.84
1560996549.0039086 25.03 95272.75
1560996609.032814 25.08 95273.88
1560996669.0617197 25.09 95271.69
1560996729.090625 25.08 95271.96
1560996789.1195302 25.11 95272.15
1560996849.1484358 25.04 95268.77
1560996909.1929414 24.99 95266.21
1560996969.2218468 24.99 95263.83
1560997029.250752 25.01 95261.55
1560997089.2796574 25.00 95263.22
1560997149.308563 24.98 95261.53
1560997209.3374684 24.99 95262.76
1560997269.3663738 25.08 95266.11
1560997329.4108791 25.05 95263.54
1560997389.4397848 25.04 95261.53
1560997449.4686902 25.06 95262.10
1560997509.4975955 25.00 95261.52
1560997569.5265012 24.98 95256.91
1560997629.5554066 24.95 95257.28
1560997689.5843117 24.98 95255.28
1560997749.6288173 24.94 95252.71
1560997809.657723 24.99 95253.07
1560997869.6866283 24.93 95249.33
1560997929.7155337 24.97 95247.08
1560997989.7444391 24.99 95245.37
1560998049.7733445 25.06 95246.85
1560998109.80225 25.02 95242.64
1560998169.8467555 25.03 95243.61
1560998229.875661 25.02 95243.49
1560998289.9045663 25.09 95245.23
1560998349.9334717 25.05 95244.91
1560998409.9623773 25.05 95244.91
1560998469.9912827 25.00 95243.89
1560998530.020188 25.00 95240.88
1560998590.0646935 24.98 95245.03
1560998650.093599 24.96 95241.30
1560998710.1225045 25.00 95245.97
1560998770.1514099 24.98 95242.23
1560998830.1803155 24.98 95248.14
1560998890.2092206 24.94 95246.35
1560998950.238126 24.97 95248.08
1560999010.2670317 25.02 95247.33
1560999070.3115368 25.01 95248.14
1560999130.3404427 24.94 95249.39
1560999190.3693478 25.00 95251.42
1560999250.3982532 24.96 95253.74
1560999310.4271588 25.02 95251.61
1560999370.4560642 25.02 95253.22
1560999430.4849696 25.03 95251.67
1560999490.529475 25.02 95252.72
1560999550.5583806 24.98 95250.59
1560999610.587286 24.96 95256.14
1560999670.6161914 24.94 95256.75
1560999730.645097 24.95 95254.61
1560999790.6740022 24.94 95253.41
1560999850.7029076 24.92 95254.96
1560999910.7474132 24.89 95255.30
1560999970.7763188 24.95 95259.89
1561000030.8052242 24.93 95256.36
1561000090.8341293 25.00 95257.84
1561000150.863035 24.99 95261.66
1561000210.8919404 24.94 95256.82
1561000270.9208457 24.95 95256.18
1561000330.9653513 24.94 95254.48
1561000390.9942567 24.90 95257.14
1561000451.0231621 24.91 95256.60
1561000511.0520675 24.90 95257.81
1561000571.0809731 24.89 95258.74
1561000631.1098783 24.96 95260.50
1561000691.138784 24.91 95257.94
1561000751.1676893 24.93 95258.13
1561000811.212195 24.94 95259.27
1561000871.2411003 24.98 95260.63
1561000931.2700055 24.94 95257.16
1561000991.298911 24.93 95258.43
1561001051.3278165 24.93 95259.40
1561001111.3567219 24.94 95259.23
1561001171.3856275 25.00 95256.50
1561001231.4301326 24.99 95256.17
1561001291.4590383 24.99 95257.91
1561001351.4879436 24.97 95257.88
1561001411.516849 24.92 95257.67
1561001471.5457547 24.90 95261.65
1561001531.57466 24.87 95259.49
1561001591.6035655 24.86 95258.78
1561001651.6480708 24.88 95260.02
1561001711.6769764 24.91 95261.52
1561001771.7058818 24.88 95262.52
1561001831.734787 24.84 95260.26
1561001891.7636929 24.90 95260.21
1561001951.792598 24.96 95259.92
1561002011.8215034 24.96 95261.87
1561002071.850409 24.94 95260.94
1561002131.8949144 24.92 95256.57
1561002191.9238198 24.90 95253.72
1561002251.9527252 24.91 95254.42
1561002311.9816308 24.88 95257.11
1561002372.0105362 24.88 95252.69
1561002432.0394416 24.89 95255.33
1561002492.068347 24.88 95251.53
1561002552.1128526 24.88 95252.66
1561002612.141758 24.88 95251.69
1561002672.1706634 24.88 95253.77
1561002732.199569 24.87 95248.05
1561002792.2284741 24.91 95250.52
1561002852.2573795 24.91 95252.75
1561002912.2862852 24.96 95253.44
1561002972.3151906 24.96 95254.85
1561003032.344096 24.97 95254.53
1561003092.3886013 24.92 95253.15
1561003152.417507 24.90 95250.95
1561003212.4464123 24.87 95249.78
1561003272.4753177 24.94 95249.39
1561003332.5042233 24.92 95248.80
1561003392.5331287 24.92 95244.75
1561003452.5620341 24.95 95241.30
1561003512.5909393 24.95 95244.81
1561003572.6354449 24.93 95239.57
1561003632.6643505 24.96 95239.02
1561003692.6932557 24.95 95235.71
1561003752.7221613 24.88 95233.30
1561003812.7510667 24.88 95235.30
1561003872.779972 24.88 95234.13
1561003932.8088775 24.86 95232.80
1561003992.8533828 24.86 95232.30
1561004052.8822885 24.83 95236.25
1561004112.9111938 24.85 95234.74
1561004172.9400992 24.83 95234.45
1561004232.9690049 24.82 95232.75
1561004292.9979103 24.84 95235.45
1561004353.0268154 24.83 95237.39
1561004413.0557213 24.83 95242.30
1561004473.1002266 24.91 95239.10
1561004533.129132 24.86 95233.81
1561004593.1580374 24.89 95232.53
1561004653.1869428 24.87 95237.41
1561004713.2158482 24.91 95237.13
1561004773.2447536 24.92 95233.75
1561004833.2736592 24.84 95236.22
1561004893.3181646 24.89 95233.99
1561004953.34707 24.87 95238.58
1561005013.3759754 24.86 95239.35
1561005073.404881 24.90 95238.57
1561005133.4337864 24.85 95240.42
1561005193.4626918 24.85 95241.74
1561005253.4915974 24.84 95243.38
1561005313.5205028 24.83 95241.10
1561005373.5650082 24.79 95242.32
1561005433.5939136 24.85 95242.67
1561005493.6228192 24.82 95242.17
1561005553.6517243 24.79 95238.88
1561005613.68063 24.80 95241.91
1561005673.7095351 24.85 95239.92
1561005733.7384408 24.86 95240.39
1561005793.7829463 24.83 95240.74
1561005853.8118515 24.83 95238.50
1561005913.840757 24.84 95238.28
1561005973.8696625 24.85 95232.47
1561006033.898568 24.91 95227.60
1561006093.9274733 24.86 95227.08
1561006153.956379 24.85 95224.28
1561006213.985284 24.88 95228.61
1561006274.0297897 24.82 95232.51
1561006334.058695 24.82 95229.30
1561006394.0876007 24.82 95232.98
1561006454.116506 24.83 95231.77
1561006514.1454113 24.84 95235.68
1561006574.174317 24.83 95235.75
1561006634.2032223 24.78 95235.17
1561006694.2477279 24.80 95234.49
1561006754.276633 24.82 95234.52
1561006814.3055387 24.89 95233.33
1561006874.334444 24.81 95232.65
1561006934.3633494 24.85 95230.39
1561006994.392255 25.01 95228.86
1561007054.4211605 25.07 95229.32
1561007114.4500659 25.02 95226.69
1561007174.4945712 25.02 95224.58
1561007234.5234768 25.03 95226.25
1561007294.5523822 25.00 95221.64
1561007354.5812876 25.05 95224.87
1561007414.610193 25.02 95222.14
1561007474.6390986 25.08 95226.30
1561007534.6680038 25.04 95226.11
1561007594.7125094 25.00 95229.34
1561007654.741415 24.97 95225.27
1561007714.7703202 24.89 95225.50
1561007774.7992256 24.86 95226.85
1561007834.828131 24.90 95224.25
1561007894.8570366 24.90 95223.92
1561007954.901542 24.81 95220.58
1561008014.9304473 24.84 95223.01
1561008074.9593527 24.86 95224.07
1561008134.9882584 24.85 95221.70
1561008195.0171638 24.82 95221.04
1561008255.0460691 24.79 95224.06
1561008315.0749748 24.81 95219.74
1561008375.1194801 24.79 95218.47
1561008435.1483855 24.80 95220.88
1561008495.177291 24.85 95217.82
1561008555.2061965 24.82 95219.80
1561008615.2351017 24.80 95217.84
1561008675.264007 24.83 95215.15
1561008735.2929127 24.83 95211.41
1561008795.321818 24.76 95211.89
1561008855.3663237 24.78 95211.75
1561008915.3952289 24.77 95209.28
1561008975.4241345 24.78 95209.08
1561009035.45304 24.76 95207.49
1561009095.4819453 24.78 95209.49
1561009155.510851 24.72 95208.47
1561009215.5397563 24.74 95209.50
1561009275.5842617 24.80 95207.10
1561009335.613167 24.79 95209.72
1561009395.6420727 24.74 95207.46
1561009455.670978 24.83 95209.84
1561009515.6998835 24.77 95211.19
1561009575.7287889 24.72 95208.53
1561009635.7576942 24.75 95210.53
1561009695.7865996 24.76 95212.63
1561009755.8155053 24.78 95208.75
1561009815.8444107 24.78 95207.58
1561009875.888916 24.76 95210.83
1561009935.9178214 24.75 95208.69
1561009995.9467268 24.75 95206.99
1561010055.9756324 24.74 95207.79
1561010116.0045378 24.77 95204.74
1561010176.0334432 24.80 95202.72
1561010236.0623486 24.77 95201.57
1561010296.1068542 24.77 95203.40
1561010356.1357596 24.85 95199.92
1561010416.164665 24.83 95202.05
1561010476.1935704 24.80 95200.99
1561010536.2224758 24.80 95202.89
1561010596.2513812 24.78 95200.39
1561010656.2802868 24.75 95202.67
1561010716.3091922 24.77 95201.33
1561010776.3536975 24.82 95204.08
1561010836.382603 24.79 95202.36
1561010896.4115086 24.75 95204.41
1561010956.440414 24.79 95205.33
1561011016.4693193 24.77 95205.71
1561011076.498225 24.79 95203.77
1561011136.5271301 24.76 95204.47
1561011196.5560355 24.75 95203.01
1561011256.600541 24.75 95201.64
1561011316.6294467 24.71 95204.13
1561011376.6583521 24.69 95202.46
1561011436.6872573 24.68 95200.52
1561011496.716163 24.63 95204.99
1561011556.7450683 24.70 95202.15
1561011616.7739737 24.70 95203.89
1561011676.8028793 24.75 95204.91
1561011736.8473847 24.70 95206.17
1561011796.87629 24.74 95202.47
1561011856.9051955 24.69 95206.97
1561011916.934101 24.77 95204.60
1561011976.9630065 24.70 95205.22
1561012036.9919116 24.68 95206.10
1561012097.020817 24.70 95203.86
1561012157.0497227 24.68 95203.87
1561012217.0942283 24.70 95202.92
1561012277.1231337 24.72 95204.75
1561012337.1520388 24.71 95205.16
1561012397.1809444 24.70 95202.72
1561012457.2098498 24.71 95204.09
1561012517.2387552 24.73 95201.98
1561012577.2676609 24.67 95202.33
1561012637.3121662 24.67 95205.00
1561012697.3410716 24.71 95207.00
1561012757.369977 24.68 95206.17
1561012817.3988826 24.72 95208.63
1561012877.427788 24.71 95209.28
1561012937.4566934 24.67 95208.49
1561012997.4855988 24.67 95206.88
1561013057.5145042 24.65 95207.28
1561013117.5590098 24.69 95209.38
1561013177.5879152 24.77 95207.39
1561013237.6168206 24.74 95208.73
1561013297.645726 24.70 95206.27
1561013357.6746314 24.73 95214.32
1561013417.703537 24.74 95211.17
1561013477.7324424 24.73 95209.44
1561013537.7613478 24.71 95212.46
1561013597.8058531 24.64 95213.57
1561013657.8347588 24.63 95211.64
1561013717.8636642 24.63 95214.01
1561013777.8925695 24.62 95212.77
1561013837.9214752 24.63 95213.85
1561013897.9503803 24.64 95212.14
1561013957.9792857 24.61 95213.02
1561014018.0081913 24.66 95212.93
1561014078.0526965 24.64 95213.41
1561014138.0816023 24.65 95214.30
1561014198.1105075 24.61 95209.71
1561014258.1394129 24.65 95211.69
1561014318.1683185 24.66 95208.75
1561014378.197224 24.66 95208.75
1561014438.2261293 24.66 95207.92
1561014498.255035 24.71 95208.94
1561014558.2995403 24.67 95208.71
1561014618.3284457 24.59 95206.74
1561014678.357351 24.64 95209.57
1561014738.3862567 24.62 95208.93
1561014798.415162 24.64 95207.46
1561014858.4440672 24.63 95211.64
1561014918.4729729 24.64 95209.39
1561014978.5018783 24.59 95209.88
1561015038.5463839 24.59 95210.82
1561015098.575289 24.58 95208.47
1561015158.6041946 24.53 95209.63
1561015218.6331 24.51 95209.99
1561015278.6620054 24.60 95211.24
1561015338.690911 24.64 95210.30
1561015398.7198164 24.69 95213.83
1561015458.7487218 24.63 95213.24
1561015518.7932272 24.64 95216.25
1561015578.8065326 24.66 95218.96
1561015638.8510382 24.66 95216.94
1561015698.8799436 24.63 95221.20
1561015758.908849 24.68 95218.54
1561015818.9377544 24.68 95220.05
1561015878.9666598 24.75 95218.12
1561015938.9955654 24.78 95217.38
1561015999.0244708 24.74 95218.16
1561016059.0533762 24.79 95221.75
1561016119.0978816 24.62 95217.55
1561016179.1267872 24.63 95217.35
1561016239.1556926 24.66 95215.67
1561016299.184598 24.71 95213.85
1561016359.2135036 24.69 95211.99
1561016419.2424088 24.69 95208.21
1561016479.2713141 24.65 95208.89
1561016539.3158197 24.68 95214.74
1561016599.3447251 24.67 95215.80
1561016659.3736308 24.69 95215.33
1561016719.402536 24.69 95222.75
1561016779.4314413 24.68 95224.56
1561016839.460347 24.66 95227.14
1561016899.4892523 24.66 95228.32
1561016959.5337577 24.59 95228.10
1561017019.562663 24.59 95228.60
1561017079.5915687 24.55 95227.97
1561017139.620474 24.62 95235.35
1561017199.6493795 24.55 95230.01
1561017259.6782851 24.56 95229.87
1561017319.7071903 24.51 95229.28
1561017379.7360957 24.55 95229.78
1561017439.7806013 24.58 95233.08
1561017499.809507 24.50 95233.25
1561017559.8384123 24.52 95234.19
1561017619.8673174 24.54 95235.69
1561017679.896223 24.54 95237.80
1561017739.9251285 24.49 95235.53
1561017799.9540339 24.47 95236.31
1561017859.9985394 24.51 95236.39
1561017920.0274448 24.56 95236.06
1561017980.0563502 24.57 95233.92
1561018040.0852556 24.60 95239.69
1561018100.1141613 24.50 95237.60
1561018160.1430666 24.49 95239.14
1561018220.171972 24.50 95236.00
1561018280.2008774 24.48 95242.65
1561018340.245383 24.51 95239.50
1561018400.2742884 24.45 95240.39
1561018460.3031938 24.42 95241.36
1561018520.332099 24.49 95242.55
1561018580.3610046 24.51 95239.85
1561018640.38991 24.55 95241.64
1561018700.4188154 24.56 95237.22
1561018760.447721 24.54 95239.24
1561018820.4766264 24.62 95240.06
1561018880.5211318 24.55 95242.50
1561018940.5500371 24.50 95245.73
1561019000.5789428 24.48 95251.78
1561019060.6078482 24.51 95253.85
1561019120.6367536 24.48 95252.78
1561019180.665659 24.53 95251.91
1561019240.6945643 24.56 95256.11
1561019300.7234697 24.48 95253.49
1561019360.7679753 24.45 95258.00
1561019420.796881 24.50 95260.17
1561019480.825786 24.49 95259.90
1561019540.8546915 24.58 95266.80
1561019600.8835971 24.57 95268.35
1561019660.9125025 24.52 95267.62
1561019720.941408 24.56 95269.65
1561019780.9703135 24.55 95264.24
1561019841.014819 24.49 95270.16
1561019901.0437243 24.55 95267.78
1561019961.0726297 24.46 95269.19
1561020021.1015353 24.52 95268.49
1561020081.1304407 24.52 95268.35
1561020141.1593459 24.53 95263.61
1561020201.1882515 24.52 95269.32
1561020261.217157 24.50 95267.25
1561020321.2616625 24.54 95268.82
1561020381.2905676 24.53 95269.42
1561020441.3194733 24.51 95271.66
1561020501.3483787 24.52 95271.50
1561020561.377284 24.49 95278.19
1561020621.4061897 24.53 95275.81
1561020681.435095 24.48 95276.28
1561020741.4640005 24.42 95275.71
1561020801.4929056 24.52 95271.03
1561020861.5374112 24.50 95271.60
1561020921.5663168 24.50 95275.38
1561020981.5952222 24.52 95271.89
1561021041.6241274 24.53 95275.53
1561021101.653033 24.63 95278.60
1561021161.6819384 24.74 95279.61
1561021221.7108438 24.73 95282.80
1561021281.7397494 24.73 95287.85
1561021341.7686548 24.80 95285.72
1561021401.7975602 24.82 95290.03
1561021461.8264658 24.86 95290.56
1561021521.8709712 24.97 95292.74
1561021581.8998766 24.93 95289.80
1561021641.928782 24.99 95290.96
1561021701.9576874 25.04 95290.01
1561021761.986593 25.01 95290.75
1561021822.0154982 24.98 95292.36
1561021882.0444038 24.99 95289.92
1561021942.0733092 25.03 95289.94
1561022002.1178145 24.91 95286.63
1561022062.14672 24.97 95291.67
1561022122.1756256 25.02 95292.05
1561022182.204531 25.07 95294.55
1561022242.2334363 24.97 95296.69
1561022302.262342 24.96 95298.10
1561022362.2912471 24.93 95300.91
1561022422.3357527 24.95 95297.56
1561022482.364658 24.97 95305.61
1561022542.3935637 24.90 95304.50
1561022602.4224691 24.87 95305.41
1561022662.4513743 24.88 95305.71
1561022722.48028 24.84 95306.96
1561022782.5091853 24.92 95304.86
1561022842.5380907 24.96 95302.61
1561022902.582596 24.90 95307.74
1561022962.6115015 24.93 95307.03
1561023022.640407 24.99 95307.99
1561023082.6693125 24.97 95313.07
1561023142.6982179 24.93 95312.28
1561023202.7271235 24.86 95312.74
1561023262.756029 24.87 95316.21
1561023322.7849343 24.85 95319.99
1561023382.8294396 24.88 95319.32
1561023442.8583453 24.79 95321.07
1561023502.8872507 24.88 95323.07
1561023562.9161558 24.86 95323.57
1561023622.9450614 24.86 95324.80
1561023682.9739668 24.86 95327.32
1561023743.0028722 24.85 95329.12
1561023803.0317779 24.88 95328.85
1561023863.0762832 24.89 95327.31
1561023923.1051886 24.91 95329.61
1561023983.134094 24.89 95331.35
1561024043.1629996 24.81 95332.80
1561024103.191905 24.93 95333.02
1561024163.2208104 24.93 95328.88
1561024223.2497158 24.86 95331.29
1561024283.2786212 24.88 95338.28
1561024343.3075266 24.92 95336.24
1561024403.3520322 24.95 95339.84
1561024463.3809378 24.99 95342.34
1561024523.409843 24.91 95340.95
1561024583.4387484 24.91 95344.16
1561024643.467654 24.85 95343.90
1561024703.4965594 24.83 95346.95
1561024763.5254648 24.89 95350.08
1561024823.5543704 24.95 95352.78
1561024883.5988758 24.94 95352.42
1561024943.6277812 24.86 95352.39
1561025003.6566865 24.96 95351.45
1561025063.6855922 24.93 95355.80
1561025123.7144973 24.88 95356.54
1561025183.743403 24.81 95360.03
1561025243.772308 24.82 95360.06
1561025303.8012137 24.83 95359.69
1561025363.8457193 24.89 95361.69
1561025423.8746245 24.86 95361.69
1561025483.90353 24.84 95363.10
1561025543.9324355 24.89 95362.29
1561025603.961341 24.91 95363.53
1561025663.9902463 24.89 95366.81
1561025724.019152 24.85 95366.41
1561025784.048057 24.88 95366.54
1561025844.0925627 24.83 95366.92
1561025904.121468 24.85 95366.85
1561025964.1503737 24.80 95367.65
1561026024.179279 24.80 95372.13
1561026084.2081842 24.80 95369.86
1561026144.2370899 24.87 95373.20
1561026204.2659953 24.88 95376.74
1561026264.2949007 24.87 95381.73
1561026324.339406 24.86 95381.82
1561026384.3683116 24.91 95382.02
1561026444.397217 24.85 95385.21
1561026504.4261224 24.88 95387.78
1561026564.455028 24.84 95385.54
1561026624.4839334 24.82 95385.64
1561026684.5128388 24.88 95386.97
1561026744.5417445 24.92 95389.52
1561026804.5862498 24.86 95390.32
1561026864.6151552 24.89 95391.25
1561026924.6440606 24.92 95392.19
1561026984.672966 24.95 95392.22
1561027044.7018716 24.98 95391.58
1561027104.7307768 24.98 95394.92
1561027164.7596824 24.93 95396.57
1561027224.7885878 24.88 95394.24
1561027284.8174932 24.92 95395.14
1561027344.8463988 24.88 95392.22
1561027404.890904 24.86 95395.41
1561027464.9198096 24.87 95395.10
1561027524.948715 24.91 95393.07
1561027584.9776204 24.89 95396.61
1561027645.0065258 24.88 95396.35
1561027705.0354314 24.87 95400.56
1561027765.0643365 24.88 95402.70
1561027825.0932422 24.92 95403.39
1561027885.1221476 24.84 95408.25
1561027945.166653 24.83 95410.19
1561028005.1955583 24.90 95410.39
1561028065.224464 24.86 95413.14
1561028125.2533693 24.77 95418.78
1561028185.2822747 24.84 95417.82
1561028245.3111804 24.84 95414.47
1561028305.3400857 24.87 95415.50
1561028365.368991 24.77 95414.88
1561028425.4134965 24.82 95419.62
1561028485.4424021 24.66 95426.24
1561028545.4713075 24.60 95426.03
1561028605.500213 24.66 95426.91
1561028665.5291183 24.65 95428.98
1561028725.5580237 24.54 95432.91
1561028785.586929 24.55 95434.19
1561028845.6158347 24.53 95433.75
1561028905.6603403 24.59 95436.03
1561028965.6892455 24.59 95439.24
1561029025.7181509 24.61 95438.24
1561029085.7470565 24.54 95442.98
1561029145.7759619 24.54 95443.55
1561029205.804867 24.54 95445.32
1561029265.833773 24.58 95445.63
1561029325.862678 24.56 95447.53
1561029385.9071836 24.50 95452.03
1561029445.936089 24.47 95455.07
1561029505.9649942 24.47 95453.03
1561029565.9938998 24.49 95452.39
1561029626.0228052 24.49 95455.67
1561029686.0517106 24.48 95456.27
1561029746.0806162 24.47 95458.24
1561029806.1095216 24.46 95462.55
1561029866.138427 24.44 95461.14
1561029926.1829324 24.44 95460.41
1561029986.211838 24.46 95467.03
1561030046.2407434 24.46 95467.63
1561030106.2696488 24.44 95470.77
1561030166.2985544 24.49 95474.32
1561030226.3274596 24.57 95477.64
1561030286.356365 24.59 95476.99
1561030346.3852706 24.61 95485.05
1561030406.429776 24.60 95486.58
1561030466.4586816 24.55 95484.13
1561030526.4875867 24.56 95483.77
1561030586.5164924 24.61 95486.21
1561030646.5453978 24.51 95487.50
1561030706.5743032 24.54 95486.17
1561030766.6032088 24.52 95484.66
1561030826.6321142 24.50 95484.05
1561030886.6766195 24.55 95484.53
1561030946.705525 24.47 95488.22
1561031006.7344306 24.49 95489.24
1561031066.7633357 24.56 95492.28
1561031126.7922413 24.55 95491.35
1561031186.8211467 24.57 95490.35
1561031246.850052 24.56 95491.56
1561031306.8789575 24.55 95492.15
1561031366.9078631 24.60 95489.09
1561031426.9523685 24.61 95495.17
1561031486.981274 24.61 95495.85
1561031547.0101793 24.67 95496.52
1561031607.039085 24.63 95499.09
1561031667.0679903 24.64 95500.10
1561031727.0968957 24.63 95503.03
1561031787.1258013 24.61 95501.36
1561031847.1547065 24.58 95505.86
1561031907.199212 24.59 95504.00
1561031967.2281175 24.66 95506.49
1561032027.2570229 24.65 95506.88
1561032087.2859282 24.66 95506.82
1561032147.3148336 24.67 95507.79
1561032207.343739 24.65 95508.08
1561032267.3726447 24.66 95509.39
1561032327.40155 24.63 95510.96
1561032387.4304554 24.67 95509.69
1561032447.459361 24.69 95509.13
1561032507.5038664 24.66 95508.32
1561032567.5327718 24.66 95510.50
1561032627.5616772 24.71 95515.12
1561032687.5905828 24.70 95514.72
1561032747.619488 24.69 95519.10
1561032807.6483934 24.70 95519.74
1561032867.677299 24.68 95522.21
1561032927.7062044 24.67 95522.60
1561032987.75071 24.71 95524.08
1561033047.7796152 24.70 95523.88
1561033107.8085208 24.74 95524.99
1561033167.8374262 24.72 95527.19
1561033227.8663316 24.69 95529.73
1561033287.8952372 24.70 95529.33
1561033347.9241426 24.76 95531.17
1561033407.9530478 24.74 95531.98
1561033467.9975533 24.74 95534.69
1561033528.026459 24.73 95535.65
1561033588.0553644 24.72 95536.89
1561033648.0842698 24.73 95537.60
1561033708.1131752 24.73 95540.34
1561033768.1420805 24.80 95544.24
1561033828.170986 24.79 95545.80
1561033888.1998916 24.73 95546.22
1561033948.2443967 24.71 95548.19
1561034008.2733023 24.76 95550.58
1561034068.3022077 24.76 95549.07
1561034128.331113 24.72 95548.99
1561034188.3600187 24.73 95548.19
1561034248.3889241 24.69 95545.57
1561034308.4178293 24.69 95546.52
1561034368.446735 24.71 95542.94
1561034428.4912405 24.81 95546.75
1561034488.520146 24.82 95546.11
1561034548.5490513 24.85 95548.78
1561034608.5779567 24.78 95550.02
1561034668.606862 24.78 95546.91
1561034728.6357675 24.77 95544.02
1561034788.664673 24.78 95546.57
1561034848.6935785 24.77 95546.77
1561034908.7380838 24.77 95547.67
1561034968.7669892 24.75 95545.32
1561035028.7958949 24.80 95546.27
1561035088.8248003 24.81 95549.82
1561035148.8537056 24.77 95548.81
1561035208.8826113 24.81 95551.86
1561035268.9115164 24.83 95552.80
1561035328.9404218 24.76 95549.97
1561035388.9849274 24.78 95553.59
1561035449.013833 24.80 95553.36
1561035509.0427382 24.77 95550.98
1561035569.0716436 24.88 95552.21
1561035629.1005492 24.83 95550.82
1561035689.1294546 24.81 95551.83
1561035749.15836 24.84 95554.91
1561035809.2028654 24.80 95553.39
1561035869.231771 24.76 95557.80
1561035929.2606764 24.78 95551.69
1561035989.2895818 24.76 95554.72
1561036049.3184874 24.75 95554.58
1561036109.3473928 24.80 95550.72
1561036169.376298 24.81 95551.49
1561036229.4052033 24.78 95550.61
1561036289.449709 24.75 95552.67
1561036349.4786146 24.75 95550.51
1561036409.50752 24.83 95546.94
1561036469.536425 24.79 95546.14
1561036529.5653307 24.87 95550.46
1561036589.5942361 24.81 95551.92
1561036649.6231415 24.88 95554.44
1561036709.6520472 24.83 95552.96
1561036769.6965525 24.87 95551.13
1561036829.725458 25.00 95550.32
1561036889.7543633 25.03 95551.39
1561036949.783269 24.91 95550.78
1561037009.8121743 24.88 95548.35
1561037069.8410797 24.97 95552.59
1561037129.869985 24.98 95552.35
1561037189.8988905 24.92 95554.75
1561037249.943396 24.90 95555.59
1561037309.9723015 24.86 95556.72
1561037370.0012069 24.86 95558.25
1561037430.0301123 24.86 95555.21
1561037490.0590177 24.88 95556.52
1561037550.0879233 24.86 95554.00
1561037610.1168287 24.88 95549.36
1561037670.161334 24.95 95553.89
1561037730.1902394 25.04 95548.96
1561037790.219145 24.99 95548.58
1561037850.2480505 24.99 95548.11
1561037910.2769558 25.07 95549.19
1561037970.3058615 25.06 95549.32
1561038030.3347666 25.08 95548.82
1561038090.363672 25.11 95547.82
1561038150.4081776 25.11 95548.28
1561038210.4370828 25.04 95544.90
1561038270.4659886 25.02 95541.05
1561038330.4948938 25.01 95547.67
1561038390.5237992 25.13 95542.70
1561038450.5527048 25.04 95543.93
1561038510.5816102 25.07 95545.57
1561038570.6105156 25.08 95541.89
1561038630.6394212 25.11 95541.10
1561038690.6839266 25.08 95539.78
1561038750.712832 25.19 95540.60
1561038810.7417374 25.21 95540.50
1561038870.770643 25.29 95540.13
1561038930.7995484 25.26 95533.87
1561038990.8284535 25.21 95536.72
1561039050.8573592 25.18 95537.02
1561039110.9018648 25.19 95536.52
1561039170.9307702 25.14 95534.53
1561039230.9596753 25.12 95532.19
1561039290.988581 25.14 95533.00
1561039351.0174863 25.11 95534.40
1561039411.0463917 25.10 95529.75
1561039471.0752974 25.13 95530.66
1561039531.1198027 25.15 95529.08
1561039591.148708 25.15 95527.75
1561039651.1776135 25.15 95528.92
1561039711.2065191 25.15 95524.07
1561039771.2354245 25.11 95524.53
1561039831.26433 25.11 95524.57
1561039891.2932353 25.07 95525.73
1561039951.337741 25.09 95524.70
1561040011.3666463 25.11 95527.94
1561040071.3955514 25.13 95525.24
1561040131.4244573 25.15 95523.57
1561040191.4533625 25.12 95524.50
1561040251.4822679 25.15 95518.41
1561040311.5111735 25.16 95520.39
1561040371.5556786 25.12 95522.66
1561040431.5845842 25.14 95520.85
1561040491.6134896 25.17 95517.64
1561040551.642395 25.21 95514.46
1561040611.6713006 25.18 95515.30
1561040671.700206 25.20 95511.78
1561040731.7291114 25.19 95515.60
1561040791.7736168 25.14 95511.78
1561040851.8025224 25.20 95507.27
1561040911.8314278 25.31 95505.49
1561040971.8603332 25.30 95503.78
1561041031.8892388 25.24 95503.28
1561041091.918144 25.25 95504.08
1561041151.9470494 25.27 95499.77
1561041211.991555 25.24 95499.60
1561041272.0204604 25.29 95499.00
1561041332.049366 25.34 95497.28
1561041392.0782712 25.30 95494.38
1561041452.1071768 25.42 95494.80
1561041512.1360822 25.37 95494.10
1561041572.1649876 25.38 95491.52
1561041632.209493 25.40 95488.47
1561041692.2383986 25.37 95493.27
1561041752.267304 25.34 95488.91
1561041812.2962093 25.35 95493.77
1561041872.325115 25.36 95491.33
1561041932.35402 25.34 95489.52
1561041992.3829257 25.34 95490.02
1561042052.427431 25.29 95488.28
1561042112.4563367 25.22 95489.19
1561042172.4852421 25.16 95487.66
1561042232.5141473 25.19 95487.22
1561042292.543053 25.19 95488.46
1561042352.5719583 25.15 95488.36
1561042412.6008637 25.18 95487.59
1561042472.645369 25.14 95481.03
1561042532.6742744 25.12 95483.78
1561042592.70318 25.13 95482.57
1561042652.7320855 25.14 95474.14
1561042712.7609909 25.24 95472.83
1561042772.7898965 25.29 95465.69
1561042832.8188019 25.42 95468.19
1561042892.8633072 25.42 95461.96
1561042952.8922126 25.40 95462.80
1561043012.9211183 25.36 95460.72
1561043072.9500237 25.25 95462.69
1561043132.9789288 25.28 95458.07
1561043193.0078347 25.27 95456.60
1561043253.0367398 25.18 95455.00
1561043313.0812454 25.16 95450.45
1561043373.1101508 25.28 95450.27
1561043433.1390562 25.33 95451.46
1561043493.1679616 25.37 95443.66
1561043553.196867 25.33 95443.80
1561043613.2257726 25.32 95442.22
1561043673.254678 25.32 95441.83
1561043733.2991834 25.38 95437.80
1561043793.3280888 25.45 95434.94
1561043853.3569944 25.33 95431.49
1561043913.3858998 25.27 95435.67
1561043973.4148052 25.20 95436.32
1561044033.4437108 25.17 95433.68
1561044093.4882162 25.17 95434.19
1561044153.5171216 25.21 95435.32
1561044213.546027 25.20 95434.14
1561044273.5749326 25.25 95437.22
1561044333.6038377 25.26 95436.99
1561044393.6327431 25.21 95435.89
1561044453.6616488 25.18 95432.11
1561044513.7061539 25.18 95427.25
1561044573.7350597 25.15 95426.05
1561044633.763965 25.15 95423.11
1561044693.7928703 25.15 95420.83
1561044753.821776 25.14 95421.91
1561044813.8506813 25.09 95421.08
1561044873.879587 25.18 95420.16
1561044933.924092 25.14 95420.77
1561044993.9529977 25.12 95418.20
1561045053.981903 25.12 95412.51
1561045114.0108085 25.27 95415.10
1561045174.039714 25.28 95416.63
1561045234.0686195 25.26 95413.59
1561045294.0975246 25.34 95410.25
1561045354.1420302 25.30 95409.33
1561045414.1709359 25.19 95408.42
1561045474.1998413 25.19 95414.21
1561045534.2287464 25.22 95412.39
1561045594.257652 25.26 95408.03
1561045654.2865574 25.33 95412.67
1561045714.3310628 25.35 95410.89
1561045774.3599684 25.31 95416.16
1561045834.3888738 25.32 95412.21
1561045894.4177792 25.28 95411.38
1561045954.4466846 25.31 95408.76
1561046014.4755902 25.22 95410.15
1561046074.5044956 25.27 95410.58
1561046134.533401 25.28 95407.60
1561046194.5779064 25.22 95405.24
1561046254.606812 25.21 95406.84
1561046314.6357174 25.14 95403.07
1561046374.6646225 25.16 95400.66
1561046434.6935284 25.13 95396.42
1561046494.7224336 25.18 95398.17
1561046554.751339 25.19 95397.60
1561046614.7958446 25.23 95399.11
1561046674.8247497 25.37 95396.80
1561046734.8536553 25.32 95394.16
1561046794.8825607 25.41 95389.63
1561046854.9114661 25.32 95392.16
1561046914.9403718 25.35 95387.06
1561046974.9848773 25.29 95383.80
1561047035.0137825 25.33 95382.99
1561047095.042688 25.42 95381.49
1561047155.0715935 25.40 95381.75
1561047215.100499 25.39 95383.13
1561047275.1294043 25.35 95381.21
1561047335.1739097 25.40 95383.42
1561047395.2028153 25.39 95380.32
1561047455.2317207 25.39 95381.39
1561047515.260626 25.33 95379.53
1561047575.2895315 25.29 95381.02
1561047635.318437 25.33 95378.03
1561047695.3473423 25.27 95372.66
1561047755.3918478 25.27 95375.37
1561047815.4207535 25.24 95376.21
1561047875.4496586 25.23 95373.24
1561047935.478564 25.27 95372.60
1561047995.5074697 25.33 95373.82
1561048055.536375 25.43 95374.08
1561048115.5808804 25.42 95365.65
1561048175.6097858 25.37 95367.17
1561048235.6386914 25.38 95371.78
1561048295.6675968 25.40 95370.55
1561048355.6965022 25.36 95368.61
1561048415.7254078 25.31 95373.35
1561048475.7699132 25.32 95371.27
1561048535.7988186 25.27 95370.99
1561048595.827724 25.24 95371.36
1561048655.8566296 25.33 95370.17
1561048715.885535 25.33 95367.61
1561048775.9144402 25.38 95366.77
1561048835.9589458 25.34 95365.00
1561048895.9878514 25.32 95362.20
1561048956.0167568 25.37 95361.38
1561049016.0456622 25.38 95358.13
1561049076.0745673 25.35 95358.71
1561049136.103473 25.28 95362.08
1561049196.1479785 25.31 95357.46
1561049256.176884 25.42 95357.52
1561049316.205789 25.39 95355.35
1561049376.2346947 25.44 95352.19
1561049436.2636 25.40 95352.63
1561049496.2925055 25.37 95353.08
1561049556.337011 25.36 95350.91
1561049616.3659165 25.37 95352.61
1561049676.394822 25.38 95352.71
1561049736.4237273 25.40 95351.57
1561049796.452633 25.42 95351.05
1561049856.4815383 25.43 95350.21
1561049916.5104437 25.38 95348.25
1561049976.554949 25.28 95345.35
1561050036.5838547 25.33 95345.13
1561050096.61276 25.28 95345.61
1561050156.6416652 25.33 95340.54
1561050216.670571 25.38 95344.94
1561050276.6994762 25.40 95343.96
1561050336.7439818 25.46 95346.02
1561050396.7728872 25.38 95345.74
1561050456.8017926 25.31 95343.86
1561050516.830698 25.42 95346.71
1561050576.8596034 25.38 95347.89
1561050636.888509 25.42 95348.32
1561050696.9330146 25.41 95346.44
1561050756.9619198 25.36 95347.73
1561050816.9908252 25.41 95346.00
1561050877.0197308 25.34 95341.82
1561050937.0486362 25.36 95343.61
1561050997.0775416 25.32 95343.28
1561051057.122047 25.40 95343.03
1561051117.1509523 25.39 95340.49
1561051177.179858 25.48 95340.42
1561051237.2087634 25.38 95338.69
1561051297.2376688 25.39 95339.61
1561051357.2665741 25.37 95335.61
1561051417.3110797 25.35 95335.02
1561051477.3399851 25.33 95331.00
1561051537.3688905 25.43 95331.30
1561051597.3977962 25.40 95329.24
1561051657.4267013 25.47 95325.53
1561051717.4556067 25.49 95326.72
1561051777.5001123 25.51 95324.47
1561051837.529018 25.50 95323.17
1561051897.5579233 25.41 95322.74
1561051957.5868285 25.42 95320.73
1561052017.615734 25.57 95318.52
1561052077.6446395 25.53 95314.65
1561052137.689145 25.47 95316.66
1561052197.7180502 25.54 95317.93
1561052257.7469559 25.50 95318.99
1561052317.7758613 25.50 95322.50
1561052377.8047667 25.58 95320.22
1561052437.8336723 25.58 95322.36
1561052497.8781776 25.61 95320.17
1561052557.907083 25.51 95321.19
1561052617.9359884 25.58 95318.62
1561052677.964894 25.55 95323.52
1561052737.9937994 25.61 95317.07
1561052798.0383048 25.56 95324.46
1561052858.0672102 25.47 95318.16
1561052918.0961158 25.44 95317.38
1561052978.1250212 25.38 95322.52
1561053038.1539264 25.46 95320.88
1561053098.1828322 25.39 95320.41
1561053158.2273374 25.44 95320.46
1561053218.256243 25.39 95318.67
1561053278.2851484 25.35 95316.91
1561053338.3140535 25.44 95318.11
1561053398.3429592 25.42 95319.58
1561053458.3718646 25.47 95316.92
1561053518.4163702 25.49 95318.63
1561053578.4452753 25.44 95316.71
1561053638.4741812 25.39 95321.82
1561053698.5030863 25.41 95318.49
1561053758.5319917 25.43 95318.82
1561053818.5608974 25.45 95321.46
1561053878.6054027 25.41 95317.89
1561053938.634308 25.47 95318.67
1561053998.6632135 25.44 95316.21
1561054058.6921191 25.44 95314.69
1561054118.7210245 25.40 95316.25
1561054178.74993 25.47 95313.38
1561054238.7944353 25.47 95316.09
1561054298.823341 25.48 95314.94
1561054358.8522463 25.49 95313.17
1561054418.8811517 25.43 95315.07
1561054478.9100573 25.39 95311.16
1561054538.9389625 25.42 95313.89
1561054598.983468 25.43 95311.96
1561054659.0123734 25.46 95315.69
1561054719.041279 25.45 95315.79
1561054779.0701842 25.45 95313.45
1561054839.0990896 25.50 95313.26
1561054899.1279953 25.57 95310.12
1561054959.1725004 25.48 95310.36
1561055019.2014062 25.43 95309.71
1561055079.2303114 25.44 95310.51
1561055139.2592168 25.40 95310.72
1561055199.2881224 25.44 95304.65
1561055259.3170278 25.49 95308.21
1561055319.3615332 25.49 95306.88
1561055379.3904386 25.51 95304.11
1561055439.4193442 25.47 95307.35
1561055499.4482496 25.50 95308.58
1561055559.477155 25.54 95301.92
1561055619.5060606 25.43 95307.60
1561055679.550566 25.46 95307.36
1561055739.5794713 25.48 95309.15
1561055799.6083767 25.41 95308.11
1561055859.6372824 25.33 95315.07
1561055919.6661878 25.34 95316.54
1561055979.695093 25.31 95317.29
1561056039.7395985 25.42 95317.55
1561056099.7685041 25.43 95320.02
1561056159.7974093 25.46 95321.71
1561056219.826315 25.44 95320.02
1561056279.8552203 25.37 95324.57
1561056339.8841257 25.46 95321.25
1561056399.9286313 25.40 95319.60
1561056459.9575365 25.43 95323.37
1561056519.986442 25.36 95323.10
1561056580.0153475 25.44 95322.96
1561056640.0442529 25.48 95321.21
1561056700.0731585 25.40 95320.94
1561056760.1176639 25.36 95321.79
1561056820.1465693 25.29 95326.77
1561056880.1754746 25.29 95321.28
1561056940.2043803 25.35 95322.92
1561057000.2332857 25.36 95322.60
1561057060.262191 25.31 95327.33
1561057120.2910962 25.33 95323.97
1561057180.3356018 25.35 95324.77
1561057240.3645074 25.28 95323.09
1561057300.3934128 25.32 95321.03
1561057360.422318 25.34 95325.35
1561057420.4512236 25.36 95323.46
1561057480.480129 25.30 95325.89
1561057540.5246346 25.32 95323.75
1561057600.55354 25.28 95326.88
1561057660.5824454 25.30 95325.39
1561057720.6113508 25.32 95319.19
1561057780.6402562 25.37 95326.07
1561057840.6691618 25.39 95325.56
1561057900.6980672 25.45 95323.19
1561057960.7269726 25.40 95322.10
1561058020.771478 25.39 95322.82
1561058080.8003836 25.54 95320.97
1561058140.829289 25.49 95325.62
1561058200.8581944 25.42 95321.80
1561058260.8871 25.33 95322.60
1561058320.9160051 25.32 95323.01
1561058380.9605107 25.33 95323.82
1561058440.9894161 25.33 95322.97
1561058501.0183218 25.37 95325.97
1561058561.047227 25.38 95328.85
1561058621.0761323 25.37 95327.31
1561058681.105038 25.42 95327.25
1561058741.1495435 25.40 95328.97
1561058801.178449 25.39 95329.74
1561058861.207354 25.45 95326.77
1561058921.2362597 25.39 95328.61
1561058981.265165 25.31 95325.86
1561059041.2940705 25.43 95330.53
1561059101.3385758 25.42 95328.13
1561059161.3674812 25.43 95326.18
1561059221.3963869 25.38 95330.18
1561059281.4252923 25.42 95332.85
1561059341.4541976 25.29 95333.20
1561059401.483103 25.29 95332.19
1561059461.5120087 25.32 95330.27
1561059521.556514 25.30 95334.33
1561059581.5854194 25.38 95329.38
1561059641.614325 25.40 95331.82
1561059701.6432302 25.36 95332.74
1561059761.6721356 25.39 95335.57
1561059821.7010412 25.30 95338.55
1561059881.7455468 25.29 95337.44
1561059941.7744522 25.35 95342.61
1561060001.8033574 25.37 95344.98
1561060061.832263 25.41 95345.10
1561060121.8611684 25.35 95346.80
1561060181.8900738 25.33 95345.80
1561060241.9345791 25.28 95349.39
1561060301.9634848 25.31 95350.39
1561060361.9923902 25.34 95347.27
1561060422.0212955 25.34 95348.60
1561060482.0502012 25.31 95349.89
1561060542.0791066 25.25 95350.08
1561060602.123612 25.36 95350.77
1561060662.1525173 25.37 95353.91
1561060722.181423 25.36 95351.04
1561060782.2103283 25.34 95353.46
1561060842.2392337 25.31 95354.07
1561060902.2681391 25.37 95356.53
1561060962.3126447 25.36 95354.72
1561061022.34155 25.37 95357.03
1561061082.3704555 25.32 95356.88
1561061142.3993611 25.36 95358.35
1561061202.4282663 25.36 95361.32
1561061262.4571717 25.42 95360.30
1561061322.486077 25.38 95359.34
1561061382.5305827 25.33 95362.24
1561061442.559488 25.38 95360.94
1561061502.5883934 25.37 95359.98
1561061562.6172988 25.44 95366.38
1561061622.6462045 25.39 95362.71
1561061682.6751099 25.43 95367.11
1561061742.7196152 25.43 95365.52
1561061802.7485206 25.32 95368.05
1561061862.7774262 25.30 95369.81
1561061922.8063316 25.36 95368.45
1561061982.835237 25.32 95372.17
1561062042.8641427 25.37 95373.43
1561062102.908648 25.32 95376.13
1561062162.9375534 25.33 95377.53
1561062222.9664588 25.32 95377.86
1561062282.9953644 25.28 95382.00
1561062343.0242698 25.36 95383.28
1561062403.053175 25.37 95382.37
1561062463.0976806 25.35 95385.49
1561062523.1265862 25.28 95388.63
1561062583.1554916 25.31 95384.57
1561062643.1843967 25.35 95386.36
1561062703.2133024 25.32 95387.07
1561062763.2422078 25.31 95390.21
1561062823.2711132 25.27 95389.32
1561062883.3156188 25.28 95388.35
1561062943.3445241 25.29 95385.67
1561063003.3734295 25.38 95387.69
1561063063.402335 25.39 95388.63
1561063123.4312406 25.35 95393.52
1561063183.460146 25.25 95392.74
1561063243.5046513 25.30 95396.45
1561063303.5335567 25.33 95393.89
1561063363.562462 25.28 95397.32
1561063423.5913677 25.37 95396.19
1561063483.6202729 25.32 95402.53
1561063543.6491785 25.37 95405.39
1561063603.6936839 25.35 95405.24
1561063663.7225895 25.32 95407.65
1561063723.751495 25.33 95409.82
1561063783.7804 25.33 95407.28
1561063843.8093057 25.37 95410.25
1561063903.838211 25.28 95406.96
1561063963.8827167 25.26 95411.85
1561064023.9116218 25.28 95411.04
1561064083.9405274 25.31 95409.66
1561064143.9694328 25.33 95412.97
1561064203.9983382 25.36 95411.50
1561064264.0272439 25.41 95414.63
1561064324.0561492 25.44 95414.61
1561064384.1006546 25.45 95413.91
1561064444.12956 25.49 95415.67
1561064504.1584656 25.41 95417.41
1561064564.187371 25.39 95417.94
1561064624.2162764 25.34 95418.39
1561064684.2451818 25.33 95418.30
1561064744.2896874 25.38 95417.17
1561064804.3185928 25.39 95417.58
1561064864.3474982 25.46 95420.34
1561064924.3764038 25.39 95417.64
1561064984.405309 25.37 95418.78
1561065044.4342144 25.41 95422.39
1561065104.47872 25.44 95418.30
1561065164.5076256 25.48 95423.64
1561065224.5365307 25.43 95425.77
1561065284.5654361 25.38 95429.19
1561065344.5943415 25.36 95427.79
1561065404.6232471 25.39 95423.94
1561065464.6677527 25.30 95424.53
1561065524.696658 25.33 95422.00
1561065584.7255633 25.40 95424.94
1561065644.754469 25.36 95426.22
1561065704.7833743 25.31 95424.72
1561065764.8122797 25.31 95423.75
1561065824.8411853 25.43 95424.26
1561065884.8856907 25.39 95423.13
1561065944.914596 25.38 95421.73
1561066004.9435015 25.41 95427.11
1561066064.9724069 25.43 95423.69
1561066125.0013125 25.45 95423.28
1561066185.0302176 25.42 95424.74
1561066245.0747232 25.39 95424.30
1561066305.1036289 25.41 95424.60
1561066365.132534 25.41 95427.67
1561066425.1614394 25.42 95429.92
1561066485.190345 25.44 95433.50
1561066545.2192504 25.46 95436.07
1561066605.2637558 25.45 95441.67
1561066665.2926612 25.41 95440.50
1561066725.3215668 25.42 95438.39
1561066785.3504722 25.39 95446.93
1561066845.3793776 25.40 95441.44
1561066905.4082832 25.43 95441.10
1561066965.4371886 25.44 95444.58
1561067025.481694 25.39 95443.85
1561067085.5105994 25.38 95449.64
1561067145.539505 25.38 95445.26
1561067205.5684104 25.47 95447.22
1561067265.5973155 25.46 95452.04
1561067325.6262214 25.39 95453.60
1561067385.6707265 25.43 95450.75
1561067445.6996322 25.50 95450.89
1561067505.7285376 25.50 95448.68
1561067565.7574427 25.48 95449.42
1561067625.7863483 25.49 95447.25
1561067685.8152537 25.51 95450.42
1561067745.8597593 25.48 95444.84
1561067805.8886645 25.45 95446.22
1561067865.91757 25.44 95451.61
1561067925.9464755 25.47 95448.66
1561067985.975381 25.49 95449.49
1561068046.0042865 25.47 95448.78
1561068106.033192 25.47 95452.85
1561068166.0620973 25.47 95452.07
1561068226.1066027 25.45 95450.30
1561068286.1355083 25.47 95454.35
1561068346.1644137 25.48 95449.06
1561068406.193319 25.51 95453.50
1561068466.2222245 25.53 95455.10
1561068526.25113 25.55 95455.60
1561068586.2956355 25.62 95455.89
1561068646.3245409 25.55 95456.57
1561068706.3534465 25.53 95455.71
1561068766.3823516 25.52 95457.25
1561068826.411257 25.47 95456.19
1561068886.4401627 25.47 95459.03
1561068946.4846683 25.42 95463.50
1561069006.5135734 25.45 95467.14
1561069066.5424788 25.43 95472.07
1561069126.5713844 25.48 95466.53
1561069186.6002898 25.38 95468.63
1561069246.6291952 25.33 95467.66
1561069306.6737006 25.43 95471.13
1561069366.702606 25.52 95472.65
1561069426.7315116 25.48 95473.86
1561069486.760417 25.44 95471.53
1561069546.7893226 25.46 95471.52
1561069606.818228 25.49 95468.00
1561069666.8471332 25.45 95464.93
1561069726.8916388 25.44 95459.21
1561069786.9205441 25.44 95469.42
1561069846.9494498 25.39 95466.14
1561069906.9783552 25.33 95469.30
1561069967.0072603 25.38 95467.35
1561070027.036166 25.47 95465.86
1561070087.0806715 25.52 95469.14
1561070147.1095767 25.56 95465.91
1561070207.138482 25.55 95464.17
1561070267.1673877 25.57 95461.86
1561070327.196293 25.50 95464.96
1561070387.2251985 25.55 95464.71
1561070447.2697039 25.51 95470.55
1561070507.2986095 25.42 95472.40
1561070567.327515 25.41 95472.64
1561070627.3564203 25.41 95475.82
1561070687.385326 25.39 95481.38
1561070747.4142313 25.39 95480.85
1561070807.4587367 25.44 95484.85
1561070867.487642 25.38 95483.75
1561070927.5165477 25.41 95491.39
1561070987.545453 25.38 95487.27
1561071047.5743585 25.50 95488.72
1561071107.603264 25.47 95490.67
1561071167.6321692 25.42 95492.52
1561071227.6766748 25.43 95496.77
1561071287.7055802 25.44 95491.78
1561071347.7344854 25.45 95491.54
1561071407.763391 25.42 95497.11
1561071467.7922964 25.41 95497.75
1561071527.8212018 25.38 95500.59
1561071587.8657076 25.44 95494.63
1561071647.8946128 25.44 95502.00
1561071707.9235182 25.39 95498.49
1561071767.9524236 25.43 95491.92
1561071827.9813292 25.38 95496.47
1561071888.0102346 25.41 95493.36
1561071948.05474 25.39 95494.74
1561072008.0836453 25.34 95496.38
1561072068.112551 25.38 95502.27
1561072128.1414564 25.41 95497.88
1561072188.1703618 25.34 95498.46
1561072248.1992674 25.38 95498.75
1561072308.2281725 25.41 95495.03
1561072368.2726781 25.37 95499.52
1561072428.3015835 25.41 95498.92
1561072488.3304892 25.36 95501.90
1561072548.3593943 25.38 95506.85
1561072608.3882997 25.35 95505.28
1561072668.4172053 25.39 95510.80
1561072728.4617107 25.32 95514.99
1561072788.4906163 25.34 95513.28
1561072848.5195215 25.31 95516.23
1561072908.548427 25.33 95515.56
1561072968.5773325 25.34 95514.96
1561073028.606238 25.36 95515.96
1561073088.6507432 25.41 95521.01
1561073148.6796489 25.33 95520.38
1561073208.7085543 25.36 95526.77
1561073268.7374597 25.32 95526.00
1561073328.7663653 25.33 95526.53
1561073388.7952707 25.32 95523.19
1561073448.824176 25.35 95525.13
1561073508.8686814 25.37 95523.22
1561073568.897587 25.39 95516.89
1561073628.9264925 25.41 95521.82
1561073688.9553978 25.44 95519.90
1561073748.984303 25.49 95519.63
1561073809.0132086 25.40 95525.96
1561073869.0577142 25.47 95519.77
1561073929.0866194 25.39 95520.88
1561073989.115525 25.37 95522.45
1561074049.1444304 25.41 95519.00
1561074109.1733358 25.35 95519.78
1561074169.2022412 25.31 95523.29
1561074229.2311468 25.36 95524.92
1561074289.2756522 25.30 95525.38
1561074349.3045576 25.35 95526.41
1561074409.333463 25.43 95522.95
1561074469.3623686 25.37 95529.85
1561074529.391274 25.41 95529.95
1561074589.4201791 25.37 95533.10
1561074649.4646847 25.32 95536.95
1561074709.4935904 25.32 95535.24
1561074769.5224957 25.36 95537.21
1561074829.5514011 25.34 95539.89
1561074889.5803065 25.44 95542.24
1561074949.609212 25.48 95544.94
1561075009.6537175 25.41 95545.61
1561075069.682623 25.46 95547.69
1561075129.7115283 25.36 95550.87
1561075189.740434 25.33 95552.17
1561075249.769339 25.31 95554.05
