1560643264.1825967 25.69 95376.46
1560643324.227102 25.70 95376.76
1560643384.2560074 25.68 95382.26
1560643444.2849128 25.63 95379.16
1560643504.3138182 25.66 95380.10
1560643564.3427236 25.58 95377.67
1560643624.371629 25.62 95380.82
1560643684.4161346 25.66 95377.25
1560643744.4450402 25.62 95381.14
1560643804.4739456 25.62 95380.04
1560643864.5028508 25.64 95380.77
1560643924.5317564 25.57 95382.30
1560643984.5606618 25.62 95383.72
1560644044.5895672 25.61 95383.39
1560644104.6340725 25.61 95382.59
1560644164.662978 25.63 95382.95
1560644224.6918836 25.61 95381.89
1560644284.720789 25.62 95383.76
1560644344.7496943 25.68 95384.47
1560644404.7785997 25.64 95386.66
1560644464.8231053 25.60 95385.57
1560644524.8520107 25.58 95384.85
1560644584.880916 25.54 95388.78
1560644644.9098217 25.54 95389.28
1560644704.938727 25.54 95386.40
1560644764.9676323 25.60 95388.82
1560644825.012138 25.57 95390.00
1560644885.0410435 25.59 95388.72
1560644945.069949 25.65 95393.60
1560645005.098854 25.66 95394.53
1560645065.1277597 25.57 95394.19
1560645125.156665 25.59 95395.56
1560645185.2011707 25.56 95397.35
1560645245.2300758 25.53 95403.48
1560645305.2589815 25.59 95401.41
1560645365.2878869 25.59 95400.58
1560645425.3167922 25.59 95402.63
1560645485.3456979 25.59 95403.86
1560645545.3902032 25.59 95400.25
1560645605.4191086 25.60 95403.22
1560645665.448014 25.63 95404.05
1560645725.4769197 25.63 95410.41
1560645785.505825 25.60 95413.86
1560645845.5347304 25.65 95408.77
1560645905.5792358 25.65 95409.74
1560645965.6081414 25.66 95411.24
1560646025.6370468 25.64 95411.78
1560646085.6659522 25.72 95412.85
1560646145.6948578 25.67 95415.16
1560646205.723763 25.65 95415.39
1560646265.7682686 25.65 95413.69
1560646325.797174 25.60 95418.16
1560646385.8260796 25.62 95415.30
1560646445.8549848 25.63 95415.57
1560646505.8838902 25.62 95418.64
1560646565.9127955 25.63 95415.60
1560646625.957301 25.66 95412.14
1560646685.9862068 25.61 95417.58
1560646746.015112 25.59 95414.41
1560646806.0440173 25.56 95417.93
1560646866.072923 25.59 95418.19
1560646926.1018283 25.56 95416.60
1560646986.1463337 25.54 95417.50
1560647046.175239 25.56 95419.97
1560647106.2041447 25.54 95420.78
1560647166.23305 25.59 95418.66
1560647226.2619555 25.57 95416.22
1560647286.290861 25.56 95417.43
1560647346.3353665 25.53 95422.33
1560647406.3642719 25.55 95422.75
1560647466.3931773 25.61 95416.71
1560647526.422083 25.59 95422.04
1560647586.450988 25.55 95419.31
1560647646.4798934 25.60 95424.72
1560647706.524399 25.64 95421.36
1560647766.5533047 25.62 95417.64
1560647826.5822098 25.57 95422.28
1560647886.6111152 25.55 95421.02
1560647946.6400208 25.62 95420.39
1560648006.6689262 25.58 95418.46
1560648066.7134318 25.57 95422.62
1560648126.742337 25.60 95421.24
1560648186.7712424 25.55 95421.78
1560648246.800148 25.60 95421.47
1560648306.8290534 25.55 95419.28
1560648366.8579588 25.51 95415.47
1560648426.9024642 25.51 95420.35
1560648486.9313698 25.54 95422.52
1560648546.9602752 25.55 95418.94
1560648606.9891806 25.56 95424.66
1560648667.0180862 25.53 95426.35
1560648727.0469916 25.48 95425.52
1560648787.091497 25.45 95424.39
1560648847.1204023 25.48 95429.03
1560648907.149308 25.53 95426.58
1560648967.1782134 25.53 95429.66
1560649027.2071185 25.57 95428.64
1560649087.2360241 25.60 95426.36
1560649147.2805297 25.53 95426.31
1560649207.309435 25.57 95426.14
1560649267.3383405 25.56 95427.81
1560649327.367246 25.60 95430.85
1560649387.3961513 25.56 95435.51
1560649447.4250567 25.61 95432.78
1560649507.469562 25.62 95435.39
1560649567.4984677 25.59 95436.74
1560649627.527373 25.56 95441.97
1560649687.5562785 25.57 95439.60
1560649747.585184 25.58 95440.60
1560649807.6140895 25.56 95442.64
1560649867.6585948 25.55 95443.72
1560649927.6875002 25.52 95443.46
1560649987.7164059 25.56 95447.00
1560650047.7453113 25.56 95449.94
1560650107.7742167 25.53 95447.00
1560650167.8031223 25.56 95450.67
1560650227.8476274 25.59 95449.39
1560650287.876533 25.58 95451.21
1560650347.9054384 25.60 95448.83
1560650407.9343436 25.52 95450.09
1560650467.9632494 25.47 95450.67
1560650527.9921546 25.52 95452.93
1560650588.0366602 25.51 95455.17
1560650648.0655656 25.49 95454.67
1560650708.094471 25.51 95451.50
1560650768.1233764 25.49 95451.00
1560650828.1522818 25.54 95451.42
1560650888.1811874 25.58 95453.39
1560650948.2100928 25.55 95453.89
1560651008.2545981 25.52 95454.78
1560651068.2835035 25.55 95456.10
1560651128.3124092 25.55 95457.95
1560651188.3413146 25.50 95457.49
1560651248.37022 25.57 95460.58
1560651308.3991256 25.54 95456.10
1560651368.443631 25.54 95456.91
1560651428.4725363 25.59 95451.57
1560651488.5014417 25.54 95453.93
1560651548.5303473 25.43 95456.50
1560651608.5592525 25.46 95457.50
1560651668.588158 25.47 95460.38
1560651728.6326635 25.50 95462.24
1560651788.661569 25.51 95460.20
1560651848.6904745 25.52 95461.27
1560651908.7193797 25.49 95459.07
1560651968.7482853 25.48 95457.13
1560652028.7771907 25.54 95459.35
1560652088.821696 25.53 95460.30
1560652148.8506014 25.54 95463.37
1560652208.8795068 25.57 95468.35
1560652268.9084125 25.59 95464.47
1560652328.9373178 25.50 95460.94
1560652388.9662235 25.53 95459.89
1560652449.0107286 25.56 95461.63
1560652509.0396342 25.58 95464.90
1560652569.0685396 25.57 95463.10
1560652629.097445 25.60 95464.39
1560652689.1263506 25.57 95464.14
1560652749.155256 25.58 95461.86
1560652809.1997614 25.51 95463.68
1560652869.2286668 25.50 95463.35
1560652929.2575724 25.48 95462.45
1560652989.2864778 25.47 95463.62
1560653049.3153832 25.45 95461.35
1560653109.3442886 25.50 95462.00
1560653169.3887942 25.50 95459.10
1560653229.4176996 25.54 95459.52
1560653289.4466047 25.52 95454.74
1560653349.4755104 25.48 95453.38
1560653409.5044158 25.56 95457.88
1560653469.5333211 25.49 95456.35
1560653529.5778267 25.48 95453.07
1560653589.6067321 25.50 95456.42
1560653649.6356375 25.51 95457.69
1560653709.664543 25.48 95459.10
1560653769.6934485 25.50 95455.88
1560653829.722354 25.45 95453.55
1560653889.7668593 25.51 95458.49
1560653949.7957647 25.48 95458.07
1560654009.8246703 25.49 95453.50
1560654069.8535757 25.47 95454.35
1560654129.882481 25.46 95453.28
1560654189.9113867 25.52 95451.72
1560654249.940292 25.52 95452.39
1560654309.9847975 25.53 95452.29
1560654370.0137029 25.51 95448.82
1560654430.0426085 25.57 95449.57
1560654490.0715137 25.54 95449.88
1560654550.100419 25.52 95449.55
1560654610.1293244 25.50 95449.89
1560654670.1738298 25.56 95447.83
1560654730.2027357 25.57 95448.80
1560654790.2316408 25.54 95448.47
1560654850.2605462 25.53 95447.57
1560654910.2894518 25.52 95444.79
1560654970.3183572 25.53 95450.35
1560655030.3628626 25.53 95442.64
1560655090.391768 25.55 95439.39
1560655150.4206736 25.58 95442.24
1560655210.449579 25.57 95441.39
1560655270.4784844 25.53 95442.08
1560655330.50739 25.50 95442.25
1560655390.5518954 25.44 95442.24
1560655450.5808008 25.45 95444.85
1560655510.6097062 25.51 95442.11
1560655570.6386118 25.45 95442.50
1560655630.6675172 25.42 95443.11
1560655690.6964223 25.47 95443.10
1560655750.740928 25.47 95444.21
1560655810.7698336 25.49 95440.61
1560655870.7987387 25.48 95439.85
1560655930.8276443 25.45 95446.52
1560655990.8565497 25.45 95440.16
1560656050.8854551 25.42 95443.55
1560656110.9143605 25.43 95440.53
1560656170.9432662 25.41 95440.84
1560656230.9877715 25.46 95441.39
1560656291.016677 25.48 95437.24
1560656351.0455823 25.45 95438.15
1560656411.074488 25.48 95434.46
1560656471.1033933 25.47 95437.67
1560656531.1322985 25.43 95437.75
1560656591.176804 25.47 95436.77
1560656651.2057095 25.51 95434.75
1560656711.234615 25.47 95435.77
1560656771.2635205 25.48 95433.16
1560656831.2924259 25.51 95434.39
1560656891.3213313 25.45 95434.97
1560656951.3658369 25.46 95433.73
1560657011.3947423 25.41 95430.69
1560657071.4236474 25.43 95431.73
1560657131.4525533 25.43 95426.44
1560657191.4814584 25.43 95429.11
1560657251.5103638 25.42 95425.74
1560657311.5548694 25.43 95426.77
1560657371.5837748 25.39 95425.41
1560657431.6126802 25.43 95424.42
1560657491.6415856 25.46 95422.25
1560657551.6704912 25.45 95424.52
1560657611.6993966 25.50 95422.17
1560657671.728302 25.53 95420.82
1560657731.7728074 25.48 95421.77
1560657791.801713 25.51 95420.72
1560657851.8306184 25.52 95422.94
1560657911.8595238 25.44 95423.49
1560657971.8884294 25.43 95424.77
1560658031.9173346 25.37 95425.25
1560658091.9618402 25.42 95422.96
1560658151.9907455 25.45 95419.77
1560658212.0196512 25.40 95422.36
1560658272.0485563 25.44 95425.57
1560658332.0774617 25.45 95426.07
1560658392.1063673 25.40 95422.25
1560658452.1508725 25.43 95428.32
1560658512.1797783 25.44 95425.67
1560658572.2086835 25.41 95429.25
1560658632.237589 25.47 95425.96
1560658692.2664945 25.35 95429.87
1560658752.2954 25.45 95429.92
1560658812.3399053 25.46 95426.16
1560658872.3688107 25.54 95427.58
1560658932.3977163 25.47 95428.03
1560658992.4266217 25.44 95427.97
1560659052.455527 25.42 95428.92
1560659112.4844327 25.42 95423.96
1560659172.513338 25.39 95424.00
1560659232.5578434 25.41 95425.61
1560659292.5867488 25.44 95421.11
1560659352.6156545 25.46 95419.63
1560659412.6445599 25.48 95420.13
1560659472.673465 25.49 95424.14
1560659532.7023706 25.42 95423.13
1560659592.7468762 25.46 95420.14
1560659652.7757814 25.39 95421.93
1560659712.804687 25.37 95423.64
1560659772.8335924 25.45 95417.70
1560659832.8624978 25.41 95413.02
1560659892.8914032 25.45 95418.03
1560659952.9359086 25.41 95417.91
1560660012.9648142 25.38 95421.83
1560660072.9937196 25.37 95419.85
1560660133.022625 25.40 95422.46
1560660193.0515306 25.40 95418.51
1560660253.080436 25.38 95417.71
1560660313.1249413 25.40 95419.68
1560660373.1538467 25.42 95415.63
1560660433.1827524 25.39 95415.60
1560660493.2116578 25.44 95413.78
1560660553.2405632 25.39 95411.52
1560660613.2694683 25.35 95411.56
1560660673.298374 25.37 95412.42
1560660733.3428795 25.39 95405.89
1560660793.371785 25.39 95406.16
1560660853.40069 25.36 95409.85
1560660913.4295957 25.38 95407.64
1560660973.458501 25.42 95407.56
1560661033.4874065 25.39 95409.17
1560661093.531912 25.39 95403.55
1560661153.5608175 25.40 95407.63
1560661213.5897229 25.40 95407.24
1560661273.6186283 25.42 95408.83
1560661333.647534 25.45 95412.00
1560661393.6764393 25.45 95405.35
1560661453.7053447 25.43 95406.62
1560661513.74985 25.42 95404.08
1560661573.7787557 25.50 95405.36
1560661633.807661 25.49 95403.39
1560661693.8365664 25.43 95403.27
1560661753.865472 25.40 95400.77
1560661813.9099774 25.42 95399.73
1560661873.9388828 25.44 95397.51
1560661933.9677882 25.43 95397.99
1560661993.9966938 25.43 95401.50
1560662054.025599 25.40 95398.76
1560662114.0545044 25.37 95400.64
1560662174.09901 25.41 95399.33
1560662234.1279156 25.40 95402.35
1560662294.156821 25.36 95400.48
1560662354.1857262 25.31 95398.49
1560662414.2146318 25.33 95398.91
1560662474.2435372 25.38 95402.25
1560662534.2880425 25.40 95402.35
1560662594.3169482 25.37 95403.89
1560662654.3458533 25.39 95400.97
1560662714.374759 25.43 95397.99
1560662774.4036644 25.41 95399.46
1560662834.4325697 25.44 95400.02
1560662894.4614754 25.36 95397.27
1560662954.5059807 25.34 95403.23
1560663014.5348861 25.35 95402.63
1560663074.5637915 25.38 95400.94
1560663134.5926971 25.35 95399.38
1560663194.6216023 25.35 95407.11
1560663254.6505077 25.33 95402.29
1560663314.6950133 25.32 95405.31
1560663374.723919 25.35 95402.89
1560663434.7528243 25.35 95405.30
1560663494.7817297 25.34 95404.00
1560663554.810635 25.26 95405.05
1560663614.8395405 25.26 95402.08
1560663674.884046 25.26 95404.55
1560663734.9129512 25.26 95396.56
1560663794.941857 25.33 95399.05
1560663854.9707623 25.29 95396.18
1560663914.9996676 25.26 95399.71
1560663975.0285733 25.27 95393.11
1560664035.0730786 25.32 95394.03
1560664095.101984 25.34 95392.46
1560664155.1308894 25.29 95387.88
1560664215.159795 25.30 95394.50
1560664275.1887004 25.23 95391.71
1560664335.2176058 25.28 95392.53
1560664395.2465112 25.29 95393.53
1560664455.2910168 25.31 95389.78
1560664515.3199222 25.26 95392.71
1560664575.3488276 25.23 95391.88
1560664635.3777332 25.27 95393.07
1560664695.4066384 25.28 95389.35
1560664755.4355438 25.23 95390.14
1560664815.4800494 25.19 95391.11
1560664875.5089548 25.21 95394.22
1560664935.5378602 25.19 95391.02
1560664995.5667655 25.26 95389.69
1560665055.595671 25.26 95391.30
1560665115.6245766 25.25 95388.72
1560665175.653482 25.31 95385.83
1560665235.6979873 25.37 95388.50
1560665295.7268927 25.36 95384.25
1560665355.7557983 25.30 95380.52
1560665415.7847037 25.24 95384.99
1560665475.8136091 25.27 95382.07
1560665535.8425148 25.25 95383.38
1560665595.88702 25.18 95387.03
1560665655.9159255 25.23 95381.60
1560665715.944831 25.21 95382.61
1560665775.9737365 25.18 95383.12
1560665836.002642 25.18 95385.86
1560665896.031547 25.19 95384.16
1560665956.0604527 25.23 95385.85
1560666016.1049583 25.23 95382.41
1560666076.1338637 25.19 95381.31
1560666136.1627688 25.22 95382.11
1560666196.1916745 25.24 95382.57
1560666256.2205799 25.22 95385.66
1560666316.2494853 25.19 95383.32
1560666376.2939909 25.18 95377.53
1560666436.3228962 25.21 95386.19
1560666496.3518016 25.21 95380.57
1560666556.380707 25.20 95381.50
1560666616.4096127 25.23 95379.89
1560666676.438518 25.24 95379.66
1560666736.4674234 25.18 95380.67
1560666796.4963286 25.20 95375.25
1560666856.5408342 25.21 95381.44
1560666916.5697398 25.21 95379.57
1560666976.598645 25.21 95378.92
1560667036.6275506 25.14 95381.78
1560667096.656456 25.19 95380.98
1560667156.6853614 25.23 95380.27
1560667216.7142668 25.26 95383.34
1560667276.7587721 25.22 95384.11
1560667336.7876778 25.15 95383.53
1560667396.8165832 25.12 95381.06
1560667456.8454885 25.14 95384.60
1560667516.8743942 25.18 95381.01
1560667576.9032996 25.17 95380.48
1560667636.947805 25.17 95378.94
1560667696.9767103 25.21 95376.89
1560667757.005616 25.24 95378.16
1560667817.0345213 25.21 95381.57
1560667877.0634267 25.16 95376.39
1560667937.0923324 25.20 95376.32
1560667997.1212375 25.21 95376.89
1560668057.165743 25.14 95379.49
1560668117.1946485 25.13 95379.75
1560668177.223554 25.16 95376.74
1560668237.2524595 25.13 95377.35
1560668297.2813647 25.22 95379.60
1560668357.3102703 25.23 95377.39
1560668417.354776 25.21 95379.67
1560668477.383681 25.18 95380.00
1560668537.4125865 25.15 95377.60
1560668597.441492 25.15 95379.51
1560668657.4703975 25.18 95377.83
1560668717.4993029 25.20 95380.50
1560668777.5282085 25.20 95379.03
1560668837.5727136 25.19 95377.96
1560668897.6016192 25.21 95381.07
1560668957.6305246 25.18 95380.38
1560669017.65943 25.19 95383.55
1560669077.6883357 25.16 95380.82
1560669137.7172408 25.14 95382.50
1560669197.7617464 25.17 95384.39
1560669257.7906518 25.19 95383.39
1560669317.8195574 25.14 95383.77
1560669377.8484626 25.14 95385.17
1560669437.877368 25.14 95387.95
1560669497.9062736 25.17 95384.66
1560669557.935179 25.14 95385.00
1560669617.9796846 25.10 95386.82
1560669678.0085897 25.12 95390.60
1560669738.0374954 25.05 95390.30
1560669798.0664008 25.06 95391.71
1560669858.0953062 25.08 95390.17
1560669918.1242118 25.13 95391.07
1560669978.1531172 25.13 95393.57
1560670038.1976225 25.10 95392.84
1560670098.226528 25.19 95395.71
1560670158.2554336 25.17 95394.60
1560670218.284339 25.19 95396.10
1560670278.3132443 25.12 95396.68
1560670338.3421497 25.14 95395.00
1560670398.3866553 25.13 95396.42
1560670458.4155607 25.18 95395.13
1560670518.444466 25.16 95394.47
1560670578.4733715 25.18 95395.27
1560670638.502277 25.12 95395.67
1560670698.5311823 25.11 95393.60
1560670758.560088 25.09 95398.66
1560670818.6045935 25.09 95392.71
1560670878.6334987 25.17 95396.77
1560670938.662404 25.10 95397.02
1560670998.6913095 25.14 95397.49
1560671058.720215 25.09 95395.11
1560671118.7491205 25.08 95397.83
1560671178.7780259 25.04 95396.80
1560671238.8225312 25.07 95399.30
1560671298.8514369 25.10 95399.20
1560671358.8803422 25.13 95401.60
1560671418.9092474 25.10 95398.53
1560671478.9381533 25.09 95403.67
1560671538.9670584 25.06 95402.91
1560671599.011564 25.10 95400.86
1560671659.0404694 25.00 95403.72
1560671719.0693748 25.04 95406.93
1560671779.0982802 25.10 95403.17
1560671839.1271856 25.09 95406.19
1560671899.1560912 25.09 95405.59
1560671959.1849966 25.06 95406.13
1560672019.2295022 25.03 95402.39
1560672079.2584074 25.08 95408.70
1560672139.287313 25.05 95406.53
1560672199.3162184 25.06 95404.78
1560672259.3451238 25.07 95409.57
1560672319.3740294 25.12 95406.89
1560672379.4029348 25.12 95403.71
1560672439.4474401 25.06 95406.13
1560672499.4763455 25.11 95409.13
1560672559.5052512 25.09 95406.10
1560672619.5341563 25.10 95409.90
1560672679.563062 25.08 95412.64
1560672739.5919673 25.09 95411.51
1560672799.636473 25.13 95413.32
1560672859.6653783 25.08 95416.80
1560672919.6942835 25.09 95417.36
1560672979.7231889 25.11 95417.57
1560673039.7520945 25.14 95416.79
1560673099.781 25.12 95415.08
1560673159.8099053 25.11 95418.70
1560673219.8544106 25.07 95416.70
1560673279.8833163 25.05 95418.21
1560673339.9122217 25.04 95417.81
1560673399.941127 25.05 95418.88
1560673459.9700327 25.07 95418.53
1560673519.998938 25.02 95417.10
1560673580.0278432 25.05 95419.07
1560673640.0723488 25.04 95418.37
1560673700.1012545 25.06 95420.25
1560673760.1301599 25.04 95420.82
1560673820.159065 25.06 95423.15
1560673880.1879709 25.05 95427.03
1560673940.216876 25.04 95422.15
1560674000.2457814 25.14 95426.49
1560674060.290287 25.17 95425.49
1560674120.3191924 25.08 95426.83
1560674180.3480978 25.09 95424.16
1560674240.3770032 25.05 95426.53
1560674300.4059088 25.04 95426.84
1560674360.4348142 25.04 95424.63
1560674420.4637196 25.09 95425.39
1560674480.508225 25.09 95425.66
1560674540.5371306 25.11 95423.58
1560674600.566036 25.09 95425.22
1560674660.5949414 25.09 95425.10
1560674720.623847 25.04 95425.00
1560674780.6527522 25.00 95421.85
1560674840.6972578 25.01 95426.14
1560674900.7261631 25.01 95425.74
1560674960.7550688 24.95 95430.12
1560675020.783974 24.92 95430.99
1560675080.8128793 24.97 95434.00
1560675140.8417847 25.07 95431.75
1560675200.8706903 25.03 95430.39
1560675260.8995957 25.01 95432.32
1560675320.9285011 25.04 95433.50
1560675380.9730065 25.05 95430.08
1560675441.001912 24.99 95436.44
1560675501.0308175 25.04 95433.03
1560675561.059723 25.03 95432.13
1560675621.0886285 25.11 95436.20
1560675681.1175337 25.06 95433.80
1560675741.1464393 25.08 95432.39
1560675801.1909447 25.09 95439.28
1560675861.2198503 24.99 95443.39
1560675921.2487557 25.01 95440.96
1560675981.2776608 24.98 95442.39
1560676041.3065665 24.98 95442.33
1560676101.3354719 25.02 95442.96
1560676161.3643773 25.01 95448.38
1560676221.4088826 24.96 95446.67
1560676281.4377882 24.90 95448.15
1560676341.4666936 24.90 95446.61
1560676401.495599 24.98 95448.85
1560676461.5245047 25.07 95449.99
1560676521.55341 25.12 95445.07
1560676581.5979154 25.09 95446.30
1560676641.6268208 24.99 95448.38
1560676701.6557264 24.98 95450.79
1560676761.6846318 24.93 95448.96
1560676821.7135372 24.95 95454.30
1560676881.7424426 24.94 95447.72
1560676941.771348 24.92 95452.39
1560677001.8158536 24.90 95454.24
1560677061.8447587 24.97 95453.97
1560677121.8736646 25.00 95454.07
1560677181.9025698 25.06 95453.03
1560677241.9314752 25.01 95453.10
1560677301.9603806 25.09 95452.19
1560677361.9892862 25.00 95451.80
1560677422.0337915 24.98 95457.18
1560677482.062697 24.93 95457.28
1560677542.0916023 24.90 95455.91
1560677602.120508 24.89 95453.97
1560677662.1494133 25.07 95456.35
1560677722.1783187 25.00 95456.04
1560677782.2072244 25.01 95460.22
1560677842.2517297 25.01 95461.07
1560677902.280635 25.02 95458.75
1560677962.3095405 25.01 95458.28
1560678022.3384461 25.00 95460.49
1560678082.3673513 25.02 95461.97
1560678142.3962567 25.04 95461.76
1560678202.4251623 24.95 95465.82
1560678262.4696677 24.96 95472.21
1560678322.4985733 24.93 95470.60
1560678382.5274785 24.98 95468.22
1560678442.556384 24.97 95468.96
1560678502.5852895 24.98 95470.89
1560678562.6141949 25.02 95473.35
1560678622.6431005 25.07 95473.97
1560678682.6876059 25.06 95472.71
1560678742.7165112 25.03 95473.64
1560678802.7454166 24.95 95474.38
1560678862.7743223 25.01 95478.19
1560678922.8032274 25.00 95476.15
1560678982.832133 25.00 95480.23
1560679042.8610384 24.95 95480.90
1560679102.905544 25.00 95483.58
1560679162.9344494 25.04 95487.80
1560679222.9633546 25.05 95484.98
1560679282.99226 25.03 95487.83
1560679343.0211656 25.01 95493.31
1560679403.050071 25.05 95494.35
1560679463.0789766 25.01 95494.85
1560679523.1234818 25.07 95498.30
1560679583.1523874 24.98 95493.82
1560679643.1812928 25.01 95494.88
1560679703.2101982 25.05 95500.07
1560679763.2391038 25.05 95502.21
1560679823.2680092 25.05 95502.32
1560679883.2969146 25.02 95499.97
1560679943.34142 25.05 95503.72
1560680003.3703256 25.04 95502.67
1560680063.399231 24.96 95503.44
1560680123.428136 24.90 95507.52
1560680183.457042 24.93 95509.07
1560680243.4859471 24.94 95509.86
1560680303.5148525 24.93 95510.50
1560680363.5593581 24.99 95512.78
1560680423.5882635 24.93 95514.25
1560680483.617169 24.89 95515.78
1560680543.6460743 24.86 95518.46
1560680603.67498 24.89 95518.02
1560680663.7038853 24.94 95521.91
1560680723.7327907 24.97 95519.80
1560680783.777296 24.90 95521.88
1560680843.8062017 24.89 95522.88
1560680903.835107 24.92 95526.62
1560680963.8640125 24.98 95526.13
1560681023.892918 24.99 95525.60
1560681083.9218233 25.02 95526.36
1560681143.9507287 25.00 95527.90
1560681203.9952343 25.00 95527.64
1560681264.02414 24.97 95528.44
1560681324.053045 24.96 95532.38
1560681384.0819504 24.94 95527.33
1560681444.1108558 24.92 95532.61
1560681504.1397614 24.93 95530.07
1560681564.1686668 25.01 95530.14
1560681624.2131722 25.01 95534.13
1560681684.2420776 24.96 95533.65
1560681744.2709832 25.00 95535.53
1560681804.2998886 25.10 95543.87
1560681864.328794 25.07 95537.14
1560681924.3576996 25.08 95543.24
1560681984.3866048 25.03 95543.23
1560682044.4311104 25.00 95544.74
1560682104.4600158 24.93 95547.27
1560682164.4889214 24.99 95548.51
1560682224.5178268 24.96 95549.44
1560682284.546732 25.00 95548.08
1560682344.5756376 25.02 95549.08
1560682404.604543 24.96 95546.60
1560682464.6334484 24.97 95549.64
1560682524.6779537 25.02 95551.86
1560682584.7068594 25.04 95553.64
1560682644.7357647 25.00 95556.85
1560682704.7646701 24.98 95557.24
1560682764.7935758 25.01 95558.25
1560682824.8224812 25.04 95563.00
1560682884.8513865 25.00 95564.20
1560682944.895892 24.99 95566.78
1560683004.9247975 24.98 95567.94
1560683064.953703 24.93 95568.44
1560683124.9826083 25.04 95568.52
1560683185.0115137 25.05 95569.22
1560683245.040419 25.02 95573.07
1560683305.0693245 25.02 95570.92
1560683365.1138299 25.01 95575.50
1560683425.1427357 25.04 95580.39
1560683485.1716409 25.03 95577.65
1560683545.2005463 25.02 95581.71
1560683605.229452 25.01 95582.71
1560683665.2583573 24.95 95586.37
1560683725.2872627 24.95 95591.08
1560683785.331768 24.97 95589.72
1560683845.3606734 24.91 95590.67
1560683905.389579 24.95 95591.63
1560683965.4184844 24.94 95596.00
1560684025.4473898 24.93 95594.19
1560684085.4762955 25.00 95597.22
1560684145.5052006 25.00 95598.83
1560684205.5497062 24.99 95601.60
1560684265.5786116 25.03 95599.41
1560684325.6075172 25.00 95606.35
1560684385.6364224 25.00 95606.63
1560684445.6653278 25.04 95606.66
1560684505.6942334 25.02 95609.50
1560684565.7231388 24.98 95607.59
1560684625.7676444 25.03 95610.54
1560684685.7965496 25.09 95613.64
1560684745.8254552 25.09 95612.42
1560684805.8543606 25.04 95616.70
1560684865.883266 25.01 95615.89
1560684925.9121716 25.04 95619.61
1560684985.941077 25.00 95615.72
1560685045.9855824 24.99 95621.88
1560685106.0144877 25.06 95617.71
1560685166.0433934 25.08 95617.58
1560685226.0722985 25.07 95622.36
1560685286.1012042 25.07 95621.63
1560685346.1301095 25.10 95622.94
1560685406.1746151 25.10 95626.72
1560685466.2035205 25.06 95629.52
1560685526.2324257 25.07 95632.33
1560685586.261331 25.09 95628.82
1560685646.2902367 25.09 95627.69
1560685706.319142 25.12 95629.74
1560685766.3480477 25.14 95632.05
1560685826.3925533 25.16 95633.82
1560685886.4214585 25.17 95636.14
1560685946.4503639 25.14 95636.86
1560686006.4792693 25.08 95642.74
1560686066.508175 25.08 95641.80
1560686126.5370803 25.07 95642.37
1560686186.5659857 25.06 95643.07
1560686246.610491 25.11 95642.35
1560686306.6393967 25.15 95641.61
1560686366.668302 25.18 95639.17
1560686426.6972072 25.13 95640.31
1560686486.726113 25.10 95641.24
1560686546.7550182 25.11 95642.82
1560686606.7995238 25.10 95644.28
1560686666.8284292 25.06 95645.75
1560686726.8573346 25.13 95644.99
1560686786.88624 25.18 95645.97
1560686846.9151454 25.17 95643.07
1560686906.944051 25.20 95643.87
1560686966.9729564 25.22 95646.25
1560687027.0174618 25.18 95644.20
1560687087.0463672 25.14 95646.84
1560687147.0752728 25.10 95646.96
1560687207.1041782 25.06 95645.32
1560687267.1330836 25.09 95648.27
1560687327.1619892 25.17 95646.35
1560687387.1908944 25.15 95648.88
1560687447.2354 25.16 95647.28
1560687507.2643054 25.19 95648.52
1560687567.293211 25.22 95647.59
1560687627.3221161 25.17 95645.81
1560687687.3510218 25.21 95647.96
1560687747.3799272 25.19 95648.92
1560687807.4244328 25.24 95646.02
1560687867.4533381 25.24 95647.46
1560687927.4822433 25.32 95647.34
1560687987.5111487 25.24 95645.78
1560688047.5400543 25.20 95648.15
1560688107.5689597 25.20 95646.42
1560688167.597865 25.21 95647.46
1560688227.6423705 25.21 95650.07
1560688287.671276 25.23 95648.10
1560688347.7001815 25.24 95652.82
1560688407.7290869 25.25 95650.44
1560688467.7579925 25.26 95651.64
1560688527.786898 25.29 95651.55
1560688587.8314033 25.25 95649.50
1560688647.8603086 25.29 95650.45
1560688707.8892143 25.19 95650.10
1560688767.9181197 25.25 95651.11
1560688827.9470248 25.27 95651.64
1560688887.9759305 25.26 95653.22
1560688948.0048358 25.21 95652.67
1560689008.0493412 25.23 95651.85
1560689068.0782468 25.23 95652.08
1560689128.1071522 25.23 95653.95
1560689188.1360576 25.21 95653.48
1560689248.164963 25.24 95652.64
1560689308.1938686 25.16 95653.80
1560689368.238374 25.19 95654.71
1560689428.2672794 25.25 95652.67
1560689488.2961848 25.21 95653.32
1560689548.3250904 25.18 95652.74
1560689608.3539958 25.15 95647.14
1560689668.3829012 25.18 95648.75
1560689728.4118068 25.19 95647.92
1560689788.4563122 25.11 95650.25
1560689848.4852176 25.12 95646.89
1560689908.514123 25.15 95645.57
1560689968.5430286 25.26 95645.35
1560690028.5719337 25.26 95650.14
1560690088.6008391 25.26 95644.72
1560690148.6453447 25.32 95643.32
1560690208.67425 25.30 95641.48
1560690268.7031558 25.40 95643.53
1560690328.732061 25.33 95640.74
1560690388.7609663 25.25 95644.72
1560690448.789872 25.24 95642.34
1560690508.8343773 25.22 95642.40
1560690568.8632827 25.23 95643.04
1560690628.892188 25.27 95644.35
1560690688.9210937 25.25 95645.42
1560690748.949999 25.26 95643.14
1560690808.9789045 25.25 95645.39
1560690869.0078099 25.29 95647.40
1560690929.0523155 25.24 95644.38
1560690989.0812209 25.22 95643.34
1560691049.1101263 25.30 95644.02
1560691109.139032 25.31 95646.47
1560691169.167937 25.29 95645.39
1560691229.1968424 25.29 95644.75
1560691289.225748 25.29 95641.17
1560691349.2546535 25.26 95645.72
1560691409.2991588 25.29 95645.69
1560691469.3280642 25.31 95645.10
1560691529.3569698 25.29 95643.35
1560691589.3858752 25.34 95643.89
1560691649.4147806 25.33 95638.91
1560691709.4436862 25.32 95640.28
1560691769.4881916 25.28 95640.64
1560691829.517097 25.24 95640.50
1560691889.5460024 25.30 95638.07
1560691949.574908 25.32 95644.49
1560692009.6038134 25.35 95643.53
1560692069.6327186 25.39 95645.00
1560692129.6772242 25.38 95646.97
1560692189.7061296 25.44 95642.27
1560692249.7350352 25.36 95643.76
1560692309.7639406 25.31 95643.99
1560692369.7928457 25.30 95644.19
1560692429.8217514 25.32 95645.73
1560692489.866257 25.42 95644.34
1560692549.8951623 25.48 95643.14
1560692609.9240675 25.50 95640.53
1560692669.9529731 25.45 95641.13
1560692729.9818785 25.47 95640.46
1560692790.010784 25.50 95639.52
1560692850.0552895 25.43 95641.03
1560692910.084195 25.43 95639.52
1560692970.1131003 25.44 95638.08
1560693030.1420057 25.47 95638.78
1560693090.1709113 25.48 95637.17
1560693150.1998167 25.50 95633.36
1560693210.244322 25.53 95634.27
1560693270.2732275 25.51 95633.66
1560693330.302133 25.49 95631.89
1560693390.3310385 25.45 95633.86
1560693450.3599436 25.50 95633.00
1560693510.3888495 25.52 95628.85
1560693570.4333549 25.48 95631.18
1560693630.4622602 25.48 95629.14
1560693690.4911656 25.54 95630.52
1560693750.520071 25.54 95627.17
1560693810.5489764 25.55 95632.63
1560693870.5778818 25.50 95627.84
1560693930.6223874 25.57 95628.58
1560693990.6512926 25.59 95624.25
1560694050.6801984 25.53 95622.38
1560694110.7091036 25.53 95625.74
1560694170.738009 25.58 95620.58
1560694230.7669146 25.58 95620.74
1560694290.81142 25.63 95615.92
1560694350.8403254 25.65 95616.69
1560694410.8692307 25.68 95615.52
1560694470.8981364 25.61 95613.47
1560694530.9270418 25.61 95612.24
1560694590.9559472 25.61 95608.22
1560694651.0004525 25.59 95606.95
1560694711.0293581 25.63 95604.07
1560694771.0582635 25.66 95604.36
1560694831.087169 25.72 95601.42
1560694891.1160746 25.63 95603.07
1560694951.1449797 25.59 95601.19
1560695011.1894853 25.64 95601.08
1560695071.2183907 25.67 95597.70
1560695131.2472963 25.68 95600.28
1560695191.2762015 25.67 95596.22
1560695251.3051069 25.66 95593.48
1560695311.3496125 25.60 95595.16
1560695371.378518 25.61 95595.53
1560695431.4074235 25.55 95597.07
1560695491.4363286 25.56 95590.47
1560695551.4652343 25.55 95589.67
1560695611.4941397 25.60 95586.42
1560695671.538645 25.63 95587.46
1560695731.5675507 25.58 95587.10
1560695791.596456 25.58 95586.25
1560695851.6253614 25.51 95588.13
1560695911.6542668 25.56 95588.19
1560695971.6831725 25.52 95581.24
1560696031.7276776 25.50 95585.32
1560696091.7565832 25.46 95582.71
1560696151.7854886 25.49 95584.61
1560696211.814394 25.45 95580.70
1560696271.8432996 25.48 95581.64
1560696331.887805 25.55 95580.89
1560696391.9167104 25.51 95581.03
1560696451.9456158 25.54 95577.45
1560696511.9745214 25.48 95575.97
1560696572.0034268 25.50 95573.27
1560696632.0323322 25.44 95572.46
1560696692.0768375 25.45 95569.14
1560696752.1057432 25.46 95570.49
1560696812.1346486 25.47 95565.83
1560696872.1635537 25.38 95565.47
1560696932.1924596 25.38 95563.19
1560696992.2213647 25.43 95558.17
1560697052.2658703 25.51 95553.71
1560697112.2947757 25.50 95558.53
1560697172.323681 25.46 95553.25
1560697232.3525865 25.42 95551.71
1560697292.381492 25.41 95550.86
1560697352.4103975 25.41 95550.94
1560697412.454903 25.41 95546.52
1560697472.4838083 25.45 95547.25
1560697532.5127137 25.42 95544.71
1560697592.5416193 25.47 95544.71
1560697652.5705247 25.46 95545.51
1560697712.61503 25.47 95539.05
1560697772.6439354 25.49 95540.89
1560697832.672841 25.50 95540.52
1560697892.7017465 25.45 95541.76
1560697952.7306519 25.49 95537.97
1560698012.7595575 25.49 95541.16
1560698072.8040626 25.48 95538.08
1560698132.8329682 25.54 95534.86
1560698192.8618736 25.52 95534.42
1560698252.8907788 25.45 95533.42
1560698312.9196846 25.47 95530.58
1560698372.9485898 25.54 95528.33
1560698432.9930954 25.45 95528.34
1560698493.0220008 25.46 95526.13
1560698553.0509062 25.46 95524.52
1560698613.0798116 25.45 95523.39
1560698673.108717 25.51 95518.16
1560698733.1376226 25.51 95520.00
1560698793.1821282 25.45 95519.16
1560698853.2110333 25.45 95517.46
1560698913.2399387 25.42 95520.77
1560698973.2688444 25.39 95519.71
1560699033.2977498 25.37 95520.71
1560699093.3266551 25.43 95519.50
1560699153.3711605 25.38 95518.43
1560699213.4000661 25.38 95520.47
1560699273.4289715 25.51 95514.37
1560699333.457877 25.45 95512.80
1560699393.4867826 25.46 95508.22
1560699453.531288 25.41 95516.16
1560699513.5601933 25.41 95503.33
1560699573.5890987 25.42 95506.02
1560699633.6180043 25.41 95501.26
1560699693.6469097 25.37 95501.80
1560699753.6758149 25.44 95495.69
1560699813.7203205 25.43 95494.83
1560699873.749226 25.46 95491.32
1560699933.7781315 25.42 95488.27
1560699993.8070369 25.36 95486.37
1560700053.835942 25.35 95493.16
1560700113.8648477 25.39 95485.36
1560700173.9093533 25.42 95485.60
1560700233.9382586 25.42 95482.92
1560700293.9671638 25.43 95481.67
1560700353.9960694 25.44 95478.02
1560700414.0249748 25.43 95477.25
1560700474.0538802 25.44 95478.56
1560700534.0983858 25.42 95476.58
1560700594.1272912 25.43 95473.00
1560700654.1561966 25.41 95469.28
1560700714.185102 25.46 95470.35
1560700774.2140076 25.53 95469.53
1560700834.242913 25.53 95472.95
1560700894.2874184 25.50 95468.14
1560700954.3163238 25.51 95464.72
1560701014.3452294 25.51 95465.69
1560701074.3741348 25.52 95462.94
1560701134.4030402 25.46 95468.45
1560701194.4475455 25.54 95458.61
1560701254.4764512 25.58 95459.98
1560701314.5053566 25.50 95459.07
1560701374.534262 25.46 95462.15
1560701434.5631676 25.50 95456.15
1560701494.5920727 25.48 95456.25
1560701554.6365783 25.53 95456.21
1560701614.6654837 25.51 95450.96
1560701674.694389 25.47 95452.24
1560701734.7232947 25.44 95451.00
1560701794.7522 25.49 95445.64
1560701854.7811055 25.46 95444.27
1560701914.825611 25.43 95444.85
1560701974.8545163 25.49 95443.23
1560702034.8834217 25.50 95445.00
1560702094.912327 25.46 95440.06
1560702154.9412327 25.49 95436.80
1560702214.970138 25.50 95435.79
1560702275.0146434 25.48 95430.14
1560702335.0435488 25.48 95432.22
1560702395.0724545 25.46 95428.03
1560702455.1013598 25.43 95429.62
1560702515.1302652 25.42 95425.03
1560702575.1591709 25.39 95427.12
1560702635.2036762 25.42 95421.89
1560702695.2325816 25.45 95421.21
1560702755.261487 25.45 95415.42
1560702815.2903926 25.51 95414.77
1560702875.3192978 25.54 95412.05
1560702935.3638034 25.48 95410.02
1560702995.3927088 25.51 95410.11
1560703055.4216142 25.49 95406.14
1560703115.4505198 25.49 95403.78
1560703175.479425 25.48 95401.19
1560703235.5083306 25.44 95403.64
1560703295.5528362 25.61 95397.69
1560703355.5817413 25.56 95395.50
1560703415.6106467 25.53 95393.53
1560703475.6395524 25.53 95394.03
1560703535.6684577 25.53 95391.35
1560703595.6973631 25.55 95387.10
1560703655.7418685 25.47 95388.19
1560703715.7707741 25.46 95387.93
1560703775.7996795 25.46 95382.81
1560703835.828585 25.53 95386.80
1560703895.8574905 25.48 95380.39
1560703955.886396 25.46 95378.63
1560704015.9309013 25.46 95379.66
1560704075.9598067 25.46 95378.72
1560704135.9887123 25.43 95380.41
1560704196.0176177 25.40 95374.89
1560704256.0465229 25.41 95375.22
1560704316.0910285 25.39 95375.77
1560704376.1199338 25.43 95369.63
1560704436.1488395 25.44 95372.41
1560704496.1777449 25.42 95369.63
1560704556.20665 25.47 95366.88
1560704616.2355556 25.56 95365.23
1560704676.264461 25.59 95363.85
1560704736.2933664 25.53 95360.22
1560704796.3378718 25.49 95360.03
1560704856.3667774 25.52 95361.83
1560704916.3956828 25.48 95360.35
1560704976.4245882 25.43 95358.68
1560705036.4534938 25.41 95359.66
1560705096.4979992 25.41 95357.82
1560705156.5269046 25.43 95354.84
1560705216.55581 25.41 95354.27
1560705276.5847156 25.46 95351.17
1560705336.613621 25.46 95349.67
1560705396.6425264 25.37 95349.67
1560705456.6870317 25.38 95348.75
1560705516.7159374 25.42 95346.47
1560705576.7448428 25.46 95346.19
1560705636.7737482 25.44 95345.83
1560705696.8026538 25.44 95339.03
1560705756.831559 25.43 95343.25
1560705816.8760645 25.52 95341.41
1560705876.90497 25.53 95339.13
1560705936.9338756 25.47 95336.14
1560705996.9627807 25.47 95334.80
1560706056.991686 25.48 95333.06
1560706117.0205915 25.49 95330.97
1560706177.0650973 25.42 95332.32
1560706237.0940027 25.41 95327.53
1560706297.1229079 25.45 95326.98
1560706357.1518133 25.48 95323.38
1560706417.180719 25.50 95325.08
1560706477.2096243 25.50 95322.14
1560706537.25413 25.50 95325.08
1560706597.283035 25.48 95322.21
1560706657.3119407 25.52 95323.20
1560706717.340846 25.53 95321.02
1560706777.3697515 25.47 95321.24
1560706837.398657 25.49 95323.14
1560706897.4431624 25.51 95323.80
1560706957.4720678 25.51 95321.69
1560707017.5009732 25.51 95319.02
1560707077.5298789 25.56 95321.03
1560707137.558784 25.56 95320.33
1560707197.6032896 25.58 95319.42
1560707257.632195 25.61 95319.34
1560707317.6611006 25.59 95316.14
1560707377.690006 25.56 95319.27
1560707437.7189112 25.48 95318.66
1560707497.7478168 25.50 95318.15
1560707557.7923224 25.45 95322.53
1560707617.8212278 25.48 95321.14
1560707677.850133 25.53 95322.35
1560707737.8790386 25.55 95322.88
1560707797.907944 25.52 95322.60
1560707857.9368494 25.52 95319.75
1560707917.981355 25.49 95319.92
1560707978.01026 25.51 95315.57
1560708038.0391657 25.49 95318.35
1560708098.0680711 25.51 95318.28
1560708158.0969768 25.50 95319.46
1560708218.1258821 25.50 95316.78
1560708278.1703875 25.51 95313.69
1560708338.199293 25.46 95312.67
1560708398.2281983 25.48 95315.99
1560708458.257104 25.50 95312.60
1560708518.2860093 25.55 95309.52
1560708578.3305147 25.55 95309.49
1560708638.35942 25.51 95310.17
1560708698.3883257 25.53 95311.58
1560708758.417231 25.49 95315.85
1560708818.4461365 25.50 95310.28
1560708878.4750419 25.48 95314.54
1560708938.5195475 25.51 95309.47
1560708998.5484529 25.48 95310.02
1560709058.577358 25.49 95309.55
1560709118.6062639 25.46 95306.99
1560709178.635169 25.53 95307.89
1560709238.6640744 25.50 95309.08
1560709298.70858 25.49 95306.91
1560709358.7374854 25.48 95307.48
1560709418.7663908 25.53 95308.50
1560709478.7952962 25.54 95310.07
1560709538.8242018 25.48 95308.58
1560709598.8531072 25.49 95310.05
1560709658.8976126 25.48 95310.96
1560709718.926518 25.54 95306.75
1560709778.9554236 25.52 95307.20
1560709838.984329 25.50 95309.85
1560709899.0132344 25.54 95308.75
1560709959.0577397 25.53 95305.28
1560710019.0866454 25.50 95310.17
1560710079.1155508 25.55 95309.36
1560710139.1444561 25.53 95306.32
1560710199.1733618 25.53 95309.30
1560710259.202267 25.53 95306.99
1560710319.2467725 25.50 95311.69
1560710379.275678 25.54 95311.60
1560710439.3045833 25.57 95312.03
1560710499.333489 25.58 95310.48
1560710559.362394 25.56 95311.23
1560710619.3912995 25.50 95313.10
1560710679.435805 25.53 95307.99
1560710739.4647107 25.51 95313.16
1560710799.493616 25.53 95307.16
1560710859.5225213 25.56 95308.64
1560710919.551427 25.63 95305.83
1560710979.5803323 25.58 95305.96
1560711039.6248379 25.55 95306.00
1560711099.653743 25.54 95307.41
1560711159.6826487 25.49 95309.38
1560711219.711554 25.51 95304.89
1560711279.7404594 25.59 95306.19
1560711339.784965 25.57 95303.59
1560711399.8138704 25.52 95301.84
1560711459.8427758 25.61 95298.38
1560711519.8716812 25.59 95302.00
1560711579.9005868 25.53 95298.61
1560711639.9294922 25.54 95303.17
1560711699.9739976 25.57 95303.72
1560711760.002903 25.53 95303.77
1560711820.0318086 25.54 95305.07
1560711880.060714 25.55 95303.80
1560711940.0896192 25.63 95297.73
1560712000.118525 25.63 95301.05
1560712060.1630304 25.53 95304.94
1560712120.1919358 25.56 95305.53
1560712180.2208412 25.58 95305.46
1560712240.2497463 25.53 95304.48
1560712300.278652 25.64 95309.11
1560712360.3075573 25.63 95303.09
1560712420.352063 25.57 95305.73
1560712480.380968 25.54 95302.77
1560712540.4098737 25.50 95311.02
1560712600.438779 25.54 95309.23
1560712660.4676845 25.58 95308.64
1560712720.51219 25.57 95309.58
1560712780.5410955 25.55 95309.29
1560712840.570001 25.59 95305.85
1560712900.5989063 25.59 95302.24
1560712960.627812 25.62 95306.21
1560713020.6567173 25.64 95304.56
1560713080.7012227 25.63 95305.36
1560713140.730128 25.61 95305.11
1560713200.7590337 25.58 95305.83
1560713260.787939 25.59 95303.91
1560713320.8168445 25.58 95304.85
1560713380.84575 25.58 95305.06
1560713440.8902555 25.56 95303.86
1560713500.9191608 25.56 95305.87
1560713560.9480662 25.58 95309.35
1560713620.9769719 25.59 95308.00
1560713681.005877 25.62 95308.22
1560713741.0503826 25.58 95303.55
1560713801.079288 25.59 95303.75
1560713861.1081934 25.63 95304.10
1560713921.137099 25.63 95304.10
1560713981.1660042 25.59 95306.83
1560714041.1949098 25.52 95304.28
1560714101.2394154 25.53 95307.06
1560714161.2683206 25.48 95307.01
1560714221.297226 25.54 95307.28
1560714281.3261313 25.57 95303.46
1560714341.355037 25.65 95304.75
1560714401.3839424 25.60 95307.66
1560714461.4284477 25.60 95304.38
1560714521.457353 25.59 95303.32
1560714581.4862587 25.58 95306.63
1560714641.5151641 25.60 95305.51
1560714701.5440695 25.64 95304.66
1560714761.5729752 25.60 95306.39
1560714821.6174805 25.59 95309.53
1560714881.646386 25.55 95304.47
1560714941.6752913 25.63 95307.91
1560715001.704197 25.58 95306.83
1560715061.733102 25.55 95306.08
1560715121.7776077 25.50 95307.44
1560715181.806513 25.61 95307.28
1560715241.8354187 25.56 95305.71
1560715301.864324 25.56 95308.14
1560715361.8932292 25.64 95305.10
1560715421.9221349 25.58 95308.81
1560715481.9666405 25.61 95305.21
1560715541.9955459 25.60 95305.00
1560715602.024451 25.61 95306.45
1560715662.0533566 25.58 95306.46
1560715722.082262 25.59 95304.92
1560715782.1111674 25.57 95306.33
1560715842.155673 25.61 95308.35
1560715902.1845784 25.57 95309.08
1560715962.2134838 25.55 95308.85
1560716022.2423892 25.60 95308.66
1560716082.2712948 25.63 95307.85
1560716142.3158004 25.58 95309.58
1560716202.3447056 25.63 95309.85
1560716262.373611 25.64 95306.33
1560716322.4025164 25.67 95309.19
1560716382.431422 25.59 95310.88
1560716442.4603274 25.55 95310.16
1560716502.5048327 25.59 95312.39
1560716562.5337381 25.52 95317.91
1560716622.5626438 25.58 95314.71
1560716682.5915492 25.59 95315.64
1560716742.6204543 25.64 95318.52
1560716802.64936 25.65 95320.49
1560716862.6938655 25.63 95319.57
1560716922.722771 25.54 95321.41
1560716982.7516763 25.55 95327.24
1560717042.7805817 25.54 95325.97
1560717102.809487 25.59 95328.25
1560717162.8383925 25.57 95327.42
1560717222.882898 25.53 95331.60
1560717282.9118035 25.60 95332.30
1560717342.9407089 25.60 95330.72
1560717402.9696143 25.57 95337.14
1560717462.99852 25.57 95336.97
1560717523.0430255 25.59 95334.55
1560717583.0719306 25.60 95333.74
1560717643.100836 25.61 95339.23
1560717703.1297417 25.57 95338.58
1560717763.158647 25.59 95340.57
1560717823.1875525 25.61 95343.25
1560717883.2320578 25.60 95346.46
1560717943.2609634 25.59 95345.77
1560718003.2898688 25.59 95344.77
1560718063.3187742 25.56 95346.05
1560718123.3476799 25.54 95347.42
1560718183.3765852 25.56 95345.21
1560718243.4210906 25.52 95347.14
1560718303.449996 25.53 95349.34
1560718363.4789014 25.54 95349.27
1560718423.507807 25.62 95346.39
1560718483.5367122 25.63 95352.27
1560718543.5656176 25.60 95352.83
1560718603.6101232 25.63 95350.10
1560718663.6390285 25.61 95353.42
1560718723.6679342 25.64 95353.28
1560718783.6968393 25.60 95352.22
1560718843.725745 25.58 95355.28
1560718903.7702506 25.59 95355.98
1560718963.7991557 25.57 95354.85
1560719023.828061 25.58 95359.36
1560719083.8569667 25.63 95358.27
1560719143.8858721 25.61 95359.69
1560719203.9147775 25.64 95358.80
1560719263.9592829 25.67 95361.57
1560719323.9881885 25.67 95360.07
1560719384.017094 25.62 95362.74
1560719444.0459993 25.65 95364.13
1560719504.074905 25.68 95368.70
1560719564.1038103 25.68 95369.71
1560719624.1483157 25.68 95365.72
1560719684.177221 25.63 95367.17
1560719744.2061267 25.60 95369.00
1560719804.235032 25.67 95368.64
1560719864.2639372 25.64 95368.21
1560719924.3084428 25.66 95372.39
1560719984.3373485 25.69 95369.94
1560720044.3662539 25.61 95372.41
1560720104.3951592 25.59 95376.00
1560720164.4240644 25.59 95373.39
1560720224.45297 25.63 95371.80
1560720284.4818754 25.61 95377.44
1560720344.526381 25.63 95373.37
1560720404.5552866 25.63 95379.03
1560720464.5841918 25.57 95378.82
1560720524.6130972 25.60 95379.55
1560720584.6420026 25.62 95377.63
1560720644.6865082 25.62 95378.21
1560720704.7154136 25.61 95374.82
1560720764.744319 25.68 95375.39
1560720824.7732244 25.72 95379.66
1560720884.80213 25.69 95380.14
1560720944.8310354 25.60 95378.44
1560721004.8599408 25.64 95373.21
1560721064.9044461 25.60 95375.80
1560721124.9333518 25.61 95377.60
1560721184.9622571 25.68 95379.75
1560721244.9911625 25.67 95373.46
1560721305.0200682 25.67 95374.03
1560721365.0489733 25.67 95377.38
1560721425.093479 25.68 95375.39
1560721485.1223843 25.65 95377.69
1560721545.1512897 25.68 95374.89
1560721605.1801953 25.73 95380.27
1560721665.2091005 25.77 95381.92
1560721725.238006 25.68 95379.78
1560721785.2825117 25.65 95381.03
1560721845.3114169 25.68 95383.10
1560721905.3403223 25.64 95383.85
1560721965.369228 25.70 95383.25
1560722025.3981333 25.65 95385.28
1560722085.4426386 25.65 95380.42
1560722145.471544 25.63 95384.08
1560722205.5004494 25.61 95386.38
1560722265.529355 25.69 95381.62
1560722325.5582604 25.69 95384.97
1560722385.587166 25.70 95385.71
1560722445.6316712 25.71 95386.88
1560722505.6605768 25.71 95386.17
1560722565.6894822 25.62 95388.25
1560722625.7183876 25.70 95387.41
1560722685.7472932 25.64 95386.60
1560722745.7761984 25.67 95389.71
1560722805.820704 25.71 95393.71
1560722865.8496094 25.64 95388.94
1560722925.878515 25.64 95387.43
1560722985.9074204 25.65 95387.67
1560723045.9363256 25.63 95390.55
1560723105.9652312 25.69 95390.93
1560723166.0097368 25.68 95390.80
1560723226.0386422 25.66 95397.21
1560723286.0675473 25.62 95392.70
1560723346.096453 25.61 95392.24
1560723406.1253583 25.67 95394.63
1560723466.1542637 25.71 95398.42
1560723526.1987693 25.73 95398.38
1560723586.2276747 25.72 95396.95
1560723646.25658 25.68 95400.78
1560723706.2854855 25.62 95400.40
1560723766.3143911 25.61 95401.71
1560723826.3588965 25.66 95400.05
1560723886.387802 25.69 95402.42
1560723946.4167073 25.66 95401.25
1560724006.445613 25.64 95399.15
1560724066.4745183 25.65 95404.14
1560724126.5034235 25.63 95402.64
1560724186.547929 25.65 95402.36
1560724246.5768347 25.72 95407.00
1560724306.60574 25.75 95406.11
1560724366.6346455 25.66 95407.78
1560724426.6635506 25.66 95404.00
1560724486.6924562 25.73 95404.55
1560724546.7369618 25.71 95409.28
1560724606.7658672 25.69 95408.95
1560724666.7947724 25.73 95411.38
1560724726.823678 25.70 95412.39
1560724786.8525834 25.66 95414.45
1560724846.8814888 25.63 95414.93
1560724906.9259944 25.58 95413.10
1560724966.9548998 25.60 95415.94
1560725026.9838052 25.60 95413.50
1560725087.0127106 25.64 95412.55
1560725147.0416162 25.65 95410.77
1560725207.0705216 25.63 95412.75
1560725267.115027 25.68 95413.78
1560725327.1439323 25.71 95414.67
1560725387.172838 25.72 95416.37
1560725447.2017434 25.62 95418.72
1560725507.2306488 25.70 95420.70
1560725567.2595544 25.71 95420.70
1560725627.3040597 25.70 95419.57
1560725687.3329651 25.71 95424.35
1560725747.3618705 25.64 95426.94
1560725807.3907762 25.65 95426.75
1560725867.4196813 25.60 95431.05
1560725927.464187 25.58 95433.36
1560725987.4930923 25.61 95429.47
1560726047.521998 25.63 95429.50
1560726107.5509033 25.66 95433.80
1560726167.5798085 25.65 95435.61
1560726227.6087139 25.69 95436.07
1560726287.6532197 25.69 95435.21
1560726347.6821249 25.70 95436.50
1560726407.7110302 25.64 95438.33
1560726467.7399356 25.68 95439.19
1560726527.7688413 25.73 95439.07
1560726587.7977467 25.74 95437.74
1560726647.842252 25.78 95437.25
1560726707.8711574 25.73 95437.83
1560726767.900063 25.71 95441.09
1560726827.9289684 25.69 95443.17
1560726887.9578738 25.63 95444.63
1560726947.9867795 25.57 95444.61
1560727008.0312848 25.64 95441.38
1560727068.0601902 25.59 95444.64
1560727128.0890956 25.56 95448.77
1560727188.1180012 25.59 95445.61
1560727248.1469066 25.57 95446.59
1560727308.175812 25.60 95450.20
1560727368.2203174 25.63 95447.88
1560727428.249223 25.69 95450.82
1560727488.2781284 25.64 95449.75
1560727548.3070335 25.57 95451.71
1560727608.3359392 25.63 95449.55
1560727668.3648446 25.60 95449.03
1560727728.4093502 25.61 95449.73
1560727788.4382555 25.65 95451.09
1560727848.467161 25.66 95453.96
1560727908.4960663 25.66 95453.33
1560727968.5249717 25.64 95453.77
1560728028.5538774 25.64 95453.24
1560728088.5983825 25.61 95450.89
1560728148.627288 25.58 95451.00
1560728208.6561935 25.60 95452.21
1560728268.6850991 25.55 95455.07
1560728328.7140045 25.51 95458.06
1560728388.74291 25.58 95455.96
1560728448.7874153 25.60 95457.17
1560728508.8163207 25.53 95453.13
1560728568.8452263 25.61 95452.27
1560728628.8741317 25.63 95453.33
1560728688.903037 25.62 95450.86
1560728748.9319425 25.61 95453.17
1560728808.976448 25.67 95450.82
1560728869.0053535 25.69 95455.73
1560728929.0342586 25.64 95452.63
1560728989.0631645 25.58 95452.11
1560729049.0920696 25.57 95451.55
1560729109.120975 25.61 95453.85
1560729169.1654806 25.65 95451.86
1560729229.194386 25.63 95450.69
1560729289.2232914 25.61 95450.16
1560729349.2521968 25.57 95450.91
1560729409.2811024 25.54 95453.23
1560729469.3100078 25.57 95453.82
1560729529.3545132 25.53 95455.47
1560729589.3834186 25.52 95456.45
1560729649.4123242 25.57 95457.74
