1560384109.4762154 24.43 95329.99
1560384169.520721 24.43 95331.26
1560384229.549626 24.42 95333.43
1560384289.5785315 24.43 95332.20
1560384349.6074371 24.43 95335.47
1560384409.6363425 24.36 95340.58
1560384469.665248 24.34 95338.08
1560384529.6941535 24.40 95341.82
1560384589.7230587 24.43 95343.22
1560384649.7675643 24.52 95340.49
1560384709.7964697 24.53 95340.96
1560384769.825375 24.43 95343.19
1560384829.8542807 24.37 95349.27
1560384889.8831859 24.36 95354.32
1560384949.9120915 24.40 95357.30
1560385009.940997 24.42 95364.68
1560385069.9699023 24.39 95362.47
1560385130.0144076 24.42 95359.47
1560385190.0433133 24.46 95357.50
1560385250.0722187 24.49 95347.81
1560385310.101124 24.46 95346.91
1560385370.1300297 24.50 95347.85
1560385430.158935 24.60 95344.46
1560385490.1878405 24.50 95344.50
1560385550.2167456 24.47 95346.57
1560385610.2456512 24.47 95343.33
1560385670.2745566 24.50 95343.63
1560385730.3190622 24.46 95344.90
1560385790.3479674 24.47 95345.83
1560385850.376873 24.44 95348.21
1560385910.4057784 24.44 95349.11
1560385970.4346838 24.45 95344.36
1560386030.4635894 24.46 95345.80
1560386090.4924948 24.39 95345.90
1560386150.5214002 24.37 95344.72
1560386210.5659056 24.37 95346.33
1560386270.5948112 24.35 95341.46
1560386330.6237166 24.39 95338.32
1560386390.652622 24.48 95336.54
1560386450.6815274 24.50 95339.39
1560386510.7104328 24.49 95341.46
1560386570.7393382 24.38 95347.30
1560386630.7682438 24.41 95351.38
1560386690.8127494 24.39 95350.05
1560386750.8416545 24.36 95350.88
1560386810.87056 24.37 95355.25
1560386870.8994656 24.34 95357.53
1560386930.928371 24.38 95356.33
1560386990.9572763 24.41 95354.49
1560387050.986182 24.44 95358.40
1560387111.0150871 24.37 95354.58
1560387171.0595927 24.37 95353.25
1560387231.088498 24.38 95354.82
1560387291.1174037 24.47 95357.47
1560387351.1463091 24.49 95357.21
1560387411.1752143 24.45 95359.84
1560387471.20412 24.41 95356.50
1560387531.2330253 24.39 95358.70
1560387591.2619307 24.49 95355.83
1560387651.306436 24.48 95357.80
1560387711.3353415 24.56 95354.89
1560387771.364247 24.55 95351.46
1560387831.3931525 24.53 95353.32
1560387891.4220579 24.47 95358.87
1560387951.4509635 24.56 95350.21
1560388011.479869 24.56 95357.24
1560388071.508774 24.51 95359.17
1560388131.5532796 24.50 95356.86
1560388191.5821853 24.45 95359.03
1560388251.6110907 24.45 95364.28
1560388311.6399958 24.46 95363.99
1560388371.6689014 24.46 95365.28
1560388431.6978068 24.48 95365.82
1560388491.7267122 24.45 95367.53
1560388551.7556179 24.45 95364.85
1560388611.8001232 24.55 95366.69
1560388671.8290286 24.55 95369.36
1560388731.857934 24.53 95369.53
1560388791.8868396 24.58 95367.57
1560388851.915745 24.58 95369.77
1560388911.9446504 24.55 95369.33
1560388971.9735558 24.44 95371.00
1560389032.0024612 24.49 95374.42
1560389092.0469668 24.46 95370.03
1560389152.0758722 24.51 95371.71
1560389212.1047778 24.45 95370.97
1560389272.133683 24.49 95370.10
1560389332.1625884 24.51 95370.87
1560389392.191494 24.55 95366.89
1560389452.2203994 24.49 95368.73
1560389512.2493048 24.45 95364.96
1560389572.2938101 24.44 95361.41
1560389632.3227158 24.47 95364.45
1560389692.3516212 24.43 95363.55
1560389752.3805265 24.42 95362.51
1560389812.4094322 24.45 95361.38
1560389872.4383373 24.36 95368.52
1560389932.4672427 24.37 95365.05
1560389992.496148 24.45 95365.42
1560390052.5406537 24.45 95363.58
1560390112.5695593 24.44 95367.76
1560390172.5984645 24.43 95363.92
1560390232.6273699 24.41 95363.85
1560390292.6562755 24.40 95359.84
1560390352.685181 24.41 95354.99
1560390412.7140863 24.38 95359.63
1560390472.742992 24.40 95360.77
1560390532.7874973 24.43 95353.99
1560390592.8164027 24.47 95354.86
1560390652.845308 24.42 95354.15
1560390712.8742137 24.43 95352.69
1560390772.903119 24.41 95353.05
1560390832.9320242 24.42 95355.10
1560390892.9609299 24.37 95352.75
1560390952.9898353 24.35 95354.25
1560391013.0343409 24.34 95358.03
1560391073.063246 24.31 95359.80
1560391133.0921516 24.33 95360.27
1560391193.121057 24.35 95361.17
1560391253.1499624 24.41 95359.97
1560391313.178868 24.37 95361.80
1560391373.2077734 24.39 95367.72
1560391433.2366788 24.42 95363.52
1560391493.2655842 24.46 95361.07
1560391553.2944896 24.48 95360.14
1560391613.3389952 24.50 95356.10
1560391673.3679006 24.43 95356.92
1560391733.396806 24.41 95356.33
1560391793.4257114 24.44 95354.12
1560391853.4546168 24.42 95349.08
1560391913.4835224 24.40 95351.42
1560391973.5124278 24.45 95350.01
1560392033.5413332 24.48 95345.71
1560392093.5858386 24.42 95347.24
1560392153.614744 24.53 95339.95
1560392213.6436496 24.47 95338.99
1560392273.672555 24.44 95340.42
1560392333.7014604 24.53 95335.81
1560392393.7303658 24.51 95339.08
1560392453.7592714 24.47 95336.81
1560392513.7881765 24.41 95336.50
1560392573.8326821 24.42 95333.21
1560392633.8615878 24.47 95328.62
1560392693.890493 24.48 95325.82
1560392753.9193983 24.46 95325.85
1560392813.948304 24.41 95325.82
1560392873.9772093 24.39 95328.35
1560392934.0061147 24.41 95330.33
1560392994.0350204 24.38 95328.72
1560393054.0795257 24.45 95327.64
1560393114.108431 24.52 95329.39
1560393174.1373365 24.47 95329.69
1560393234.1662421 24.45 95323.07
1560393294.1951475 24.46 95327.58
1560393354.2240527 24.49 95332.89
1560393414.2529583 24.46 95333.00
1560393474.2818637 24.51 95332.50
1560393534.3263693 24.46 95334.07
1560393594.3552744 24.55 95330.89
1560393654.38418 24.47 95335.74
1560393714.4130855 24.40 95331.23
1560393774.4419909 24.42 95328.79
1560393834.4708965 24.41 95331.60
1560393894.4998019 24.41 95327.65
1560393954.528707 24.45 95326.78
1560394014.5732126 24.46 95325.58
1560394074.6021183 24.45 95319.96
1560394134.6310236 24.53 95321.83
1560394194.659929 24.52 95316.78
1560394254.6888342 24.41 95317.39
1560394314.7177398 24.38 95315.55
1560394374.7466452 24.37 95314.25
1560394434.7755506 24.38 95313.22
1560394494.8200564 24.45 95313.64
1560394554.8489616 24.42 95316.86
1560394614.877867 24.41 95316.22
1560394674.9067724 24.36 95319.27
1560394734.935678 24.31 95317.63
1560394794.9645834 24.38 95314.72
1560394854.9934888 24.37 95311.75
1560394915.0223942 24.45 95310.10
1560394975.0512996 24.41 95317.53
1560395035.0958052 24.32 95310.88
1560395095.1247106 24.35 95311.81
1560395155.153616 24.27 95318.32
1560395215.1825213 24.27 95317.89
1560395275.2114267 24.27 95319.60
1560395335.2403324 24.29 95315.42
1560395395.2692378 24.33 95317.50
1560395455.2981431 24.28 95321.33
1560395515.3426485 24.28 95322.33
1560395575.3715541 24.30 95317.22
1560395635.4004595 24.32 95315.92
1560395695.429365 24.33 95317.29
1560395755.4582705 24.33 95317.32
1560395815.4871757 24.37 95319.50
1560395875.5160813 24.37 95316.92
1560395935.5449867 24.32 95313.75
1560395995.5894923 24.34 95317.13
1560396055.6183977 24.32 95317.42
1560396115.6473029 24.33 95316.96
1560396175.6762085 24.28 95318.96
1560396235.705114 24.27 95323.27
1560396295.7340193 24.28 95326.35
1560396355.762925 24.28 95324.64
1560396415.7918303 24.27 95327.68
1560396475.8363357 24.29 95327.95
1560396535.865241 24.29 95331.19
1560396595.8941464 24.32 95327.75
1560396655.923052 24.30 95332.70
1560396715.9519575 24.32 95329.75
1560396775.9808626 24.31 95333.66
1560396836.0097682 24.30 95333.42
1560396896.0386736 24.33 95334.50
1560396956.067579 24.36 95333.00
1560397016.0964847 24.36 95336.74
1560397076.12539 24.35 95336.50
1560397136.1698954 24.22 95343.14
1560397196.1988008 24.22 95337.86
1560397256.2277064 24.29 95338.57
1560397316.2566118 24.39 95334.00
1560397376.2855172 24.38 95334.50
1560397436.3144228 24.33 95338.04
1560397496.343328 24.31 95336.27
1560397556.3722334 24.28 95337.10
1560397616.416739 24.29 95338.75
1560397676.4456444 24.31 95335.57
1560397736.47455 24.31 95331.16
1560397796.5034552 24.32 95330.42
1560397856.5323608 24.32 95337.47
1560397916.5612662 24.35 95335.00
1560397976.5901716 24.34 95334.30
1560398036.6190772 24.34 95340.85
1560398096.6479826 24.33 95334.43
1560398156.692488 24.28 95337.44
1560398216.7213933 24.31 95337.61
1560398276.750299 24.33 95339.61
1560398336.7792041 24.31 95337.41
1560398396.8081098 24.29 95337.30
1560398456.8370152 24.31 95336.17
1560398516.8659205 24.31 95334.07
1560398576.894826 24.30 95338.35
1560398636.9393313 24.37 95338.38
1560398696.9682367 24.37 95335.71
1560398756.9971423 24.32 95336.21
1560398817.0260477 24.30 95339.48
1560398877.054953 24.34 95335.50
1560398937.0838587 24.26 95336.00
1560398997.112764 24.25 95339.44
1560399057.1416693 24.23 95339.67
1560399117.1861749 24.21 95341.64
1560399177.2150805 24.26 95342.32
1560399237.243986 24.34 95338.85
1560399297.2728913 24.27 95345.99
1560399357.3017967 24.26 95343.02
1560399417.330702 24.28 95349.90
1560399477.3596075 24.28 95350.90
1560399537.388513 24.25 95350.36
1560399597.4174185 24.26 95352.00
1560399657.4619238 24.20 95355.37
1560399717.4908292 24.22 95357.25
1560399777.5197349 24.23 95360.78
1560399837.5486403 24.27 95359.86
1560399897.5775456 24.26 95358.35
1560399957.6064513 24.27 95361.92
1560400017.6353564 24.27 95359.46
1560400077.6642618 24.20 95362.49
1560400137.7087674 24.25 95365.33
1560400197.7376728 24.25 95362.06
1560400257.7665782 24.23 95362.53
1560400317.7954836 24.22 95367.77
1560400377.8243892 24.21 95361.12
1560400437.8532946 24.24 95364.93
1560400497.8822 24.22 95365.00
1560400557.9111054 24.21 95365.39
1560400617.940011 24.17 95361.82
1560400677.9845164 24.18 95361.05
1560400738.0134218 24.19 95359.75
1560400798.0423274 24.26 95363.53
1560400858.0712326 24.22 95358.35
1560400918.100138 24.25 95358.82
1560400978.1290433 24.22 95359.75
1560401038.157949 24.22 95360.82
1560401098.1868544 24.19 95355.44
1560401158.2157598 24.17 95352.89
1560401218.260265 24.25 95349.19
1560401278.2891707 24.30 95346.39
1560401338.3180761 24.29 95348.26
1560401398.3469815 24.29 95346.06
1560401458.3758872 24.28 95342.18
1560401518.4047925 24.26 95345.32
1560401578.4336977 24.23 95342.14
1560401638.4626033 24.22 95344.99
1560401698.507109 24.24 95345.22
1560401758.536014 24.20 95347.35
1560401818.5649197 24.24 95345.05
1560401878.593825 24.22 95348.49
1560401938.6227305 24.28 95349.20
1560401998.651636 24.22 95350.07
1560402058.6805415 24.24 95352.33
1560402118.709447 24.27 95347.73
1560402178.7383523 24.33 95343.72
1560402238.7672577 24.39 95341.55
1560402298.796163 24.32 95339.71
1560402358.8406687 24.26 95333.33
1560402418.8695738 24.31 95329.25
1560402478.8984797 24.23 95325.47
1560402538.9273849 24.22 95323.67
1560402598.9562902 24.22 95322.43
1560402658.9851959 24.23 95325.81
1560402719.0141013 24.32 95326.78
1560402779.0430067 24.25 95326.47
1560402839.087512 24.27 95323.60
1560402899.1164176 24.33 95320.13
1560402959.145323 24.34 95322.27
1560403019.1742284 24.31 95328.25
1560403079.203134 24.38 95322.91
1560403139.2320395 24.35 95325.24
1560403199.2609446 24.29 95330.89
1560403259.28985 24.27 95326.17
1560403319.3343558 24.26 95328.64
1560403379.3632612 24.25 95335.27
1560403439.3921664 24.39 95333.50
1560403499.4210718 24.35 95332.76
1560403559.4499774 24.26 95336.24
1560403619.4788828 24.30 95334.97
1560403679.5077882 24.31 95334.10
1560403739.5366938 24.27 95332.07
1560403799.5811992 24.25 95334.53
1560403859.6101046 24.32 95329.25
1560403919.63901 24.31 95331.89
1560403979.6679156 24.29 95329.62
1560404039.696821 24.33 95327.85
1560404099.7257261 24.34 95323.71
1560404159.7546318 24.32 95325.11
1560404219.7835371 24.29 95329.05
1560404279.8280425 24.26 95328.49
1560404339.8569481 24.26 95332.46
1560404399.8858535 24.21 95331.46
1560404459.914759 24.18 95329.61
1560404519.9436643 24.23 95329.99
1560404579.97257 24.25 95328.98
1560404640.0014753 24.26 95325.38
1560404700.0303807 24.25 95326.14
1560404760.059286 24.19 95327.94
1560404820.1037917 24.14 95327.39
1560404880.132697 24.18 95330.55
1560404940.1616025 24.19 95330.68
1560405000.190508 24.25 95328.48
1560405060.2194133 24.31 95327.21
1560405120.2483187 24.24 95326.94
1560405180.2772243 24.25 95321.57
1560405240.3061297 24.31 95318.89
1560405300.335035 24.30 95319.27
1560405360.3795404 24.33 95315.69
1560405420.4084458 24.29 95315.35
1560405480.4373515 24.32 95314.22
1560405540.4662569 24.32 95313.75
1560405600.4951625 24.32 95315.58
1560405660.5240676 24.29 95317.32
1560405720.552973 24.30 95312.94
1560405780.5818784 24.27 95315.05
1560405840.6263838 24.32 95313.64
1560405900.6552896 24.29 95315.42
1560405960.6841948 24.21 95324.10
1560406020.7131002 24.27 95320.86
1560406080.7420058 24.25 95324.07
1560406140.7709112 24.28 95317.79
1560406200.7998166 24.32 95316.22
1560406260.8287222 24.33 95317.39
1560406320.8576274 24.30 95316.96
1560406380.902133 24.34 95316.25
1560406440.9310384 24.37 95313.68
1560406500.959944 24.37 95312.08
1560406560.9888494 24.29 95317.53
1560406621.0177546 24.26 95312.85
1560406681.0466602 24.20 95313.71
1560406741.0755656 24.24 95311.91
1560406801.104471 24.30 95309.21
1560406861.1333766 24.32 95310.81
1560406921.177882 24.27 95312.58
1560406981.2067873 24.35 95311.28
1560407041.2356927 24.34 95312.44
1560407101.2645984 24.29 95311.74
1560407161.2935038 24.26 95314.78
1560407221.3224092 24.29 95310.35
1560407281.3513145 24.38 95309.10
1560407341.38022 24.35 95306.77
1560407401.4091253 24.31 95307.83
1560407461.438031 24.29 95313.17
1560407521.482536 24.34 95314.12
1560407581.5114417 24.37 95318.42
1560407641.540347 24.44 95317.53
1560407701.5692525 24.36 95321.57
1560407761.5981581 24.30 95326.98
1560407821.6270635 24.32 95326.61
1560407881.6559691 24.32 95327.68
1560407941.6848745 24.32 95329.25
1560408001.7137797 24.35 95326.35
1560408061.7582853 24.30 95327.85
1560408121.7871907 24.34 95323.78
1560408181.816096 24.44 95324.28
1560408241.8450017 24.31 95329.39
1560408301.8739069 24.33 95323.34
1560408361.9028125 24.33 95325.47
1560408421.9317179 24.25 95329.41
1560408481.9606233 24.27 95329.55
1560408542.0051286 24.24 95331.69
1560408602.0340343 24.25 95331.52
1560408662.0629396 24.29 95334.36
1560408722.091845 24.23 95334.83
1560408782.1207507 24.28 95335.00
1560408842.1496558 24.28 95335.21
1560408902.1785612 24.27 95336.70
1560408962.2074668 24.27 95340.08
1560409022.2363722 24.29 95335.47
1560409082.2808778 24.28 95336.50
1560409142.309783 24.32 95334.77
1560409202.3386886 24.30 95328.96
1560409262.367594 24.28 95333.83
1560409322.3964994 24.30 95331.66
1560409382.425405 24.34 95331.28
1560409442.4543104 24.34 95329.16
1560409502.4832158 24.35 95334.37
1560409562.5121212 24.36 95335.84
1560409622.5566268 24.33 95336.34
1560409682.5855322 24.27 95336.10
1560409742.6144373 24.27 95335.86
1560409802.6433432 24.38 95331.26
1560409862.6722484 24.33 95334.17
1560409922.7011538 24.33 95331.72
1560409982.7300591 24.28 95331.49
1560410042.7589648 24.29 95330.12
1560410102.7878702 24.33 95322.14
1560410162.8323755 24.36 95323.78
1560410222.861281 24.34 95321.44
1560410282.8901865 24.29 95325.35
1560410342.919092 24.32 95317.76
1560410402.947997 24.28 95322.91
1560410462.976903 24.32 95317.16
1560410523.005808 24.29 95316.99
1560410583.0347135 24.32 95320.27
1560410643.079219 24.31 95327.08
1560410703.1081245 24.31 95328.75
1560410763.13703 24.31 95328.58
1560410823.1659353 24.21 95333.66
1560410883.194841 24.25 95329.91
1560410943.2237463 24.31 95323.37
1560411003.2526517 24.33 95326.42
1560411063.2815573 24.29 95330.72
1560411123.3104627 24.31 95332.33
1560411183.354968 24.38 95324.91
1560411243.3838735 24.38 95329.75
1560411303.412779 24.34 95332.33
1560411363.4416845 24.42 95333.71
1560411423.4705896 24.39 95337.31
1560411483.4994953 24.35 95338.71
1560411543.5284007 24.35 95337.71
1560411603.557306 24.44 95331.63
1560411663.5862117 24.34 95336.35
1560411723.630717 24.37 95336.21
1560411783.6596224 24.35 95333.50
1560411843.6885278 24.37 95339.14
1560411903.7174335 24.37 95339.88
1560411963.7463388 24.29 95336.57
1560412023.7752442 24.29 95342.05
1560412083.8041494 24.31 95341.25
1560412143.833055 24.32 95341.32
1560412203.8775606 24.37 95337.75
1560412263.9064658 24.33 95339.21
1560412323.9353716 24.32 95338.81
1560412383.9642768 24.34 95337.14
1560412443.9931822 24.35 95334.16
1560412504.0220876 24.36 95338.61
1560412564.0509932 24.35 95337.04
1560412624.0798986 24.38 95336.11
1560412684.108804 24.29 95336.40
1560412744.1377094 24.32 95339.32
1560412804.1666148 24.27 95336.40
1560412864.2111204 24.28 95343.28
1560412924.2400258 24.34 95343.02
1560412984.2689312 24.45 95342.96
1560413044.2978365 24.39 95345.86
1560413104.326742 24.38 95348.64
1560413164.3556476 24.33 95353.21
1560413224.384553 24.38 95354.65
1560413284.4134583 24.34 95360.57
1560413344.442364 24.36 95356.86
1560413404.4868693 24.42 95355.92
1560413464.5157747 24.46 95352.28
1560413524.54468 24.40 95357.13
1560413584.5735857 24.35 95360.94
1560413644.602491 24.39 95356.42
1560413704.6313963 24.37 95361.03
1560413764.660302 24.34 95358.69
1560413824.6892073 24.43 95360.57
1560413884.7181127 24.41 95364.75
1560413944.762618 24.43 95365.46
1560414004.7915237 24.35 95367.18
1560414064.820429 24.24 95374.99
1560414124.8493345 24.30 95366.55
1560414184.87824 24.33 95367.02
1560414244.9071455 24.39 95362.91
1560414304.9360507 24.42 95361.54
1560414364.9649565 24.38 95360.84
1560414425.0094616 24.40 95355.75
1560414485.0383673 24.31 95358.96
1560414545.0672727 24.32 95353.82
1560414605.0961778 24.27 95361.42
1560414665.1250834 24.32 95358.53
1560414725.1539888 24.31 95363.30
1560414785.1828942 24.31 95365.31
1560414845.2117999 24.23 95361.99
1560414905.2407053 24.30 95368.92
1560414965.2852106 24.27 95366.78
1560415025.314116 24.28 95369.92
1560415085.3430216 24.36 95361.21
1560415145.371927 24.20 95368.17
1560415205.4008324 24.28 95363.57
1560415265.4297378 24.34 95367.89
1560415325.4586432 24.36 95362.71
1560415385.4875486 24.38 95368.19
1560415445.5164542 24.37 95366.28
1560415505.5609596 24.37 95367.11
1560415565.589865 24.28 95371.28
1560415625.6187704 24.30 95372.57
1560415685.647676 24.28 95378.71
1560415745.6765814 24.26 95381.41
1560415805.7054868 24.28 95382.55
1560415865.7343924 24.33 95384.63
1560415925.7632978 24.33 95383.02
1560415985.792203 24.24 95377.50
1560416045.8367085 24.26 95375.10
1560416105.8656142 24.22 95375.85
1560416165.8945193 24.17 95377.25
1560416225.923425 24.17 95378.62
1560416285.9523304 24.15 95379.96
1560416345.9812357 24.18 95389.85
1560416406.0101411 24.18 95389.35
1560416466.0390468 24.18 95392.78
1560416526.0679522 24.17 95398.39
1560416586.1124575 24.09 95396.24
1560416646.141363 24.09 95395.17
1560416706.1702683 24.12 95400.57
1560416766.199174 24.13 95403.57
1560416826.228079 24.16 95402.60
1560416886.2569845 24.21 95402.88
1560416946.28589 24.24 95402.72
1560417006.3147955 24.23 95404.99
1560417066.343701 24.25 95402.02
1560417126.3882062 24.12 95407.34
1560417186.4171119 24.13 95406.64
1560417246.4460173 24.12 95405.50
1560417306.4749227 24.16 95407.89
1560417366.5038283 24.18 95406.75
1560417426.5327337 24.17 95409.19
1560417486.5616388 24.11 95403.69
1560417546.5905445 24.14 95402.60
1560417606.6194499 24.19 95400.11
1560417666.6483552 24.15 95407.41
1560417726.6772609 24.12 95410.11
1560417786.7217665 24.09 95409.71
1560417846.7506716 24.11 95412.71
1560417906.779577 24.09 95410.00
1560417966.8084826 24.05 95407.25
1560418026.837388 24.01 95409.82
1560418086.8662934 23.99 95411.38
1560418146.895199 24.10 95413.21
1560418206.9241042 24.14 95413.35
1560418266.9530096 24.08 95416.11
1560418326.9819152 24.12 95421.97
1560418387.0264206 24.08 95423.36
1560418447.0553262 24.01 95425.28
1560418507.0842314 24.03 95430.16
1560418567.113137 23.99 95429.67
1560418627.1420424 24.03 95429.13
1560418687.1709478 24.07 95428.44
1560418747.1998534 24.04 95429.92
1560418807.2287588 24.01 95430.22
1560418867.257664 24.02 95429.99
1560418927.3021696 24.05 95432.44
1560418987.331075 24.09 95430.45
1560419047.3599803 24.10 95433.53
1560419107.388886 24.03 95437.08
1560419167.4177911 24.04 95437.21
1560419227.4466968 24.00 95439.41
1560419287.4756021 24.00 95442.11
1560419347.5045075 24.02 95439.67
1560419407.5334132 24.07 95445.97
1560419467.5623186 24.11 95442.51
1560419527.606824 24.10 95447.39
1560419587.6357293 24.10 95449.89
1560419647.664635 24.16 95451.08
1560419707.6935403 24.12 95455.67
1560419767.7224457 24.08 95457.60
1560419827.751351 24.11 95459.61
1560419887.7802565 24.09 95458.94
1560419947.809162 24.15 95456.39
1560420007.8380675 24.10 95456.58
1560420067.882573 24.12 95454.67
1560420127.9114783 24.06 95451.18
1560420187.9403837 24.03 95454.61
1560420247.9692893 24.02 95455.58
1560420307.9981947 24.04 95455.02
1560420368.0271 24.06 95457.93
1560420428.0560055 24.00 95454.87
1560420488.0849109 23.98 95456.43
1560420548.1138163 23.98 95457.16
1560420608.142722 24.02 95459.42
1560420668.1872275 24.03 95454.82
1560420728.2161326 24.12 95455.44
1560420788.245038 24.02 95456.98
1560420848.2739437 24.03 95456.02
1560420908.302849 24.04 95455.19
1560420968.3317544 23.98 95457.07
1560421028.36066 23.92 95460.58
1560421088.3895652 23.91 95460.35
1560421148.4184709 23.98 95466.45
1560421208.4629762 24.02 95470.41
1560421268.4918816 24.08 95475.67
1560421328.5207872 24.07 95474.80
1560421388.5496924 24.04 95476.13
1560421448.5785978 24.03 95477.69
1560421508.6075034 24.06 95479.25
1560421568.6364088 24.00 95482.36
1560421628.6653142 24.06 95483.18
1560421688.6942198 24.10 95483.07
1560421748.723125 24.03 95488.28
1560421808.7676306 24.06 95490.36
1560421868.780936 24.04 95489.99
1560421928.8254416 24.08 95495.35
1560421988.854347 24.10 95495.60
1560422048.8832521 24.10 95494.60
1560422108.9121578 24.07 95495.68
1560422168.9410632 24.06 95496.14
1560422228.9699686 24.08 95496.96
1560422288.9988742 24.07 95498.42
1560422349.0277796 24.10 95502.51
1560422409.056685 24.05 95503.16
1560422469.1011903 24.16 95504.83
1560422529.130096 24.01 95504.60
1560422589.1590014 23.99 95508.34
1560422649.1879067 24.00 95505.81
1560422709.2168124 24.06 95503.99
1560422769.2457175 24.16 95508.68
1560422829.274623 24.09 95509.39
1560422889.3035285 24.00 95514.42
1560422949.332434 23.97 95516.64
1560423009.3613393 23.98 95517.11
1560423069.4058447 24.00 95512.69
1560423129.4347503 24.09 95513.13
1560423189.4636557 24.03 95516.27
1560423249.492561 24.15 95515.92
1560423309.5214667 24.20 95517.58
1560423369.5503721 24.17 95518.94
1560423429.5792773 24.17 95520.11
1560423489.6081827 24.12 95519.89
1560423549.6370883 24.12 95522.26
1560423609.6815937 24.16 95522.71
1560423669.7104993 24.17 95519.67
1560423729.7394044 24.19 95521.45
1560423789.76831 24.18 95523.32
1560423849.7972155 24.13 95527.64
1560423909.8261209 24.15 95525.52
1560423969.8550265 24.07 95526.55
1560424029.8839319 24.08 95527.72
1560424089.912837 24.12 95527.37
1560424149.9417427 24.14 95529.11
1560424209.9862483 24.18 95524.59
1560424270.0151536 24.20 95528.21
1560424330.0440588 24.20 95527.36
1560424390.0729644 24.17 95529.30
1560424450.1018698 24.07 95533.43
1560424510.1307752 24.09 95536.04
1560424570.1596808 24.09 95535.00
1560424630.1885862 24.08 95535.57
1560424690.2174916 24.12 95541.37
1560424750.261997 24.23 95536.74
1560424810.2909026 24.27 95538.46
1560424870.319808 24.25 95535.82
1560424930.3487134 24.23 95540.49
1560424990.3776188 24.24 95534.00
1560425050.4065242 24.27 95541.57
1560425110.4354296 24.26 95541.89
1560425170.4643352 24.18 95548.21
1560425230.4932406 24.16 95545.42
1560425290.537746 24.16 95549.37
1560425350.5666513 24.23 95553.85
1560425410.595557 24.25 95555.89
1560425470.6244624 24.30 95554.50
1560425530.6533678 24.30 95558.75
1560425590.6822734 24.31 95556.72
1560425650.7111785 24.32 95559.53
1560425710.7400842 24.32 95557.49
1560425770.7689893 24.29 95561.75
1560425830.8134952 24.38 95554.24
1560425890.8424006 24.42 95553.32
1560425950.8713057 24.39 95554.64
1560426010.900211 24.46 95553.36
1560426070.9291167 24.33 95553.16
1560426130.958022 24.31 95557.62
1560426190.9869275 24.32 95561.71
1560426251.0158331 24.29 95559.08
1560426311.0447383 24.20 95558.75
1560426371.089244 24.29 95563.29
1560426431.1181493 24.31 95566.99
1560426491.147055 24.29 95565.47
1560426551.1759603 24.27 95564.46
1560426611.2048655 24.29 95563.80
1560426671.233771 24.25 95561.03
1560426731.2626765 24.24 95564.51
1560426791.2915819 24.36 95558.04
1560426851.3204875 24.31 95562.80
1560426911.349393 24.35 95563.46
1560426971.3938982 24.30 95564.30
1560427031.4228036 24.31 95567.99
1560427091.4517093 24.28 95560.55
1560427151.4806147 24.26 95562.28
1560427211.5095198 24.21 95559.15
1560427271.5384257 24.15 95563.83
1560427331.5673308 24.16 95560.46
1560427391.5962362 24.17 95560.21
1560427451.6251419 24.20 95560.17
1560427511.6696472 24.20 95560.92
1560427571.6985526 24.16 95559.50
1560427631.727458 24.21 95560.35
1560427691.7563636 24.19 95560.88
1560427751.785269 24.22 95562.13
1560427811.8141744 24.22 95559.96
1560427871.8430796 24.22 95561.16
1560427931.8719854 24.25 95564.58
1560427991.9164908 24.22 95561.89
1560428051.9453962 24.18 95559.47
1560428111.9743018 24.14 95561.13
1560428172.003207 24.18 95560.07
1560428232.0321124 24.18 95558.90
1560428292.0610178 24.22 95562.89
1560428352.0899234 24.25 95561.14
1560428412.1188288 24.27 95561.32
1560428472.1477342 24.23 95560.86
1560428532.1922395 24.23 95561.60
1560428592.2211452 24.23 95558.49
1560428652.2500505 24.21 95557.64
1560428712.278956 24.26 95562.72
1560428772.3078616 24.24 95561.84
1560428832.3367667 24.24 95562.94
1560428892.365672 24.26 95562.05
1560428952.3945777 24.19 95559.48
1560429012.4390833 24.17 95556.52
1560429072.4679885 24.23 95560.20
1560429132.4968941 24.24 95558.19
1560429192.5257995 24.24 95555.49
1560429252.554705 24.27 95556.94
1560429312.5836103 24.26 95557.71
1560429372.612516 24.31 95555.72
1560429432.6414213 24.29 95554.34
1560429492.6859267 24.29 95552.27
1560429552.714832 24.30 95558.02
1560429612.7437377 24.26 95559.21
1560429672.772643 24.27 95559.98
1560429732.8015482 24.21 95560.15
1560429792.830454 24.20 95559.61
1560429852.8593593 24.18 95559.60
1560429912.8882647 24.20 95561.18
1560429972.9171703 24.23 95560.53
1560430032.9616754 24.25 95559.88
1560430092.990581 24.22 95559.49
1560430153.0194864 24.26 95558.87
1560430213.0483918 24.29 95560.42
1560430273.0772974 24.38 95558.86
1560430333.1062028 24.41 95557.92
1560430393.135108 24.35 95556.77
1560430453.1640139 24.33 95560.67
1560430513.2085192 24.33 95560.24
1560430573.2374246 24.27 95563.12
1560430633.26633 24.23 95560.71
1560430693.2952356 24.32 95566.05
1560430753.3241408 24.33 95562.14
1560430813.3530462 24.30 95563.50
1560430873.3819518 24.35 95562.42
1560430933.4108572 24.41 95562.10
1560430993.4553628 24.36 95559.52
1560431053.484268 24.31 95565.14
1560431113.5131736 24.30 95563.67
1560431173.542079 24.29 95557.25
1560431233.5709844 24.32 95562.50
1560431293.59989 24.47 95554.97
1560431353.6287954 24.46 95555.64
1560431413.6577005 24.47 95554.24
1560431473.7022061 24.45 95556.38
1560431533.7311118 24.33 95559.14
1560431593.760017 24.29 95559.35
1560431653.7889225 24.28 95559.41
1560431713.817828 24.28 95561.05
1560431773.8467333 24.28 95560.55
1560431833.8756387 24.31 95560.80
1560431893.9045444 24.33 95554.82
1560431953.9490497 24.33 95556.36
1560432013.9623551 24.30 95553.85
1560432074.0068605 24.33 95553.72
1560432134.0357661 24.36 95551.53
1560432194.0646715 24.42 95551.28
1560432254.0935767 24.39 95549.23
1560432314.122482 24.30 95549.53
1560432374.1513877 24.35 95542.39
1560432434.180293 24.34 95542.83
1560432494.2091985 24.34 95542.16
1560432554.2537043 24.36 95534.58
1560432614.2826095 24.37 95536.06
1560432674.3115149 24.32 95535.60
1560432734.3404202 24.32 95538.99
1560432794.3693259 24.29 95534.78
1560432854.3982313 24.32 95537.64
1560432914.4271367 24.36 95535.15
1560432974.456042 24.38 95536.63
1560433034.5005476 24.37 95536.39
1560433094.529453 24.46 95535.58
1560433154.5583584 24.45 95538.69
1560433214.587264 24.45 95537.55
1560433274.6161692 24.52 95540.55
1560433334.6450746 24.57 95541.33
1560433394.6739802 24.55 95544.38
1560433454.7028856 24.60 95545.05
1560433514.747391 24.58 95538.92
1560433574.7762964 24.49 95538.97
1560433634.805202 24.44 95537.22
1560433694.8341074 24.48 95535.22
1560433754.8630128 24.48 95533.75
1560433814.8919182 24.47 95532.01
1560433874.9208238 24.53 95526.82
1560433934.949729 24.47 95522.72
1560433994.9942346 24.59 95526.90
1560434055.0231402 24.68 95528.85
1560434115.0520453 24.70 95524.67
1560434175.0809507 24.74 95523.69
1560434235.1098564 24.70 95526.69
1560434295.1387618 24.73 95525.66
1560434355.1676672 24.76 95527.40
1560434415.2121727 24.74 95528.64
1560434475.241078 24.85 95527.28
1560434535.2699835 24.81 95525.50
1560434595.298889 24.73 95523.92
1560434655.3277943 24.77 95522.08
1560434715.3567 24.83 95523.40
1560434775.3856053 24.87 95520.03
1560434835.4301107 24.89 95520.83
1560434895.459016 24.84 95523.17
1560434955.4879217 24.79 95522.46
1560435015.5168269 24.75 95519.07
1560435075.5457325 24.90 95516.46
1560435135.574638 24.81 95521.59
1560435195.6035433 24.81 95516.74
1560435255.6480489 24.88 95516.25
1560435315.676954 24.88 95518.10
1560435375.7058597 24.83 95518.72
1560435435.734765 24.85 95516.31
1560435495.7636704 24.91 95512.58
1560435555.792576 24.91 95513.48
1560435615.8214815 24.94 95511.64
1560435675.8659868 24.91 95510.13
1560435735.8948922 24.91 95507.79
1560435795.9237978 24.89 95506.99
1560435855.9527032 24.91 95504.05
1560435915.9816086 24.92 95499.80
1560435976.010514 24.96 95499.70
1560436036.0394194 24.88 95499.25
1560436096.0683248 24.88 95500.83
1560436156.1128304 24.78 95502.79
1560436216.1417358 24.75 95493.89
1560436276.1706414 24.80 95499.45
1560436336.1995466 24.77 95498.54
1560436396.2284522 24.85 95494.61
1560436456.2573576 24.83 95497.08
1560436516.286263 24.89 95493.53
1560436576.3307683 24.91 95489.83
1560436636.3596737 24.91 95489.72
1560436696.3885794 24.95 95489.60
1560436756.4174848 24.85 95487.64
1560436816.4463904 24.82 95484.33
1560436876.4752955 24.77 95483.66
1560436936.5042012 24.81 95481.69
1560436996.5487065 24.76 95476.24
1560437056.577612 24.73 95473.96
1560437116.6065176 24.71 95473.42
1560437176.6354227 24.69 95471.78
1560437236.664328 24.85 95472.70
1560437296.6932337 24.83 95468.02
1560437356.7221391 24.79 95466.88
1560437416.7666445 24.79 95468.68
1560437476.7955499 24.71 95466.77
1560437536.8244555 24.75 95463.89
1560437596.853361 24.65 95457.27
1560437656.8822663 24.68 95457.80
1560437716.911172 24.70 95455.83
1560437776.9400773 24.72 95454.96
1560437836.9845827 24.81 95449.35
1560437897.013488 24.79 95449.82
1560437957.0423937 24.84 95446.41
1560438017.071299 24.80 95446.85
1560438077.1002042 24.77 95445.27
1560438137.12911 24.78 95444.24
1560438197.1580153 24.67 95439.67
1560438257.2025208 24.63 95438.34
1560438317.2314262 24.71 95436.84
1560438377.2603316 24.71 95434.97
1560438437.289237 24.74 95438.28
1560438497.3181424 24.68 95433.63
1560438557.347048 24.72 95430.89
1560438617.3759534 24.72 95431.56
1560438677.4048588 24.75 95424.94
1560438737.433764 24.85 95421.86
1560438797.4782696 24.83 95424.10
1560438857.5071752 24.89 95417.67
1560438917.5360806 24.92 95414.44
1560438977.5649862 24.93 95419.69
1560439037.5938914 24.93 95409.75
1560439097.6227968 24.92 95411.66
1560439157.6517022 24.91 95409.05
1560439217.6962078 24.84 95407.58
1560439277.7251132 24.87 95401.73
1560439337.7540185 24.84 95407.25
1560439397.782924 24.77 95407.49
1560439457.8118296 24.73 95402.16
1560439517.840735 24.72 95399.19
1560439577.8696404 24.74 95395.08
1560439637.9141457 24.74 95391.03
1560439697.9430513 24.84 95388.62
1560439757.9719567 24.86 95386.71
1560439818.0008621 24.96 95388.47
1560439878.0297678 24.93 95388.14
1560439938.058673 24.84 95389.35
1560439998.0875785 24.92 95384.80
1560440058.132084 24.90 95384.50
1560440118.1609895 24.82 95385.85
1560440178.189895 24.73 95383.21
1560440238.2188 24.72 95383.74
1560440298.2477057 24.71 95377.09
1560440358.276611 24.68 95378.22
1560440418.3055165 24.66 95373.41
1560440478.3500218 24.64 95368.93
1560440538.3789275 24.67 95368.49
1560440598.4078329 24.68 95365.35
1560440658.4367383 24.67 95367.42
1560440718.465644 24.70 95364.98
1560440778.4945493 24.69 95362.61
1560440838.5234547 24.66 95356.36
1560440898.56796 24.65 95354.62
1560440958.5968657 24.68 95350.82
1560441018.625771 24.68 95350.94
1560441078.6546764 24.63 95346.74
1560441138.6835816 24.59 95341.58
1560441198.7124872 24.66 95337.37
1560441258.7413926 24.66 95335.80
1560441318.785898 24.61 95334.89
1560441378.8148036 24.65 95331.82
1560441438.843709 24.65 95330.72
1560441498.8726144 24.66 95327.00
1560441558.9015198 24.70 95325.19
1560441618.9304254 24.70 95320.61
1560441678.9593308 24.67 95320.21
1560441739.0038362 24.67 95318.47
1560441799.0327415 24.69 95318.81
1560441859.0616472 24.71 95316.90
1560441919.0905526 24.74 95310.82
1560441979.119458 24.75 95307.16
1560442039.1483636 24.69 95308.17
1560442099.1772687 24.73 95304.80
1560442159.2217743 24.69 95301.66
1560442219.2506797 24.69 95298.64
1560442279.2795854 24.68 95297.98
1560442339.3084905 24.73 95292.72
1560442399.337396 24.69 95290.13
1560442459.3663015 24.69 95287.21
1560442519.395207 24.72 95288.61
1560442579.4397125 24.73 95280.11
1560442639.4686177 24.74 95280.69
1560442699.4975233 24.76 95277.10
1560442759.5264287 24.79 95274.99
1560442819.555334 24.70 95277.61
1560442879.5842397 24.70 95274.31
1560442939.613145 24.69 95269.10
1560442999.6576505 24.68 95266.12
1560443059.6865559 24.70 95268.42
1560443119.7154615 24.70 95264.35
1560443179.7443666 24.71 95258.72
1560443239.7732723 24.74 95258.72
1560443299.8021774 24.82 95259.39
1560443359.831083 24.78 95257.84
1560443419.8755887 24.85 95260.30
1560443479.9044938 24.78 95257.64
1560443539.9333992 24.91 95257.03
1560443599.9623048 24.96 95256.28
1560443659.9912102 24.84 95254.58
1560443720.0201156 24.83 95251.30
1560443780.0490212 24.85 95246.28
1560443840.0935266 24.82 95247.89
1560443900.122432 24.78 95247.44
1560443960.1513374 24.84 95246.39
1560444020.180243 24.79 95244.63
1560444080.2091484 24.83 95245.14
1560444140.2380538 24.92 95242.91
1560444200.2825592 24.97 95242.50
1560444260.3114648 24.93 95244.99
1560444320.3403702 24.98 95241.52
1560444380.3692753 24.95 95233.21
1560444440.3981812 24.90 95231.61
1560444500.4270864 24.90 95236.24
1560444560.4559917 24.95 95230.53
1560444620.5004973 25.01 95227.03
1560444680.5294027 25.07 95226.97
1560444740.5583081 25.13 95225.78
1560444800.5872135 25.12 95224.24
1560444860.6161191 25.01 95220.88
1560444920.6450245 24.94 95217.69
1560444980.67393 24.96 95214.71
1560445040.7184353 24.98 95214.86
1560445100.747341 25.01 95214.35
1560445160.7762463 24.96 95212.03
1560445220.8051517 24.89 95208.35
1560445280.8340573 24.94 95207.75
1560445340.8629625 24.97 95207.88
1560445400.907468 24.91 95202.25
1560445460.9363735 24.94 95204.64
1560445520.9652789 24.84 95205.85
1560445580.9941843 24.80 95202.42
1560445641.0230896 24.83 95200.33
1560445701.051995 24.87 95200.96
1560445761.0809007 24.92 95200.53
1560445821.1254063 24.95 95197.49
1560445881.1543114 24.98 95200.82
1560445941.1832168 24.96 95201.79
1560446001.2121224 24.96 95199.28
1560446061.2410278 24.99 95193.08
1560446121.2699332 24.99 95191.78
1560446181.2988389 24.95 95197.58
1560446241.3433442 24.98 95197.97
1560446301.3722496 24.93 95196.39
1560446361.401155 24.99 95199.44
1560446421.4300606 24.96 95197.14
1560446481.458966 24.96 95193.53
1560446541.4878712 25.00 95192.44
1560446601.5167768 24.95 95191.50
1560446661.5456822 24.94 95190.42
1560446721.5901878 24.89 95187.04
1560446781.619093 24.93 95181.71
1560446841.6479986 24.91 95184.85
1560446901.676904 24.89 95180.89
1560446961.7058094 25.03 95181.50
1560447021.734715 24.95 95178.92
1560447081.7636204 24.91 95176.33
1560447141.8081257 24.81 95176.10
1560447201.8370311 24.81 95169.11
1560447261.8659368 24.86 95171.46
1560447321.8948421 24.92 95169.87
1560447381.9237475 24.90 95170.38
1560447441.9526527 24.91 95167.80
1560447501.9971583 24.88 95167.91
1560447562.026064 24.79 95168.99
1560447622.054969 24.80 95164.50
1560447682.0838747 24.84 95163.28
1560447742.11278 24.92 95165.75
1560447802.1416855 24.96 95165.14
1560447862.1705909 25.01 95164.21
1560447922.2150962 25.05 95165.03
1560447982.2440019 25.02 95165.91
1560448042.2729073 24.98 95161.95
1560448102.3018126 25.05 95162.32
1560448162.3307183 24.91 95159.88
1560448222.3596237 24.92 95158.33
1560448282.388529 25.01 95153.43
1560448342.4330344 25.03 95159.64
1560448402.46194 25.01 95162.07
1560448462.4908454 24.96 95155.83
1560448522.5197508 24.97 95157.21
1560448582.5486565 25.03 95158.41
1560448642.5775616 24.95 95154.00
1560448702.6220672 25.01 95153.83
1560448762.6509726 24.98 95151.11
1560448822.679878 24.97 95150.11
1560448882.7087836 25.07 95148.22
1560448942.7376888 25.07 95146.04
1560449002.7665944 25.08 95146.85
1560449062.7954998 25.10 95139.91
1560449122.8400052 25.06 95143.67
1560449182.8689106 25.02 95140.39
1560449242.8978162 25.02 95141.02
1560449302.9267216 25.06 95143.98
1560449362.955627 25.10 95140.71
1560449422.9845326 25.07 95140.36
1560449483.0290377 25.08 95143.17
1560449543.0579433 25.16 95142.96
1560449603.0868487 25.13 95145.38
1560449663.1157541 25.10 95143.49
1560449723.1446598 25.09 95140.18
1560449783.173565 25.17 95144.14
1560449843.2024703 25.16 95141.95
1560449903.246976 25.12 95142.24
1560449963.2758815 25.09 95141.52
1560450023.3047867 25.12 95145.75
1560450083.3336923 25.09 95148.14
1560450143.3625977 25.09 95150.25
1560450203.391503 25.07 95146.96
1560450263.4360087 25.15 95145.33
1560450323.4649138 25.11 95149.00
1560450383.4938195 25.13 95146.72
1560450443.5227249 25.15 95144.46
1560450503.5516303 25.13 95146.82
1560450563.580536 25.11 95145.89
1560450623.6250412 25.19 95143.00
1560450683.6539466 25.16 95144.19
1560450743.682852 25.15 95142.05
1560450803.7117577 25.16 95145.80
1560450863.740663 25.08 95146.35
1560450923.7695684 25.10 95140.38
1560450983.7984738 25.18 95146.28
1560451043.8429794 25.21 95145.16
1560451103.8718848 25.27 95147.82
1560451163.9007902 25.20 95144.94
1560451223.9296956 25.22 95142.38
1560451283.958601 25.12 95146.59
1560451343.9875064 25.15 95143.46
1560451404.0320117 25.08 95141.22
1560451464.0609176 25.14 95142.36
1560451524.0898228 25.13 95143.03
1560451584.1187282 25.12 95140.07
1560451644.1476336 25.16 95138.17
1560451704.1765392 25.21 95135.89
1560451764.2210445 25.22 95135.59
1560451824.24995 25.15 95135.77
1560451884.2788553 25.13 95135.91
1560451944.307761 25.10 95141.71
1560452004.3366663 25.18 95143.10
1560452064.3655717 25.14 95141.05
1560452124.3944774 25.12 95143.91
1560452184.4389827 25.17 95145.39
1560452244.467888 25.18 95141.17
1560452304.4967935 25.16 95144.52
1560452364.5256991 25.02 95142.96
1560452424.5546043 24.95 95145.47
1560452484.5835097 24.94 95146.52
1560452544.6280153 24.92 95144.35
1560452604.6569207 24.90 95144.86
1560452664.6858263 24.85 95146.59
1560452724.7147315 24.87 95147.11
1560452784.743637 24.86 95145.64
1560452844.7725425 24.81 95149.52
1560452904.8014479 24.85 95147.69
1560452964.8459532 24.86 95144.18
1560453024.8748589 24.81 95145.77
1560453084.9037642 24.84 95144.82
1560453144.9326696 24.91 95147.00
1560453204.9615753 24.96 95146.64
1560453264.9904804 24.95 95143.91
1560453325.034986 24.98 95148.86
1560453385.0638914 24.98 95146.57
1560453445.092797 24.90 95149.99
1560453505.1217024 24.87 95153.00
1560453565.1506076 24.96 95153.60
1560453625.179513 24.89 95153.46
1560453685.2084186 24.84 95158.70
1560453745.2529242 24.77 95157.75
1560453805.2818294 24.80 95156.78
1560453865.3107347 24.79 95156.78
1560453925.3396404 24.77 95159.53
1560453985.3685458 24.71 95152.33
1560454045.3974512 24.77 95156.56
1560454105.4263568 24.71 95154.97
1560454165.4708622 24.77 95162.58
1560454225.4997675 24.73 95158.61
1560454285.528673 24.76 95162.91
1560454345.5575786 24.75 95163.11
1560454405.586484 24.77 95159.60
1560454465.615389 24.74 95164.10
1560454525.6598947 24.77 95164.71
1560454585.6888003 24.83 95165.49
1560454645.7177057 24.83 95163.66
1560454705.746611 24.81 95167.07
1560454765.7755165 24.92 95163.71
1560454825.804422 24.93 95166.39
1560454885.8333273 24.83 95167.00
1560454945.877833 24.80 95168.55
1560455005.9067383 24.79 95163.91
1560455065.9356437 24.77 95169.50
1560455125.964549 24.74 95165.83
1560455185.9934547 24.74 95164.36
1560455246.02236 24.74 95166.10
1560455306.0512655 24.75 95163.02
1560455366.080171 24.74 95169.85
1560455426.1090763 24.76 95167.70
1560455486.1535819 24.78 95170.23
1560455546.1824872 24.76 95169.50
1560455606.2113929 24.75 95167.57
1560455666.240298 24.80 95170.96
1560455726.2692034 24.75 95171.31
1560455786.2981088 24.78 95170.70
1560455846.3426144 24.85 95174.72
1560455906.37152 24.83 95173.75
1560455966.4004252 24.81 95175.47
1560456026.4293306 24.86 95174.41
1560456086.4582362 24.94 95175.38
1560456146.4871416 24.99 95176.57
1560456206.516047 24.96 95175.41
1560456266.5605524 24.90 95177.37
1560456326.589458 24.91 95180.07
1560456386.6183634 24.81 95178.28
1560456446.6472688 24.72 95179.94
1560456506.6761744 24.72 95179.17
1560456566.7050798 24.68 95177.75
1560456626.733985 24.68 95177.99
1560456686.7784905 24.68 95182.43
1560456746.8073962 24.73 95182.58
1560456806.8363016 24.71 95183.39
1560456866.8652067 24.74 95187.67
1560456926.8941123 24.76 95182.31
1560456986.9230177 24.85 95182.88
1560457046.9519231 24.84 95183.85
1560457106.9964287 24.75 95181.00
1560457167.0253341 24.72 95180.11
1560457227.0542395 24.80 95182.03
1560457287.083145 24.82 95184.36
1560457347.1120505 24.88 95183.36
1560457407.140956 24.87 95180.60
1560457467.1698613 24.93 95180.37
1560457527.2143667 24.91 95181.11
1560457587.2432723 24.85 95186.08
1560457647.2721777 24.88 95187.48
1560457707.3010828 24.86 95187.22
1560457767.3299887 24.82 95188.10
1560457827.3588939 24.74 95192.01
1560457887.3877993 24.70 95190.65
1560457947.4323049 24.71 95192.39
1560458007.46121 24.70 95192.69
1560458067.4901156 24.67 95190.63
1560458127.519021 24.66 95191.77
1560458187.5479264 24.62 95191.49
1560458247.576832 24.62 95189.91
1560458307.6213377 24.65 95191.40
1560458367.6502428 24.62 95190.21
1560458427.6791482 24.68 95189.79
1560458487.7080538 24.68 95189.35
1560458547.7369592 24.69 95190.92
1560458607.7658646 24.73 95189.54
1560458667.7947702 24.79 95192.13
1560458727.8392756 24.85 95197.28
1560458787.868181 24.91 95196.89
1560458847.8970864 24.92 95197.13
1560458907.9259918 24.98 95197.24
1560458967.9548974 25.01 95190.17
1560459027.9838026 24.98 95193.46
1560459088.0127082 25.03 95193.60
1560459148.0572138 25.03 95193.14
1560459208.086119 25.08 95194.96
1560459268.1150243 25.05 95199.82
1560459328.14393 25.04 95201.02
1560459388.1728354 25.14 95200.82
1560459448.2017407 25.06 95200.05
1560459508.2306464 24.99 95196.66
1560459568.2751517 24.98 95197.53
1560459628.3040571 24.96 95197.25
1560459688.3329625 24.97 95200.42
1560459748.3618681 24.84 95196.22
1560459808.3907735 24.74 95201.83
1560459868.4196787 24.69 95201.05
1560459928.448584 24.66 95205.07
1560459988.4930897 24.67 95206.61
1560460048.5219953 24.69 95206.14
1560460108.5509005 24.67 95202.33
1560460168.579806 24.72 95204.19
1560460228.6087115 24.68 95205.88
1560460288.6376169 24.69 95205.97
1560460348.6665223 24.67 95203.87
1560460408.7110276 24.67 95206.21
1560460468.7399333 24.68 95204.39
1560460528.7688386 24.68 95203.07
1560460588.797744 24.82 95203.08
1560460648.8266497 24.90 95206.30
1560460708.855555 24.92 95207.57
1560460768.8844602 24.89 95206.91
1560460828.9289658 24.89 95206.84
1560460888.9578714 24.88 95209.89
1560460948.9867768 24.93 95211.44
1560461009.0156822 24.93 95212.04
1560461069.0445876 24.98 95209.85
1560461129.073493 24.91 95210.44
1560461189.1179986 24.82 95212.52
1560461249.146904 24.79 95217.41
1560461309.1758094 24.82 95213.28
1560461369.2047148 24.74 95213.51
1560461429.2336202 24.71 95213.14
1560461489.2625258 24.74 95219.70
1560461549.2914312 24.78 95216.10
1560461609.3359365 24.81 95218.07
1560461669.364842 24.78 95220.18
1560461729.3937476 24.76 95221.42
1560461789.422653 24.85 95220.83
1560461849.4515584 24.87 95224.57
1560461909.480464 24.93 95225.35
1560461969.5093691 24.89 95225.17
1560462029.5538747 24.88 95224.83
1560462089.5827801 24.87 95230.89
1560462149.6116855 24.83 95229.57
1560462209.6405911 24.81 95226.96
1560462269.6694963 24.85 95231.07
1560462329.6984017 24.86 95232.16
1560462389.7273073 24.94 95231.97
1560462449.771813 24.80 95228.81
1560462509.800718 24.85 95229.80
1560462569.8296235 24.85 95229.86
1560462629.858529 24.85 95232.07
1560462689.8874345 24.82 95230.30
1560462749.9163399 24.83 95235.92
1560462809.9452455 24.81 95230.44
1560462869.9897509 24.79 95229.67
1560462930.0186563 24.77 95230.15
1560462990.0475616 24.79 95233.59
1560463050.0764673 24.85 95232.74
1560463110.1053727 24.87 95236.24
1560463170.1342778 24.98 95236.17
1560463230.1787834 24.95 95237.39
1560463290.1920888 24.98 95240.96
1560463350.2365942 24.97 95245.11
1560463410.2654998 24.89 95246.60
1560463470.2944052 24.88 95243.66
1560463530.3233106 24.85 95247.25
1560463590.352216 24.78 95249.55
1560463650.3811216 24.83 95245.35
1560463710.410027 24.77 95247.81
1560463770.4545324 24.81 95251.04
1560463830.4834378 24.87 95251.13
1560463890.5123434 24.81 95257.53
1560463950.5412488 24.77 95251.69
1560464010.5701542 24.79 95257.17
1560464070.5990598 24.75 95258.08
1560464130.643565 24.78 95249.61
1560464190.6724706 24.82 95255.49
1560464250.701376 24.77 95256.67
1560464310.7302814 24.79 95255.49
1560464370.7591867 24.79 95258.00
1560464430.7880921 24.76 95256.67
1560464490.8169975 24.77 95255.36
1560464550.861503 24.79 95257.43
1560464610.8904088 24.85 95255.11
1560464670.919314 24.83 95255.85
1560464730.9482193 24.88 95257.50
1560464790.977125 24.84 95258.42
1560464851.0060303 24.95 95257.72
1560464911.0349357 24.87 95259.99
1560464971.079441 24.85 95262.74
1560465031.1083467 24.87 95261.69
1560465091.137252 24.83 95263.21
1560465151.1661575 24.81 95261.53
1560465211.1950629 24.84 95263.77
1560465271.2239685 24.85 95263.40
1560465331.2528737 24.86 95261.25
1560465391.2973793 24.88 95262.96
1560465451.326285 24.87 95265.03
1560465511.35519 24.82 95267.92
1560465571.3840954 24.83 95268.50
1560465631.413001 24.81 95272.25
1560465691.4419065 24.87 95272.19
1560465751.4708118 24.88 95269.25
1560465811.5153172 24.88 95275.40
1560465871.5442228 24.91 95275.33
1560465931.5731282 24.86 95274.27
1560465991.6020336 24.88 95277.94
1560466051.6309392 24.90 95282.49
1560466111.6598446 24.90 95279.41
1560466171.70435 24.93 95279.37
1560466231.7332554 25.01 95283.22
1560466291.7621608 24.97 95283.24
1560466351.7910664 24.93 95283.96
1560466411.8199716 24.91 95283.63
1560466471.8488774 24.94 95286.25
1560466531.8777826 24.90 95290.11
1560466591.9222882 24.87 95285.27
1560466651.9511936 24.82 95286.15
1560466711.9800987 24.85 95289.92
1560466772.0090044 24.84 95287.02
1560466832.0379097 24.84 95288.69
1560466892.0668151 24.85 95293.83
1560466952.0957208 24.88 95291.66
1560467012.1402261 24.88 95293.23
1560467072.1691315 24.86 95299.08
1560467132.198037 24.83 95295.32
1560467192.2269425 24.82 95300.70
1560467252.255848 24.87 95299.78
1560467312.2847533 24.84 95299.06
1560467372.3292587 24.89 95303.66
1560467432.3581643 24.91 95307.37
1560467492.3870697 24.94 95300.57
1560467552.415975 24.93 95305.19
1560467612.4448805 24.96 95306.42
1560467672.4737859 24.91 95304.19
1560467732.5026913 24.88 95310.96
1560467792.5471969 24.89 95314.70
1560467852.5761025 24.90 95318.07
1560467912.6050076 24.87 95318.85
1560467972.633913 24.85 95318.52
1560468032.6628187 24.93 95320.75
1560468092.691724 24.94 95322.78
1560468152.7206295 24.95 95321.07
1560468212.7651348 25.01 95318.69
1560468272.7940402 24.95 95326.80
1560468332.8229458 24.90 95323.75
1560468392.8518512 24.87 95325.87
1560468452.8807569 24.92 95323.85
1560468512.9096622 24.91 95323.49
1560468572.9541676 24.89 95326.17
1560468632.983073 24.97 95327.19
1560468693.0119784 24.92 95326.63
1560468753.040884 24.91 95325.00
1560468813.0697892 24.89 95328.64
1560468873.0986946 24.86 95329.08
1560468933.1276002 24.85 95330.46
1560468993.1721058 24.87 95328.64
1560469053.2010112 24.86 95332.30
1560469113.2299163 24.88 95334.10
1560469173.258822 24.86 95332.30
1560469233.2877274 24.82 95332.97
1560469293.3166327 24.85 95331.13
1560469353.3455384 24.87 95332.66
1560469413.3900437 24.92 95332.75
1560469473.4189491 24.90 95329.91
1560469533.4478545 24.91 95332.63
1560469593.4767601 24.89 95332.36
1560469653.5056653 24.93 95330.51
1560469713.534571 24.99 95334.17
1560469773.5634763 24.98 95335.35
1560469833.607982 24.91 95332.25
1560469893.6368873 24.91 95334.86
1560469953.6657925 24.95 95334.83
1560470013.694698 24.90 95334.57
1560470073.7236035 24.88 95336.03
1560470133.7525089 24.87 95335.67
1560470193.7970145 24.89 95334.77
1560470253.82592 24.98 95338.39
1560470313.8548253 24.94 95337.60
1560470373.8837306 24.91 95335.86
1560470433.912636 24.91 95332.35
