1559779302.3811226 24.75 95491.64
1559779362.4100277 24.76 95492.46
1559779422.4389331 24.76 95491.85
1559779482.4678388 24.76 95493.25
1559779542.4967442 24.75 95497.74
1559779602.5256495 24.78 95499.95
1559779662.5545552 24.76 95503.42
1559779722.5990605 24.72 95498.77
1559779782.627966 24.73 95496.39
1559779842.6568713 24.74 95497.30
1559779902.685777 24.75 95502.12
1559779962.7146823 24.74 95502.32
1559780022.7435875 24.72 95500.94
1559780082.7724934 24.71 95501.75
1559780142.8013985 24.72 95497.93
1559780202.8459039 24.74 95501.61
1559780262.8748095 24.70 95494.46
1559780322.903715 24.74 95496.43
1559780382.9326203 24.78 95494.33
1559780442.9615257 24.77 95490.35
1559780502.9904313 24.75 95493.10
1559780563.0193367 24.76 95489.78
1559780623.048242 24.75 95495.73
1559780683.0927474 24.76 95491.58
1559780743.121653 24.76 95492.02
1559780803.1505585 24.74 95497.03
1559780863.1794639 24.75 95496.33
1559780923.2083695 24.73 95499.38
1559780983.2372746 24.76 95501.05
1559781043.26618 24.77 95502.63
1559781103.2950857 24.76 95501.32
1559781163.3395913 24.75 95502.18
1559781223.3684964 24.76 95501.72
1559781283.3974018 24.74 95502.65
1559781343.4263074 24.76 95501.28
1559781403.4552128 24.76 95503.25
1559781463.4841182 24.75 95506.30
1559781523.5130239 24.76 95504.57
1559781583.5419292 24.76 95508.97
1559781643.5708344 24.74 95503.63
1559781703.5997398 24.71 95505.39
1559781763.6286454 24.72 95504.11
1559781823.673151 24.73 95504.49
1559781883.7020562 24.72 95505.46
1559781943.730962 24.72 95505.79
1559782003.7598672 24.73 95508.40
1559782063.7887726 24.75 95507.60
1559782123.817678 24.74 95504.59
1559782183.8465836 24.72 95506.63
1559782243.875489 24.74 95504.79
1559782303.9199944 24.76 95505.93
1559782363.9488997 24.75 95504.59
1559782423.9778054 24.75 95504.13
1559782484.0067108 24.77 95505.74
1559782544.035616 24.75 95507.36
1559782604.0645218 24.76 95504.29
1559782664.093427 24.75 95505.26
1559782724.1223323 24.77 95506.33
1559782784.166838 24.75 95503.02
1559782844.1957433 24.75 95504.19
1559782904.2246487 24.75 95501.52
1559782964.253554 24.76 95501.39
1559783024.2824597 24.75 95496.60
1559783084.3113651 24.77 95498.67
1559783144.3402705 24.75 95495.60
1559783204.369176 24.72 95495.19
1559783264.4136815 24.76 95495.57
1559783324.442587 24.76 95493.52
1559783384.4714923 24.77 95494.53
1559783444.500398 24.75 95497.40
1559783504.529303 24.76 95491.19
1559783564.5582085 24.74 95493.86
1559783624.587114 24.76 95491.72
1559783684.6160195 24.75 95491.25
1559783744.6449249 24.75 95491.15
1559783804.6894305 24.76 95488.00
1559783864.7183356 24.75 95489.98
1559783924.7472413 24.74 95493.25
1559783984.7761467 24.75 95490.82
1559784044.805052 24.73 95489.88
1559784104.8339574 24.73 95487.71
1559784164.862863 24.73 95489.85
1559784224.8917682 24.73 95487.50
1559784284.9362738 24.75 95492.15
1559784344.9651794 24.74 95489.11
1559784404.9940846 24.73 95488.03
1559784465.02299 24.72 95489.31
1559784525.0518956 24.75 95491.05
1559784585.080801 24.75 95486.80
1559784645.1097064 24.73 95486.80
1559784705.138612 24.72 95484.72
1559784765.1831174 24.73 95486.60
1559784825.2120228 24.76 95488.55
1559784885.2409282 24.77 95487.34
1559784945.2698338 24.74 95487.57
1559785005.2987392 24.73 95483.52
1559785065.3276443 24.71 95486.76
1559785125.35655 24.73 95485.80
1559785185.3854554 24.71 95480.67
1559785245.429961 24.73 95483.52
1559785305.4588661 24.70 95484.52
1559785365.487772 24.72 95488.50
1559785425.5166771 24.71 95484.53
1559785485.5455825 24.71 95488.77
1559785545.5744882 24.71 95489.71
1559785605.6033936 24.72 95491.18
1559785665.632299 24.70 95487.30
1559785725.6768043 24.71 95483.49
1559785785.70571 24.71 95482.75
1559785845.7346153 24.70 95481.61
1559785905.7635207 24.70 95485.63
1559785965.7924259 24.73 95487.71
1559786025.8213317 24.73 95486.63
1559786085.850237 24.71 95488.44
1559786145.8791423 24.70 95487.43
1559786205.908048 24.72 95490.64
1559786265.9525533 24.72 95489.31
1559786325.9814587 24.70 95491.94
1559786386.010364 24.71 95492.02
1559786446.0392697 24.72 95494.09
1559786506.068175 24.73 95494.52
1559786566.0970805 24.72 95493.32
1559786626.1259859 24.68 95491.11
1559786686.1548915 24.69 95489.17
1559786746.1993968 24.68 95492.61
1559786806.2283022 24.66 95491.67
1559786866.2572079 24.67 95490.13
1559786926.286113 24.68 95489.60
1559786986.3150184 24.69 95490.85
1559787046.343924 24.70 95495.46
1559787106.3728294 24.71 95493.78
1559787166.4017348 24.71 95495.79
1559787226.4462404 24.73 95497.47
1559787286.4751458 24.72 95502.67
1559787346.5040512 24.71 95505.75
1559787406.5329566 24.70 95509.36
1559787466.5618622 24.72 95511.58
1559787526.5907676 24.74 95515.19
1559787586.619673 24.73 95512.35
1559787646.6485784 24.71 95510.24
1559787706.6774838 24.68 95513.35
1559787766.7063892 24.74 95511.68
1559787826.7508945 24.70 95510.33
1559787886.7798004 24.69 95513.82
1559787946.8087056 24.72 95514.82
1559788006.837611 24.70 95518.80
1559788066.8665166 24.72 95512.48
1559788126.895422 24.72 95508.36
1559788186.9243274 24.70 95510.53
1559788246.953233 24.71 95509.94
1559788306.9821382 24.68 95511.10
1559788367.0266438 24.70 95511.10
1559788427.0555491 24.69 95509.13
1559788487.0844543 24.71 95510.50
1559788547.11336 24.69 95510.47
1559788607.1422653 24.71 95512.28
1559788667.1711707 24.71 95517.53
1559788727.2000763 24.70 95512.61
1559788787.2289817 24.73 95512.38
1559788847.273487 24.72 95513.14
1559788907.3023925 24.71 95517.39
1559788967.331298 24.69 95515.99
1559789027.3602035 24.71 95518.69
1559789087.389109 24.70 95515.18
1559789147.4180145 24.68 95511.60
1559789207.4469197 24.66 95513.17
1559789267.475825 24.68 95509.16
1559789327.5203307 24.69 95512.24
1559789387.5492363 24.73 95512.05
1559789447.5781417 24.70 95510.94
1559789507.6070468 24.70 95512.27
1559789567.6359525 24.70 95510.30
1559789627.6648579 24.69 95512.17
1559789687.6937633 24.70 95515.89
1559789747.722669 24.68 95511.97
1559789807.7671742 24.67 95508.42
1559789867.7960796 24.68 95513.67
1559789927.824985 24.72 95512.64
1559789987.8538907 24.69 95514.98
1559790047.8827958 24.67 95512.57
1559790107.9117014 24.67 95512.03
1559790167.9406068 24.67 95515.11
1559790227.9695122 24.67 95514.54
1559790287.9984176 24.66 95516.17
1559790348.042923 24.66 95512.10
1559790408.0718284 24.72 95515.16
1559790468.100734 24.69 95511.74
1559790528.1296394 24.68 95509.63
1559790588.1585448 24.68 95513.97
1559790648.1874504 24.68 95513.17
1559790708.2163558 24.70 95510.03
1559790768.2452614 24.69 95512.00
1559790828.2897666 24.70 95506.49
1559790888.3186722 24.69 95509.39
1559790948.3475776 24.67 95504.38
1559791008.376483 24.67 95502.21
1559791068.4053884 24.67 95506.85
1559791128.4342937 24.66 95505.99
1559791188.4631991 24.66 95503.07
1559791248.4921048 24.63 95504.34
1559791308.5366104 24.61 95501.92
1559791368.5655155 24.66 95500.70
1559791428.594421 24.65 95501.03
1559791488.6233265 24.61 95500.72
1559791548.652232 24.61 95501.53
1559791608.6811373 24.62 95502.50
1559791668.710043 24.61 95499.39
1559791728.738948 24.61 95501.22
1559791788.7678535 24.62 95496.45
1559791848.812359 24.63 95499.92
1559791908.8412645 24.64 95500.33
1559791968.87017 24.62 95496.99
1559792028.8990753 24.66 95492.61
1559792088.927981 24.63 95492.74
1559792148.9568863 24.62 95492.44
1559792208.9857917 24.64 95493.14
1559792269.0146973 24.64 95489.96
1559792329.0592027 24.62 95488.86
1559792389.088108 24.63 95487.96
1559792449.1170135 24.64 95494.41
1559792509.145919 24.61 95491.80
1559792569.1748245 24.63 95490.80
1559792629.2037299 24.62 95490.80
1559792689.232635 24.60 95491.92
1559792749.2615407 24.60 95486.98
1559792809.290446 24.60 95486.14
1559792869.3349516 24.64 95485.96
1559792929.3638568 24.62 95483.35
1559792989.3927624 24.65 95485.55
1559793049.4216678 24.63 95488.99
1559793109.4505732 24.62 95485.58
1559793169.4794788 24.60 95485.75
1559793229.5083842 24.60 95480.96
1559793289.5372896 24.60 95482.03
1559793349.566195 24.60 95480.57
1559793409.5951004 24.62 95476.75
1559793469.639606 24.61 95478.26
1559793529.6685114 24.61 95481.53
1559793589.6974168 24.62 95475.71
1559793649.7263222 24.63 95472.11
1559793709.7552276 24.60 95475.55
1559793769.7841332 24.59 95473.67
1559793829.8130386 24.57 95469.69
1559793889.841944 24.57 95470.92
1559793949.8708494 24.58 95472.84
1559794009.915355 24.59 95474.64
1559794069.9442604 24.60 95472.88
1559794129.9731658 24.58 95470.00
1559794190.0020714 24.61 95467.16
1559794250.0309765 24.60 95472.10
1559794310.059882 24.60 95464.14
1559794370.0887876 24.60 95462.14
1559794430.117693 24.60 95464.99
1559794490.1621985 24.61 95464.14
1559794550.1911037 24.60 95463.00
1559794610.2200093 24.59 95465.61
1559794670.2489147 24.61 95465.08
1559794730.27782 24.59 95465.22
1559794790.3067257 24.56 95465.21
1559794850.3356311 24.58 95468.16
1559794910.3645363 24.58 95464.35
1559794970.3934417 24.57 95462.17
1559795030.4379473 24.60 95463.51
1559795090.466853 24.58 95461.47
1559795150.495758 24.58 95459.83
1559795210.5246634 24.58 95458.57
1559795270.553569 24.56 95459.30
1559795330.5824745 24.57 95456.25
1559795390.6113799 24.59 95456.35
1559795450.6402855 24.57 95458.99
1559795510.6847908 24.58 95461.64
1559795570.7136962 24.57 95460.94
1559795630.7426016 24.58 95463.71
1559795690.7715073 24.59 95460.03
1559795750.8004127 24.59 95460.43
1559795810.8293178 24.56 95461.70
1559795870.8582237 24.55 95459.06
1559795930.8871288 24.53 95456.28
1559795990.9160342 24.56 95456.72
1559796050.9605398 24.59 95458.42
1559796110.9894452 24.56 95459.36
1559796171.0183506 24.58 95460.33
1559796231.047256 24.56 95456.39
1559796291.0761616 24.55 95457.39
1559796351.105067 24.53 95453.88
1559796411.1339724 24.52 95452.64
1559796471.1628778 24.54 95452.17
1559796531.1917834 24.56 95452.94
1559796591.2362888 24.54 95454.07
1559796651.2651942 24.58 95448.63
1559796711.2940998 24.53 95446.52
1559796771.323005 24.53 95447.42
1559796831.3519104 24.52 95442.97
1559796891.380816 24.55 95446.05
1559796951.4097214 24.53 95441.84
1559797011.4386268 24.52 95441.67
1559797071.4831321 24.54 95437.10
1559797131.5120375 24.56 95441.24
1559797191.5409431 24.56 95436.46
1559797251.5698485 24.55 95435.25
1559797311.598754 24.54 95433.62
1559797371.6276596 24.57 95431.92
1559797431.656565 24.57 95429.47
1559797491.68547 24.60 95432.32
1559797551.7143757 24.59 95431.55
1559797611.7588813 24.57 95432.52
1559797671.7877865 24.56 95430.94
1559797731.816692 24.58 95430.48
1559797791.8455975 24.58 95434.32
1559797851.874503 24.55 95432.71
1559797911.9034083 24.59 95437.70
1559797971.932314 24.58 95436.43
1559798031.961219 24.56 95434.72
1559798092.0057247 24.59 95439.21
1559798152.03463 24.58 95435.83
1559798212.0635357 24.61 95440.68
1559798272.092441 24.60 95442.25
1559798332.1213462 24.59 95437.20
1559798392.1502519 24.59 95442.14
1559798452.1791573 24.59 95437.74
1559798512.2080626 24.56 95440.31
1559798572.2525682 24.59 95439.47
1559798632.2658737 24.58 95435.06
1559798692.310379 24.56 95437.30
1559798752.3392844 24.59 95434.06
1559798812.36819 24.57 95437.03
1559798872.3970954 24.58 95435.33
1559798932.4260008 24.56 95433.66
1559798992.4549065 24.55 95434.32
1559799052.4838116 24.53 95437.89
1559799112.512717 24.56 95437.90
1559799172.5572226 24.57 95437.43
1559799232.5861278 24.53 95437.22
1559799292.6150336 24.54 95441.21
1559799352.6439388 24.57 95437.71
1559799412.6728442 24.59 95437.20
1559799472.7017498 24.55 95438.50
1559799532.7306552 24.56 95439.57
1559799592.7595606 24.56 95442.82
1559799652.7884662 24.57 95441.88
1559799712.8329716 24.56 95441.85
1559799772.861877 24.56 95443.42
1559799832.8907824 24.55 95445.02
1559799892.9196877 24.55 95441.44
1559799952.9485934 24.57 95442.95
1559800012.9774985 24.58 95443.96
1559800073.0064042 24.57 95439.50
1559800133.0353096 24.58 95440.00
1559800193.079815 24.56 95440.91
1559800253.1087203 24.54 95441.94
1559800313.137626 24.54 95436.60
1559800373.1665313 24.55 95435.06
1559800433.1954367 24.58 95433.12
1559800493.2243423 24.56 95432.78
1559800553.2532477 24.55 95436.42
1559800613.2821531 24.55 95436.89
1559800673.3110585 24.55 95428.88
1559800733.355564 24.57 95431.68
1559800793.3844695 24.55 95425.50
1559800853.413375 24.54 95424.32
1559800913.4422803 24.56 95425.60
1559800973.4711857 24.55 95424.16
1559801033.500091 24.57 95426.84
1559801093.5289967 24.55 95426.53
1559801153.557902 24.55 95431.85
1559801213.5868075 24.53 95428.14
1559801273.6313128 24.54 95423.82
1559801333.6602185 24.53 95420.88
1559801393.6891239 24.54 95424.49
1559801453.7180293 24.54 95422.25
1559801513.746935 24.54 95420.71
1559801573.77584 24.53 95422.85
1559801633.8047454 24.53 95426.36
1559801693.8336508 24.52 95424.66
1559801753.8781562 24.54 95427.27
1559801813.907062 24.52 95427.10
1559801873.9359672 24.55 95422.28
1559801933.9648726 24.54 95420.91
1559801993.9937782 24.55 95423.39
1559802054.0226836 24.54 95424.25
1559802114.051589 24.54 95423.60
1559802174.0804946 24.56 95423.75
1559802234.1093998 24.55 95431.17
1559802294.1539054 24.55 95428.24
1559802354.1828108 24.54 95430.91
1559802414.2117164 24.56 95431.64
1559802474.2406218 24.56 95433.55
1559802534.269527 24.54 95431.07
1559802594.2984326 24.55 95437.07
1559802654.327338 24.55 95431.82
1559802714.3562434 24.54 95437.46
1559802774.385149 24.53 95435.89
1559802834.4296544 24.54 95435.62
1559802894.4585598 24.52 95435.35
1559802954.4874651 24.54 95435.35
1559803014.5163708 24.54 95434.62
1559803074.5452762 24.54 95437.80
1559803134.5741813 24.54 95439.30
1559803194.603087 24.53 95438.90
1559803254.6319923 24.55 95437.16
1559803314.676498 24.52 95442.50
1559803374.7054033 24.53 95440.57
1559803434.7343087 24.53 95442.00
1559803494.763214 24.53 95442.11
1559803554.7921195 24.53 95440.27
1559803614.8210251 24.53 95442.07
1559803674.8499305 24.49 95441.60
1559803734.878836 24.50 95441.33
1559803794.907741 24.54 95442.98
1559803854.9522467 24.56 95438.63
1559803914.9811523 24.54 95441.31
1559803975.0100577 24.54 95439.77
1559804035.0389633 24.53 95437.92
1559804095.0678685 24.51 95439.74
1559804155.0967739 24.53 95432.21
1559804215.1256793 24.50 95433.64
1559804275.154585 24.52 95435.02
1559804335.1834903 24.50 95433.58
1559804395.2123957 24.50 95433.88
1559804455.241301 24.52 95436.69
1559804515.2858067 24.50 95436.59
1559804575.314712 24.51 95434.52
1559804635.3436174 24.52 95436.09
1559804695.372523 24.52 95431.14
1559804755.4014282 24.52 95430.67
1559804815.4303336 24.51 95429.37
1559804875.4592392 24.54 95429.50
1559804935.4881446 24.51 95425.32
1559804995.51705 24.50 95427.57
1559805055.5615554 24.51 95427.53
1559805115.590461 24.50 95422.11
1559805175.6193664 24.50 95425.89
1559805235.6482718 24.49 95422.88
1559805295.6771774 24.49 95423.32
1559805355.7060828 24.51 95424.42
1559805415.734988 24.52 95420.32
1559805475.7638936 24.51 95421.35
1559805535.792799 24.49 95421.54
1559805595.8373046 24.48 95425.08
1559805655.8662097 24.50 95427.63
1559805715.8951156 24.49 95420.74
1559805775.9240208 24.53 95427.07
1559805835.9529262 24.49 95422.55
1559805895.9818318 24.49 95416.19
1559805956.0107372 24.50 95416.50
1559806016.0396426 24.50 95418.00
1559806076.084148 24.50 95417.77
1559806136.1130533 24.50 95412.58
1559806196.141959 24.49 95413.66
1559806256.1708643 24.52 95412.72
1559806316.1997695 24.50 95415.16
1559806376.2286751 24.48 95413.78
1559806436.2575805 24.51 95415.96
1559806496.286486 24.49 95419.91
1559806556.3153915 24.50 95416.33
1559806616.359897 24.50 95416.33
1559806676.3888023 24.51 95414.49
1559806736.4177077 24.51 95414.66
1559806796.4466133 24.50 95416.33
1559806856.4755187 24.49 95413.99
1559806916.504424 24.53 95413.49
1559806976.5333295 24.49 95416.90
1559807036.5622349 24.51 95413.89
1559807096.5911403 24.49 95413.69
1559807156.6356459 24.49 95413.28
1559807216.6645515 24.50 95416.70
1559807276.6934566 24.50 95412.49
1559807336.722362 24.50 95414.60
1559807396.7512677 24.52 95411.89
1559807456.780173 24.50 95414.76
1559807516.8090785 24.46 95410.71
1559807576.837984 24.50 95414.16
1559807636.8668895 24.49 95411.48
1559807696.9113948 24.49 95409.85
1559807756.9403002 24.48 95411.45
1559807816.9692059 24.49 95407.21
1559807876.998111 24.49 95410.21
1559807937.0270166 24.49 95410.35
1559807997.055922 24.51 95412.32
1559808057.0848274 24.50 95413.09
1559808117.1137328 24.49 95413.12
1559808177.1426384 24.51 95415.33
1559808237.1871436 24.50 95416.36
1559808297.2160492 24.51 95413.66
1559808357.2449546 24.49 95414.99
1559808417.27386 24.49 95415.63
1559808477.3027656 24.52 95415.30
1559808537.3316708 24.48 95414.42
1559808597.3605766 24.49 95413.82
1559808657.3894818 24.50 95412.35
1559808717.4183872 24.48 95410.88
1559808777.4628928 24.50 95410.75
1559808837.491798 24.50 95413.49
1559808897.5207036 24.47 95414.53
1559808957.549609 24.48 95414.12
1559809017.5785143 24.47 95415.35
1559809077.60742 24.45 95417.86
1559809137.6363254 24.45 95417.66
1559809197.6652308 24.46 95417.80
1559809257.6941364 24.49 95419.34
1559809317.7230415 24.51 95420.82
1559809377.751947 24.48 95422.01
1559809437.7964525 24.52 95426.13
1559809497.8253582 24.48 95423.78
1559809557.8542633 24.48 95425.12
1559809617.8831687 24.50 95431.80
1559809677.9120743 24.48 95428.66
1559809737.9409797 24.47 95432.14
1559809797.969885 24.46 95434.94
1559809857.9987907 24.47 95434.67
1559809918.0276961 24.48 95433.81
1559809978.0722015 24.48 95436.85
1559810038.101107 24.48 95439.69
1559810098.1300125 24.47 95442.20
1559810158.158918 24.47 95442.60
1559810218.187823 24.50 95441.17
1559810278.2167287 24.49 95442.64
1559810338.245634 24.46 95442.07
1559810398.2745395 24.44 95442.13
1559810458.303445 24.47 95443.77
1559810518.3479502 24.48 95442.57
1559810578.3768559 24.48 95446.32
1559810638.4057612 24.46 95446.00
1559810698.4346666 24.46 95450.69
1559810758.4635723 24.45 95455.77
1559810818.4924777 24.44 95459.67
1559810878.5213828 24.45 95457.03
1559810938.5502884 24.47 95456.71
1559810998.5791938 24.48 95461.28
1559811058.6236994 24.48 95460.18
1559811118.6526048 24.48 95459.41
1559811178.6815102 24.49 95460.08
1559811238.7104156 24.48 95459.52
1559811298.739321 24.48 95466.36
1559811358.7682266 24.49 95462.99
1559811418.797132 24.48 95463.72
1559811478.8260374 24.46 95462.78
1559811538.8549428 24.45 95464.12
1559811598.8994484 24.47 95466.33
1559811658.9283538 24.47 95464.72
1559811718.9572592 24.45 95462.85
1559811778.9861646 24.48 95466.30
1559811839.01507 24.48 95469.11
1559811899.0439754 24.47 95467.74
1559811959.072881 24.46 95467.30
1559812019.1017864 24.46 95465.22
1559812079.1306918 24.49 95468.61
1559812139.1751971 24.48 95471.55
1559812199.2041028 24.45 95471.81
1559812259.2330081 24.47 95472.52
1559812319.2619135 24.48 95478.57
1559812379.2908192 24.46 95476.39
1559812439.3197243 24.44 95478.29
1559812499.34863 24.44 95482.03
1559812559.3775353 24.43 95477.52
1559812619.4064407 24.46 95477.60
1559812679.4509463 24.46 95478.42
1559812739.4798515 24.44 95479.22
1559812799.5087569 24.43 95482.33
1559812859.5376625 24.43 95483.10
1559812919.566568 24.44 95485.54
1559812979.5954733 24.42 95486.41
1559813039.624379 24.44 95486.21
1559813099.653284 24.44 95488.38
1559813159.68219 24.43 95481.57
1559813219.726695 24.44 95484.03
1559813279.7556007 24.43 95483.10
1559813339.784506 24.45 95487.61
1559813399.8134112 24.45 95488.85
1559813459.8423169 24.45 95489.69
1559813519.8712223 24.46 95492.64
1559813579.9001276 24.44 95492.42
1559813639.9290333 24.43 95492.19
1559813699.9579387 24.42 95491.69
1559813760.002444 24.44 95490.49
1559813820.0313494 24.44 95490.49
1559813880.060255 24.42 95486.54
1559813940.0891604 24.40 95484.86
1559814000.1180658 24.41 95489.98
1559814060.1469715 24.42 95490.22
1559814120.1758766 24.40 95490.78
1559814180.204782 24.41 95492.59
1559814240.2336876 24.43 95493.73
1559814300.262593 24.43 95496.64
1559814360.2914984 24.45 95492.42
1559814420.3360038 24.45 95494.27
1559814480.3649094 24.44 95495.77
1559814540.3938148 24.44 95497.94
1559814600.4227202 24.43 95495.40
1559814660.4516256 24.42 95496.20
1559814720.4805312 24.43 95498.11
1559814780.5094364 24.41 95496.93
1559814840.538342 24.42 95496.50
1559814900.5672474 24.45 95496.41
1559814960.6117527 24.41 95497.10
1559815020.6406581 24.42 95496.40
1559815080.6695635 24.39 95497.63
1559815140.6984692 24.41 95498.50
1559815200.7273746 24.43 95500.75
1559815260.75628 24.44 95501.35
1559815320.7851853 24.44 95503.19
1559815380.814091 24.42 95500.55
1559815440.8429961 24.42 95503.08
1559815500.8875017 24.40 95502.98
1559815560.9164073 24.41 95504.69
1559815620.9453127 24.39 95505.28
1559815680.974218 24.40 95508.03
1559815741.0031235 24.40 95504.32
1559815801.032029 24.38 95506.55
1559815861.0609343 24.40 95505.75
1559815921.08984 24.38 95507.02
1559815981.1187453 24.38 95506.55
1559816041.1476507 24.39 95506.02
1559816101.192156 24.39 95508.66
1559816161.2210617 24.39 95507.42
1559816221.249967 24.40 95509.00
1559816281.2788725 24.40 95514.17
1559816341.307778 24.41 95514.58
1559816401.3366833 24.42 95516.19
1559816461.3655887 24.41 95513.75
1559816521.3944943 24.41 95516.32
1559816581.4233997 24.42 95516.46
1559816641.467905 24.44 95520.07
1559816701.4968104 24.45 95519.37
1559816761.525716 24.44 95523.17
1559816821.5546215 24.41 95522.16
1559816881.5835268 24.41 95518.82
1559816941.6124325 24.43 95517.63
1559817001.6413376 24.43 95524.38
1559817061.6702433 24.44 95521.91
1559817121.6991487 24.42 95523.47
1559817181.7436543 24.40 95524.71
1559817241.7725596 24.40 95524.30
1559817301.8014648 24.42 95524.21
1559817361.8303702 24.41 95523.94
1559817421.8592758 24.41 95525.00
1559817481.8881812 24.42 95525.14
1559817541.9170866 24.42 95526.55
1559817601.9459922 24.43 95523.88
1559817661.9748974 24.42 95528.22
1559817722.019403 24.40 95524.80
1559817782.0483084 24.42 95529.22
1559817842.077214 24.45 95532.17
1559817902.1061194 24.44 95532.03
1559817962.1350245 24.44 95536.52
1559818022.1639302 24.41 95533.42
1559818082.1928356 24.42 95535.97
1559818142.221741 24.41 95538.28
1559818202.2506466 24.40 95540.91
1559818262.295152 24.38 95542.48
1559818322.3240573 24.40 95543.62
1559818382.3529627 24.39 95538.53
1559818442.3818684 24.39 95543.55
1559818502.4107738 24.40 95545.92
1559818562.439679 24.41 95545.00
1559818622.4685848 24.41 95542.46
1559818682.49749 24.41 95538.71
1559818742.5263953 24.42 95540.59
1559818802.570901 24.42 95542.76
1559818862.5998063 24.43 95545.60
1559818922.6287117 24.42 95544.00
1559818982.657617 24.45 95545.38
1559819042.6865227 24.44 95543.46
1559819102.715428 24.37 95546.12
1559819162.7443335 24.35 95542.57
1559819222.773239 24.28 95549.86
1559819282.8021445 24.26 95553.86
1559819342.8310497 24.30 95548.83
1559819402.8599553 24.27 95553.33
1559819462.8888607 24.26 95553.02
1559819522.933366 24.22 95550.97
1559819582.9622715 24.28 95550.19
1559819642.9911768 24.26 95552.49
1559819703.0200825 24.28 95546.02
1559819763.0489879 24.29 95543.64
1559819823.0778933 24.23 95549.97
1559819883.1067986 24.31 95546.10
1559819943.1357043 24.36 95546.45
1559820003.1646094 24.37 95551.10
1559820063.209115 24.36 95547.71
1559820123.2380207 24.29 95552.91
1559820183.2669258 24.28 95557.38
1559820243.2958312 24.23 95554.99
1559820303.3247368 24.23 95551.27
1559820363.3536422 24.24 95558.89
1559820423.3825476 24.28 95557.03
1559820483.4114532 24.24 95560.10
1559820543.4403586 24.24 95559.43
1559820603.4692638 24.26 95560.38
1559820663.5137694 24.24 95560.67
1559820723.542675 24.25 95560.97
1559820783.5715804 24.26 95563.35
1559820843.6004858 24.28 95561.89
1559820903.6293912 24.32 95562.00
1559820963.6582966 24.36 95563.39
1559821023.687202 24.35 95563.18
1559821083.7161076 24.37 95566.07
1559821143.745013 24.40 95560.83
1559821203.7739184 24.40 95563.14
1559821263.8184237 24.40 95558.19
1559821323.8473294 24.38 95562.33
1559821383.8762348 24.44 95561.92
1559821443.9051402 24.42 95561.35
1559821503.9340458 24.42 95560.03
1559821563.962951 24.42 95562.58
1559821623.9918563 24.40 95566.68
1559821684.020762 24.40 95564.55
1559821744.0496674 24.41 95565.05
1559821804.0941727 24.44 95565.86
1559821864.123078 24.44 95564.52
1559821924.1519835 24.43 95564.49
1559821984.1808891 24.43 95562.25
1559822044.2097945 24.42 95563.99
1559822104.2387 24.42 95564.89
1559822164.2676055 24.44 95564.53
1559822224.2965107 24.48 95564.00
1559822284.325416 24.45 95564.66
1559822344.3699217 24.47 95562.50
1559822404.3988273 24.46 95562.50
1559822464.4277325 24.45 95560.11
1559822524.4566379 24.50 95554.55
1559822584.4855435 24.50 95555.82
1559822644.514449 24.48 95556.35
1559822704.5433543 24.50 95558.16
1559822764.57226 24.53 95556.27
1559822824.6011653 24.52 95558.81
1559822884.6300704 24.48 95559.36
1559822944.674576 24.52 95558.27
1559823004.7034817 24.49 95557.78
1559823064.732387 24.48 95558.46
1559823124.7612922 24.49 95553.95
1559823184.7901978 24.51 95552.05
1559823244.8191032 24.51 95551.38
1559823304.8480086 24.52 95548.78
1559823364.8769143 24.51 95546.19
1559823424.9058197 24.49 95547.73
1559823484.950325 24.52 95542.39
1559823544.9792304 24.49 95539.85
1559823605.008136 24.47 95546.22
1559823665.0370414 24.49 95541.21
1559823725.0659468 24.49 95545.56
1559823785.0948522 24.49 95545.59
1559823845.1237578 24.50 95546.03
1559823905.152663 24.49 95547.07
1559823965.1815686 24.52 95546.43
1559824025.210474 24.50 95543.52
1559824085.2393794 24.48 95541.81
1559824145.2838848 24.52 95543.42
1559824205.3127902 24.53 95542.69
1559824265.3416958 24.49 95539.74
1559824325.3706012 24.49 95538.24
1559824385.3995066 24.52 95540.72
1559824445.428412 24.52 95539.75
1559824505.4573174 24.54 95539.92
1559824565.4862227 24.55 95539.49
1559824625.5151284 24.53 95537.35
1559824685.559634 24.55 95535.04
1559824745.5885391 24.52 95534.10
1559824805.6174445 24.53 95539.52
1559824865.6463501 24.51 95540.58
1559824925.6752555 24.56 95541.97
1559824985.704161 24.53 95535.50
1559825045.7330666 24.52 95536.82
1559825105.761972 24.50 95536.53
1559825165.790877 24.50 95536.77
1559825225.8353827 24.54 95533.07
1559825285.8642883 24.55 95539.83
1559825345.8931937 24.50 95534.93
1559825405.922099 24.48 95540.47
1559825465.9510045 24.50 95533.49
1559825525.97991 24.51 95537.85
1559825586.0088153 24.49 95540.41
1559825646.037721 24.48 95542.14
1559825706.0666263 24.53 95545.03
1559825766.1111317 24.55 95545.14
1559825826.140037 24.55 95544.84
1559825886.1689427 24.55 95546.08
1559825946.197848 24.55 95547.52
1559826006.2267532 24.51 95545.92
1559826066.255659 24.51 95547.94
1559826126.2845643 24.51 95546.70
1559826186.3134696 24.52 95545.83
1559826246.3423753 24.51 95541.68
1559826306.3868804 24.55 95544.97
1559826366.415786 24.53 95544.20
1559826426.4446914 24.52 95545.33
1559826486.4735968 24.52 95541.99
1559826546.5025024 24.51 95543.49
1559826606.5314078 24.50 95539.50
1559826666.5603132 24.51 95539.35
1559826726.5892189 24.51 95540.18
1559826786.618124 24.53 95538.96
1559826846.6626296 24.54 95538.25
1559826906.691535 24.54 95535.75
1559826966.7204406 24.55 95539.66
1559827026.7493458 24.57 95540.80
1559827086.7782512 24.55 95541.30
1559827146.8071568 24.52 95540.15
1559827206.8360622 24.54 95540.49
1559827266.8649676 24.52 95539.32
1559827326.8938732 24.51 95538.58
1559827386.9383786 24.53 95539.62
1559827446.967284 24.54 95538.49
1559827506.9961894 24.52 95532.60
1559827567.025095 24.60 95537.30
1559827627.0500002 24.64 95530.85
1559827687.0769055 24.70 95530.33
1559827747.121411 24.66 95534.74
1559827807.1503162 24.63 95533.25
1559827867.1792219 24.63 95528.75
1559827927.2081273 24.64 95528.52
1559827987.2370327 24.64 95529.92
1559828047.2659383 24.67 95530.63
1559828107.2948437 24.64 95530.75
1559828167.323749 24.65 95528.45
1559828227.3526542 24.70 95524.25
1559828287.39716 24.74 95524.19
1559828347.4260654 24.72 95533.05
1559828407.4549708 24.71 95529.10
1559828467.483876 24.71 95521.94
1559828527.5127819 24.73 95524.08
1559828587.541687 24.73 95524.58
1559828647.5705924 24.73 95520.27
1559828707.599498 24.77 95523.28
1559828767.6440034 24.81 95523.57
1559828827.6729088 24.89 95522.67
1559828887.7018142 24.86 95521.90
1559828947.7307198 24.91 95519.57
1559829007.7596252 24.95 95517.66
1559829067.7885306 24.94 95519.13
1559829127.817436 24.93 95520.60
1559829187.8619416 24.95 95519.00
1559829247.890847 24.99 95518.10
1559829307.9197524 25.02 95515.83
1559829367.948658 25.03 95513.92
1559829427.9775631 25.01 95507.73
1559829488.0220687 25.01 95510.10
1559829548.0509741 24.98 95510.07
1559829608.0798798 25.04 95508.21
1559829668.108785 25.06 95507.83
1559829728.1376903 25.07 95507.53
1559829788.182196 25.10 95503.92
1559829848.2111013 25.06 95504.16
1559829908.240007 25.06 95504.12
1559829968.268912 25.07 95497.16
1559830028.3134177 25.07 95498.96
1559830088.3423233 25.11 95494.02
1559830148.3712285 25.09 95501.94
1559830208.4001338 25.10 95497.96
1559830268.4446394 25.12 95501.08
1559830328.473545 25.16 95495.02
1559830388.5024502 25.13 95497.96
1559830448.5313556 25.21 95495.12
1559830508.560261 25.19 95500.03
1559830568.6047666 25.25 95495.65
1559830628.6336722 25.20 95498.46
1559830688.6625774 25.18 95496.79
1559830748.6914828 25.18 95490.44
1559830808.7359884 25.19 95488.66
1559830868.7648938 25.15 95483.17
1559830928.7937994 25.22 95483.17
1559830988.8227046 25.23 95479.28
1559831048.8672101 25.22 95479.02
1559831108.8961158 25.24 95476.21
1559831168.925021 25.24 95478.18
1559831228.9539263 25.20 95476.48
1559831288.998432 25.21 95470.92
1559831349.0273376 25.20 95465.27
1559831409.0562427 25.21 95472.19
1559831469.1007483 25.28 95472.28
1559831529.1296537 25.24 95476.67
1559831589.158559 25.18 95474.91
1559831649.1874647 25.13 95471.53
1559831709.23197 25.08 95468.78
1559831769.2608755 25.08 95470.19
1559831829.289781 25.09 95470.83
1559831889.3186865 25.08 95466.18
1559831949.3631918 25.07 95462.71
1559832009.3920972 25.06 95468.99
1559832069.4210029 25.01 95458.42
1559832129.4499083 25.04 95454.91
1559832189.4788136 25.08 95456.94
1559832249.523319 25.05 95455.75
1559832309.5522244 25.06 95455.11
1559832369.58113 25.02 95450.60
1559832429.6100352 24.98 95450.29
1559832489.6545408 24.97 95450.83
1559832549.6834462 24.91 95453.77
1559832609.7123518 24.88 95454.61
1559832669.7412572 24.89 95448.49
1559832729.7701623 24.92 95446.17
1559832789.814668 24.91 95442.39
1559832849.8435736 24.91 95438.11
1559832909.872479 24.87 95436.24
1559832969.901384 24.88 95435.81
1559833029.9302897 24.86 95434.94
1559833089.9591951 24.86 95429.52
1559833150.0037005 24.84 95431.53
1559833210.0326061 24.83 95427.85
1559833270.0615115 24.82 95425.64
1559833330.090417 24.81 95426.17
1559833390.1193223 24.80 95425.00
1559833450.148228 24.82 95424.80
1559833510.1771333 24.80 95418.42
1559833570.2216387 24.81 95421.26
1559833630.250544 24.84 95421.83
1559833690.2794497 24.83 95418.58
1559833750.308355 24.84 95419.56
1559833810.3372602 24.81 95418.72
1559833870.366166 24.80 95414.34
1559833930.3950713 24.84 95415.31
1559833990.4395769 24.80 95411.27
1559834050.4684823 24.80 95407.08
1559834110.4973874 24.79 95406.85
1559834170.526293 24.75 95405.48
1559834230.5551984 24.73 95394.64
1559834290.5841038 24.76 95394.31
1559834350.6130095 24.76 95389.69
1559834410.6419148 24.79 95385.07
1559834470.6864202 24.77 95383.41
1559834530.7153256 24.78 95384.88
1559834590.7442312 24.78 95376.96
1559834650.7731366 24.74 95378.05
1559834710.802042 24.74 95373.97
1559834770.8309476 24.77 95373.91
1559834830.8598528 24.78 95368.86
1559834890.8887582 24.77 95366.42
1559834950.9332638 24.79 95367.05
1559835010.9621692 24.78 95367.32
1559835070.9910748 24.78 95368.03
1559835131.01998 24.79 95362.53
1559835191.0488856 24.75 95360.67
1559835251.077791 24.81 95361.03
1559835311.1066964 24.79 95354.51
1559835371.135602 24.80 95355.28
1559835431.1801074 24.78 95351.94
1559835491.2090127 24.81 95353.53
1559835551.2379181 24.77 95349.39
1559835611.2668238 24.75 95352.64
1559835671.295729 24.79 95348.83
1559835731.3246346 24.75 95346.96
1559835791.35354 24.77 95345.66
1559835851.3824453 24.77 95342.84
1559835911.426951 24.77 95340.64
1559835971.455856 24.73 95338.74
1559836031.4847617 24.78 95333.25
1559836091.513667 24.79 95332.78
1559836151.5425725 24.78 95329.74
1559836211.5714781 24.79 95328.16
1559836271.6003835 24.77 95326.42
1559836331.629289 24.78 95323.95
1559836391.6737943 24.77 95319.77
1559836451.7026997 24.77 95322.41
1559836511.7316053 24.82 95317.25
1559836571.7605107 24.79 95320.07
1559836631.789416 24.79 95316.13
1559836691.8183215 24.76 95313.22
1559836751.8472269 24.75 95309.07
1559836811.8761322 24.75 95314.52
1559836871.9206376 24.77 95311.54
1559836931.9495435 24.78 95310.67
1559836991.9784486 24.80 95309.60
1559837052.007354 24.81 95305.89
1559837112.0362597 24.79 95300.30
1559837172.065165 24.79 95302.32
1559837232.0940702 24.79 95300.14
1559837292.122976 24.78 95295.86
1559837352.1674814 24.78 95290.57
1559837412.1963868 24.76 95292.45
1559837472.2252922 24.79 95291.54
1559837532.2541976 24.82 95292.53
1559837592.283103 24.80 95292.55
1559837652.3120084 24.80 95286.16
1559837712.340914 24.78 95289.17
1559837772.3698194 24.82 95284.52
1559837832.4143248 24.77 95283.65
1559837892.4432302 24.79 95279.24
1559837952.4721358 24.79 95275.42
1559838012.5010412 24.79 95274.42
1559838072.5299466 24.81 95275.12
1559838132.5588522 24.82 95274.14
1559838192.5877576 24.82 95269.96
1559838252.6166627 24.81 95268.66
1559838312.6455684 24.84 95264.95
1559838372.6744738 24.82 95260.10
1559838432.7189791 24.83 95259.00
1559838492.7478848 24.82 95258.07
1559838552.77679 24.83 95253.98
1559838612.8056955 24.81 95257.57
1559838672.834601 24.84 95254.67
1559838732.8635063 24.85 95249.29
1559838792.892412 24.85 95248.08
1559838852.9213173 24.85 95244.28
1559838912.9658227 24.84 95246.55
1559838972.994728 24.83 95247.49
1559839033.0236337 24.82 95246.22
1559839093.0525389 24.85 95246.11
1559839153.0814445 24.82 95244.22
1559839213.11035 24.86 95243.36
1559839273.1392553 24.83 95244.52
1559839333.1681607 24.82 95246.06
1559839393.212666 24.88 95243.23
1559839453.2415717 24.84 95243.38
1559839513.270477 24.83 95244.32
1559839573.2993824 24.81 95244.82
1559839633.328288 24.82 95242.35
1559839693.3571935 24.88 95245.91
1559839753.3860989 24.89 95241.46
1559839813.4306042 24.87 95238.58
1559839873.4595098 24.85 95238.99
1559839933.4884152 24.84 95237.86
1559839993.5173206 24.86 95239.46
1559840053.5462263 24.87 95238.35
1559840113.5751314 24.86 95234.60
1559840173.6040368 24.85 95230.22
1559840233.6329424 24.85 95231.13
1559840293.6774478 24.83 95228.69
1559840353.7063534 24.85 95228.22
1559840413.7352586 24.84 95228.16
1559840473.7641642 24.84 95227.66
1559840533.7930696 24.83 95225.18
1559840593.821975 24.82 95229.57
1559840653.8508806 24.82 95230.30
1559840713.8953857 24.82 95225.63
1559840773.9242914 24.78 95226.37
1559840833.9531968 24.78 95224.13
1559840893.9821022 24.79 95227.27
1559840954.0110075 24.81 95223.18
1559841014.0399132 24.80 95220.32
1559841074.0688183 24.80 95226.00
1559841134.097724 24.79 95223.26
1559841194.1422296 24.81 95222.08
1559841254.1711347 24.83 95217.03
1559841314.20004 24.83 95220.40
1559841374.2289457 24.83 95220.38
1559841434.2578511 24.82 95221.78
1559841494.2867565 24.83 95225.72
1559841554.3156621 24.82 95219.97
1559841614.3445675 24.85 95221.70
1559841674.389073 24.83 95223.05
1559841734.4179783 24.82 95220.21
1559841794.446884 24.83 95219.71
1559841854.4757893 24.82 95219.80
1559841914.5046947 24.85 95211.97
1559841974.5336 24.86 95216.11
1559842034.5625055 24.88 95218.82
1559842094.5914109 24.86 95215.44
1559842154.6359162 24.87 95218.02
1559842214.664822 24.85 95217.35
1559842274.6937273 24.86 95211.26
1559842334.7226326 24.85 95214.85
1559842394.7515383 24.86 95213.21
1559842454.7804437 24.87 95213.17
1559842514.809349 24.85 95212.84
1559842574.8382547 24.87 95208.49
1559842634.88276 24.89 95209.96
1559842694.9116654 24.86 95208.39
1559842754.9405708 24.85 95212.50
1559842814.969476 24.84 95204.52
1559842874.9983819 24.82 95204.42
1559842935.027287 24.84 95204.41
1559842995.0561924 24.85 95203.03
1559843055.085098 24.82 95202.92
1559843115.1296034 24.83 95204.99
1559843175.1585088 24.80 95201.72
1559843235.1874142 24.78 95200.78
1559843295.2163198 24.79 95204.27
1559843355.2452252 24.83 95200.88
1559843415.2741306 24.86 95198.89
1559843475.3030362 24.86 95195.52
1559843535.3319414 24.84 95199.57
1559843595.376447 24.85 95195.35
1559843655.4053524 24.85 95195.58
1559843715.434258 24.81 95196.33
1559843775.4631634 24.88 95192.33
1559843835.4920685 24.88 95193.29
1559843895.5209742 24.86 95193.03
1559843955.5498796 24.85 95188.33
1559844015.594385 24.86 95192.90
1559844075.6232905 24.85 95193.17
1559844135.652196 24.84 95189.20
1559844195.6811013 24.87 95189.19
1559844255.7100067 24.86 95187.96
1559844315.7389123 24.85 95186.32
1559844375.7678177 24.84 95185.46
1559844435.7967231 24.83 95187.30
1559844495.8256285 24.87 95181.72
1559844555.854534 24.87 95180.05
1559844615.8990395 24.93 95179.60
1559844675.9279447 24.92 95178.36
1559844735.9568503 24.90 95180.64
1559844795.9857557 24.92 95181.10
1559844856.014661 24.91 95180.61
1559844916.0435667 24.91 95180.51
1559844976.072472 24.91 95176.66
1559845036.1013775 24.92 95177.36
1559845096.1458828 24.89 95173.56
1559845156.1747882 24.90 95176.64
1559845216.2036939 24.91 95178.07
1559845276.2325993 24.88 95173.77
1559845336.2615047 24.89 95169.21
1559845396.29041 24.91 95170.03
1559845456.3193154 24.94 95173.81
1559845516.363821 24.90 95172.22
1559845576.3927264 24.89 95172.86
1559845636.421632 24.88 95163.70
1559845696.4505372 24.89 95172.19
1559845756.4794426 24.90 95174.36
1559845816.5083482 24.91 95169.31
1559845876.5372536 24.88 95168.91
1559845936.566159 24.87 95166.51
1559845996.6106644 24.87 95168.11
1559846056.63957 24.87 95168.35
1559846116.6684754 24.87 95170.02
1559846176.6973808 24.91 95171.99
1559846236.7262862 24.90 95170.01
1559846296.7551918 24.89 95171.02
1559846356.784097 24.91 95174.39
1559846416.8130026 24.92 95172.88
1559846476.8575082 24.94 95174.14
1559846536.8864133 24.93 95174.08
1559846596.9153187 24.93 95173.75
1559846656.9442244 24.95 95174.34
1559846716.9731297 24.91 95171.64
1559846777.0020351 24.90 95168.61
1559846837.0309408 24.91 95172.41
1559846897.0754461 24.92 95168.33
1559846957.1043515 24.91 95168.57
1559847017.133257 24.90 95166.00
1559847077.1621625 24.88 95166.91
1559847137.191068 24.86 95167.39
1559847197.2199733 24.87 95166.38
1559847257.2488785 24.88 95164.63
1559847317.293384 24.93 95167.60
1559847377.3222897 24.90 95166.00
1559847437.3511949 24.90 95163.99
1559847497.3801007 24.91 95168.03
1559847557.4090059 24.92 95163.35
1559847617.4379113 24.92 95163.14
1559847677.4668167 24.91 95165.89
1559847737.511322 24.93 95169.77
1559847797.5402277 24.90 95165.50
1559847857.569133 24.85 95163.51
1559847917.5980384 24.86 95167.25
1559847977.626944 24.92 95166.39
1559848037.6558495 24.90 95168.10
1559848097.6847546 24.90 95168.91
1559848157.7136605 24.89 95169.99
1559848217.7581658 24.86 95168.06
1559848277.7870712 24.88 95165.53
1559848337.8159766 24.88 95166.54
1559848397.844882 24.88 95166.41
1559848457.8737874 24.90 95168.74
1559848517.9026928 24.94 95166.96
1559848577.9315984 24.93 95169.83
1559848637.9605038 24.95 95166.98
1559848698.0050092 24.92 95166.42
1559848758.0339146 24.95 95167.25
1559848818.0628202 24.95 95169.89
1559848878.0917256 24.96 95168.35
1559848938.120631 24.91 95168.30
1559848998.1495366 24.93 95171.40
1559849058.178442 24.87 95170.46
1559849118.2229474 24.86 95168.72
1559849178.2518528 24.87 95166.51
1559849238.2807584 24.89 95166.03
1559849298.3096635 24.88 95163.39
1559849358.3385692 24.89 95166.17
1559849418.3674743 24.88 95166.88
1559849478.39638 24.87 95164.84
1559849538.4252853 24.86 95163.31
1559849598.4697907 24.85 95162.07
1559849658.498696 24.84 95160.78
1559849718.5276017 24.85 95162.14
1559849778.556507 24.90 95161.42
1559849838.5854125 24.86 95162.74
1559849898.6143181 24.86 95161.10
1559849958.6432233 24.85 95161.64
1559850018.672129 24.84 95163.11
1559850078.7166343 24.83 95161.98
1559850138.74554 24.82 95163.96
1559850198.7744453 24.84 95164.11
1559850258.8033504 24.83 95166.33
1559850318.832256 24.83 95166.22
1559850378.8611615 24.82 95164.60
1559850438.8900669 24.81 95161.99
1559850498.9189725 24.83 95161.75
1559850558.963478 24.84 95164.05
1559850618.9923832 24.83 95166.66
1559850679.0212886 24.80 95162.86
1559850739.0501943 24.79 95166.58
1559850799.0790997 24.80 95167.78
1559850859.108005 24.84 95164.62
1559850919.1369107 24.87 95165.78
1559850979.1658158 24.83 95162.19
1559851039.1947212 24.82 95164.03
1559851099.2236269 24.85 95162.34
1559851159.2681322 24.85 95166.49
1559851219.2970378 24.80 95166.50
1559851279.325943 24.82 95164.19
1559851339.3548486 24.81 95166.77
1559851399.383754 24.79 95168.42
1559851459.4126594 24.81 95168.35
1559851519.4415646 24.81 95166.77
1559851579.4704704 24.82 95172.82
1559851639.5149758 24.82 95171.82
1559851699.5438812 24.81 95171.25
1559851759.5727866 24.80 95176.37
1559851819.601692 24.80 95173.50
1559851879.6305974 24.84 95172.48
1559851939.6595027 24.86 95172.74
1559851999.6884084 24.84 95173.32
1559852059.7173138 24.84 95175.82
1559852119.7618191 24.84 95176.66
1559852179.7907245 24.80 95176.47
1559852239.8196301 24.81 95179.28
1559852299.8485355 24.83 95182.78
1559852359.877441 24.80 95177.85
1559852419.9063466 24.83 95178.30
1559852479.935252 24.84 95179.94
1559852539.9797573 24.83 95180.25
1559852600.0086627 24.84 95183.85
1559852660.0375683 24.84 95182.38
1559852720.0664735 24.82 95183.02
1559852780.095379 24.85 95187.89
1559852840.1242845 24.84 95183.38
1559852900.15319 24.85 95186.92
1559852960.1820953 24.83 95186.46
1559853020.2266006 24.84 95183.35
1559853080.2555063 24.86 95185.32
1559853140.2844117 24.85 95185.82
1559853200.313317 24.83 95186.29
1559853260.3422227 24.85 95185.75
1559853320.371128 24.85 95188.10
1559853380.4000332 24.83 95188.39
1559853440.428939 24.84 95187.96
1559853500.4734445 24.85 95190.27
1559853560.5023499 24.87 95189.25
1559853620.5312552 24.87 95189.85
1559853680.5601604 24.87 95190.92
1559853740.589066 24.84 95189.70
1559853800.6179714 24.84 95191.41
1559853860.6468768 24.84 95190.91
1559853920.6757824 24.81 95191.32
1559853980.7202878 24.80 95190.96
1559854040.7491932 24.83 95190.00
1559854100.7780986 24.86 95193.24
1559854160.8070042 24.83 95193.82
1559854220.8359096 24.82 95192.78
1559854280.864815 24.81 95196.53
1559854340.8937206 24.78 95193.94
1559854400.9226258 24.80 95191.69
1559854460.9671314 24.83 95192.85
1559854520.9960368 24.84 95195.75
1559854581.0249422 24.81 95196.16
1559854641.0538478 24.79 95198.17
1559854701.082753 24.80 95200.58
1559854761.1116586 24.82 95199.57
1559854821.140564 24.79 95200.02
1559854881.1694694 24.80 95202.96
1559854941.2139747 24.79 95201.59
1559855001.2428803 24.78 95202.66
1559855061.2717857 24.80 95204.07
1559855121.3006911 24.81 95200.35
1559855181.3295968 24.77 95203.07
1559855241.358502 24.80 95205.07
1559855301.3874075 24.80 95206.94
1559855361.431913 24.78 95207.64
1559855421.4608185 24.81 95204.36
1559855481.489724 24.80 95205.39
1559855541.518629 24.80 95205.90
1559855601.5475347 24.80 95204.66
1559855661.57644 24.84 95203.61
1559855721.6053455 24.83 95203.71
1559855781.634251 24.81 95202.85
1559855841.6787562 24.82 95204.82
1559855901.7076619 24.82 95204.42
1559855961.7365673 24.84 95204.35
1559856021.7654727 24.80 95204.80
1559856081.7943783 24.82 95203.39
1559856141.8232837 24.86 95206.41
1559856201.8521893 24.84 95208.53
1559856261.8810945 24.80 95210.85
1559856321.9256 24.84 95204.52
1559856381.9545054 24.85 95214.58
1559856441.9834106 24.82 95215.75
1559856502.0123165 24.81 95214.10
1559856562.0412216 24.84 95213.14
1559856622.070127 24.84 95213.64
1559856682.0990326 24.84 95217.39
1559856742.127938 24.84 95217.49
1559856802.1724434 24.85 95217.49
1559856862.2013488 24.85 95218.19
1559856922.2302544 24.84 95215.72
1559856982.2591598 24.82 95216.96
1559857042.2880652 24.86 95215.25
1559857102.3169706 24.87 95219.05
1559857162.3458762 24.88 95216.31
1559857222.3747814 24.85 95216.32
1559857282.403687 24.85 95217.69
1559857342.4325924 24.84 95217.55
1559857402.4770977 24.87 95221.57
1559857462.5060031 24.85 95217.92
1559857522.5349088 24.84 95224.32
1559857582.5638142 24.85 95223.77
1559857642.5927196 24.85 95226.39
1559857702.6216252 24.86 95228.52
1559857762.6505306 24.82 95228.00
1559857822.695036 24.84 95227.49
1559857882.7239413 24.84 95224.25
1559857942.752847 24.84 95227.66
1559858002.7817523 24.83 95226.92
1559858062.8106577 24.84 95228.36
1559858122.839563 24.83 95234.08
1559858182.8684685 24.83 95231.94
1559858242.897374 24.86 95236.48
1559858302.9418793 24.85 95233.74
1559858362.9707851 24.86 95235.32
1559858422.9996903 24.83 95238.22
1559858483.0285957 24.84 95236.46
1559858543.057501 24.86 95232.50
1559858603.0864067 24.86 95233.30
1559858663.115312 24.87 95232.43
1559858723.1442175 24.90 95230.61
1559858783.1887228 24.88 95232.63
1559858843.2176285 24.88 95226.78
1559858903.2465339 24.85 95233.91
1559858963.275439 24.88 95232.80
1559859023.3043447 24.89 95231.08
1559859083.33325 24.87 95233.57
1559859143.3621554 24.86 95232.93
1559859203.391061 24.85 95232.53
1559859263.4355664 24.85 95233.03
1559859323.4644718 24.85 95234.04
1559859383.4933772 24.87 95234.07
1559859443.5222828 24.83 95237.89
1559859503.5511882 24.81 95235.57
1559859563.5800936 24.85 95233.74
1559859623.6089993 24.87 95234.24
1559859683.6535046 24.86 95239.35
1559859743.68241 24.85 95240.10
1559859803.7113154 24.85 95238.92
1559859863.740221 24.86 95241.00
1559859923.7691264 24.84 95240.30
1559859983.7980316 24.88 95238.14
1559860043.8269372 24.85 95241.66
1559860103.8558426 24.87 95238.58
1559860163.900348 24.85 95241.23
1559860223.9292533 24.81 95243.25
1559860283.9581587 24.85 95242.60
1559860343.9870644 24.84 95241.87
1559860404.0159698 24.82 95242.28
1559860464.0448751 24.80 95240.35
1559860524.0737805 24.83 95242.11
1559860584.1026862 24.81 95239.74
1559860644.1471915 24.85 95239.25
1559860704.176097 24.84 95239.73
1559860764.2050025 24.87 95245.31
1559860824.2339077 24.83 95242.51
1559860884.262813 24.83 95241.40
1559860944.2917187 24.81 95240.30
1559861004.320624 24.84 95240.74
1559861064.3611295 24.84 95244.08
1559861124.390035 24.83 95238.50
1559861184.4189403 24.85 95245.28
1559861244.447846 24.87 95241.42
1559861304.4767513 24.88 95242.66
1559861364.5056565 24.87 95239.28
1559861424.534562 24.86 95242.17
1559861484.5710676 24.84 95242.80
1559861544.600373 24.86 95244.85
1559861604.6292782 24.87 95244.77
1559861664.6693838 24.93 95249.24
1559861724.6966891 24.91 95246.16
1559861784.7291946 24.91 95248.24
1559861844.7645006 24.90 95244.86
1559861904.7970061 24.90 95249.82
1559861964.8259118 24.92 95251.48
1559862024.8540182 24.94 95248.13
1559862084.8801239 24.95 95251.40
1559862144.9090295 24.96 95249.28
1559862204.9379358 24.99 95247.04
1559862264.9784412 24.99 95247.44
1559862325.007747 25.02 95251.61
1559862385.0354536 25.01 95250.28
1559862445.0651593 25.05 95250.50
1559862505.0960655 25.04 95253.88
1559862565.124971 25.06 95252.91
1559862625.1538765 25.05 95250.10
1559862685.197182 25.05 95253.81
1559862745.2260873 25.02 95253.08
1559862805.254993 25.04 95254.38
1559862865.2946985 25.04 95250.27
1559862925.3216035 25.06 95254.03
1559862985.3505092 25.12 95252.32
1559863045.3794146 25.12 95256.42
1559863105.40832 25.10 95256.67
1559863165.4372256 25.10 95253.96
1559863225.466131 25.12 95251.30
1559863285.5106363 25.10 95255.80
1559863345.5395417 25.09 95252.25
1559863405.568447 25.07 95253.77
1559863465.5973527 25.12 95252.58
1559863525.6262581 25.08 95251.83
1559863585.6551633 25.12 95252.97
1559863645.6840692 25.11 95254.85
1559863705.7285745 25.10 95252.22
1559863765.75748 25.10 95254.79
1559863825.7863853 25.11 95253.72
1559863885.8152907 25.10 95251.71
1559863945.844196 25.10 95253.72
1559864005.8731015 25.12 95252.08
1559864065.902007 25.15 95251.63
1559864125.9465125 25.12 95258.50
1559864185.9754179 25.10 95257.47
1559864246.0043232 25.13 95254.55
1559864306.0332289 25.11 95254.25
1559864366.0621343 25.09 95255.77
1559864426.0910397 25.11 95259.14
1559864486.1199453 25.12 95255.75
1559864546.1644506 25.13 95256.19
1559864606.193356 25.14 95256.19
1559864666.2222614 25.14 95257.42
1559864726.251167 25.13 95255.85
1559864786.2800722 25.14 95255.92
1559864846.3089776 25.12 95252.58
1559864906.3534832 25.13 95259.07
1559864966.3823886 25.12 95258.33
1559865026.4112942 25.14 95260.97
1559865086.4401994 25.13 95259.07
1559865146.469105 25.13 95253.28
1559865206.4980104 25.14 95257.12
1559865266.5269158 25.15 95256.05
1559865326.5714211 25.17 95253.00
1559865386.6003265 25.17 95254.30
1559865446.6292322 25.18 95256.21
1559865506.6581376 25.17 95251.22
1559865566.6870432 25.18 95253.06
1559865626.7159486 25.16 95254.37
