1561766511.1322758 26.67 95147.16
1561766571.176781 26.66 95146.86
1561766631.2056866 26.64 95145.67
1561766691.234592 26.65 95144.89
1561766751.2634976 26.67 95140.51
1561766811.2924027 26.69 95144.89
1561766871.3369083 26.63 95143.88
1561766931.3658137 26.68 95145.44
1561766991.394719 26.60 95145.66
1561767051.4236248 26.64 95144.68
1561767111.45253 26.65 95144.57
1561767171.4970355 26.63 95142.14
1561767231.525941 26.60 95144.32
1561767291.5548463 26.56 95143.42
1561767351.5837517 26.58 95147.20
1561767411.6282573 26.55 95144.99
1561767471.6571627 26.59 95145.47
1561767531.6860683 26.62 95147.04
1561767591.7149734 26.68 95149.09
1561767651.7438788 26.72 95146.72
1561767711.7883844 26.68 95149.13
1561767771.81729 26.70 95148.24
1561767831.8461952 26.66 95148.34
1561767891.8751006 26.58 95150.99
1561767951.9040062 26.52 95149.21
1561768011.9485116 26.62 95151.14
1561768071.9774172 26.60 95149.78
1561768132.0063224 26.60 95151.47
1561768192.035228 26.64 95155.24
1561768252.0641334 26.65 95152.94
1561768312.1086388 26.69 95152.89
1561768372.1375442 26.70 95152.05
1561768432.1664495 26.69 95151.86
1561768492.1953552 26.65 95156.53
1561768552.2242606 26.62 95153.55
1561768612.2687662 26.60 95154.38
1561768672.2976713 26.60 95154.28
1561768732.326577 26.57 95155.28
1561768792.3554823 26.58 95153.57
1561768852.3843877 26.60 95154.65
1561768912.428893 26.59 95155.71
1561768972.4577987 26.67 95158.89
1561769032.486704 26.65 95157.30
1561769092.5156095 26.58 95155.64
1561769152.5601149 26.56 95156.30
1561769212.5890205 26.58 95160.50
1561769272.617926 26.59 95159.55
1561769332.6468313 26.54 95158.61
1561769392.675737 26.57 95157.41
1561769452.7202423 26.59 95158.63
1561769512.7491477 26.59 95160.73
1561769572.778053 26.61 95160.04
1561769632.8069587 26.67 95166.85
1561769692.835864 26.65 95165.25
1561769752.8803694 26.62 95163.99
1561769812.9092748 26.56 95165.06
1561769872.9381804 26.59 95166.17
1561769932.9670858 26.58 95165.47
1561769992.9959912 26.61 95171.53
1561770053.0404966 26.67 95173.72
1561770113.0694022 26.64 95168.64
1561770173.0983076 26.64 95174.02
1561770233.1272128 26.61 95169.53
1561770293.1561186 26.61 95172.78
1561770353.200624 26.64 95172.38
1561770413.2295294 26.63 95170.94
1561770473.2584348 26.59 95170.69
1561770533.28734 26.57 95169.44
1561770593.3162456 26.56 95170.92
1561770653.3607512 26.60 95173.60
1561770713.3896565 26.61 95175.47
1561770773.4185617 26.59 95176.82
1561770833.4474673 26.63 95173.63
1561770893.4763727 26.65 95170.85
1561770953.520878 26.61 95169.43
1561771013.5497837 26.60 95172.20
1561771073.578689 26.63 95173.50
1561771133.6075945 26.65 95173.08
1561771193.6521 26.61 95174.63
1561771253.6810052 26.65 95175.49
1561771313.7099109 26.58 95175.53
1561771373.7388163 26.61 95173.46
1561771433.7677217 26.65 95174.92
1561771493.812227 26.58 95173.75
1561771553.8411329 26.58 95171.61
1561771613.870038 26.62 95170.92
1561771673.8989434 26.59 95172.77
1561771733.927849 26.56 95172.77
1561771793.9723544 26.60 95175.35
1561771854.0012598 26.56 95176.25
1561771914.0301652 26.62 95176.52
1561771974.0590708 26.64 95174.36
1561772034.0879762 26.64 95178.88
1561772094.1324816 26.63 95176.91
1561772154.161387 26.59 95173.64
1561772214.1902926 26.60 95171.92
1561772274.219198 26.54 95169.44
1561772334.2481034 26.52 95170.16
1561772394.2926087 26.55 95168.28
1561772454.3215141 26.49 95166.71
1561772514.3504198 26.46 95169.92
1561772574.3793252 26.55 95165.44
1561772634.4082305 26.52 95163.62
1561772694.452736 26.55 95163.33
1561772754.4816415 26.61 95164.67
1561772814.510547 26.58 95163.19
1561772874.5394523 26.61 95163.73
1561772934.568358 26.54 95161.22
1561772994.6128633 26.53 95163.54
1561773054.6417687 26.50 95159.19
1561773114.670674 26.51 95158.41
1561773174.6995795 26.50 95160.70
1561773234.744085 26.51 95161.26
1561773294.7729905 26.52 95162.52
1561773354.8018959 26.55 95162.58
1561773414.8308015 26.59 95163.08
1561773474.8597066 26.65 95166.19
1561773534.9042122 26.56 95167.81
1561773594.9331176 26.51 95166.02
1561773654.9620233 26.55 95168.12
1561773714.9909284 26.49 95168.52
1561773775.0198338 26.53 95165.72
1561773835.0643394 26.47 95172.39
1561773895.093245 26.46 95167.58
1561773955.1221504 26.47 95170.17
1561774015.1510556 26.48 95166.14
1561774075.1799612 26.48 95169.89
1561774135.2244668 26.49 95168.69
1561774195.253372 26.47 95167.47
1561774255.2822773 26.59 95171.03
1561774315.3111827 26.56 95173.44
1561774375.3400884 26.56 95174.91
1561774435.384594 26.53 95172.47
1561774495.4134994 26.52 95170.17
1561774555.4424045 26.48 95174.13
1561774615.4713101 26.44 95175.60
1561774675.5002155 26.49 95176.00
1561774735.544721 26.50 95172.16
1561774795.5736265 26.50 95173.77
1561774855.602532 26.45 95171.64
1561774915.6314373 26.44 95171.82
1561774975.6603427 26.46 95173.67
1561775035.704848 26.44 95173.93
1561775095.7337537 26.46 95173.28
1561775155.762659 26.47 95171.39
1561775215.7915645 26.50 95170.52
1561775275.82047 26.52 95170.33
1561775335.8649755 26.52 95172.08
1561775395.8938808 26.45 95170.51
1561775455.9227862 26.46 95170.53
1561775515.9516919 26.48 95173.19
1561775575.9805973 26.46 95172.88
1561775636.0251026 26.45 95175.38
1561775696.054008 26.47 95177.53
1561775756.0829136 26.49 95179.92
1561775816.111819 26.45 95175.44
1561775876.1407244 26.46 95175.78
1561775936.1852298 26.56 95177.87
1561775996.2141354 26.53 95179.41
1561776056.2430408 26.56 95178.31
1561776116.271946 26.53 95179.57
1561776176.3008518 26.49 95181.29
1561776236.345357 26.47 95183.96
1561776296.3742626 26.43 95178.94
1561776356.403168 26.46 95182.74
1561776416.432073 26.43 95182.09
1561776476.4609787 26.44 95187.58
1561776536.5054843 26.45 95185.06
1561776596.5343897 26.48 95189.32
1561776656.563295 26.53 95189.50
1561776716.5922005 26.46 95190.11
1561776776.621106 26.43 95189.74
1561776836.6656115 26.46 95190.72
1561776896.694517 26.39 95196.28
1561776956.7234223 26.44 95194.60
1561777016.7523277 26.48 95193.47
1561777076.781233 26.44 95193.04
1561777136.8257384 26.44 95198.30
1561777196.8546443 26.45 95192.43
1561777256.8835495 26.50 95192.61
1561777316.9124548 26.48 95189.66
1561777376.9413605 26.50 95188.75
1561777436.9858658 26.46 95192.05
1561777497.0147712 26.47 95191.44
1561777557.0436766 26.42 95192.89
1561777617.0725822 26.41 95195.25
1561777677.1014876 26.44 95191.58
1561777737.1459932 26.46 95194.33
1561777797.1748984 26.45 95192.50
1561777857.203804 26.47 95192.68
1561777917.2327094 26.44 95191.64
1561777977.2616148 26.46 95192.32
1561778037.3061202 26.45 95194.00
1561778097.3350255 26.41 95191.71
1561778157.3639312 26.42 95190.99
1561778217.3928366 26.42 95191.96
1561778277.421742 26.38 95191.89
1561778337.4662473 26.40 95192.99
1561778397.495153 26.43 95188.17
1561778457.5240583 26.43 95189.85
1561778517.5529637 26.44 95190.47
1561778577.5818694 26.44 95191.77
1561778637.6263747 26.46 95197.15
1561778697.65528 26.47 95197.50
1561778757.6841855 26.46 95202.45
1561778817.7130911 26.43 95197.51
1561778877.7419963 26.44 95202.53
1561778937.786502 26.45 95198.85
1561778997.8154073 26.44 95192.21
1561779057.8443127 26.44 95195.63
1561779117.8732183 26.46 95194.80
1561779177.9021235 26.45 95188.74
1561779237.946629 26.47 95192.01
1561779297.9755347 26.42 95200.38
1561779358.0044398 26.42 95203.85
1561779418.0333452 26.35 95207.24
1561779478.0622509 26.40 95202.88
1561779538.1067564 26.45 95203.83
1561779598.1356618 26.41 95205.35
1561779658.164567 26.43 95202.88
1561779718.1934726 26.46 95204.79
1561779778.222378 26.44 95207.02
1561779838.2668836 26.47 95199.32
1561779898.2957888 26.51 95206.46
1561779958.3246942 26.51 95201.32
1561780018.3535998 26.45 95202.39
1561780078.3825052 26.45 95198.97
1561780138.4270108 26.46 95198.19
1561780198.455916 26.46 95199.60
1561780258.4848216 26.42 95202.78
1561780318.513727 26.37 95204.35
1561780378.5426323 26.38 95204.64
1561780438.5871377 26.40 95206.72
1561780498.6160433 26.39 95208.02
1561780558.6449487 26.37 95207.71
1561780618.673854 26.35 95206.61
1561780678.7027597 26.30 95206.56
1561780738.747265 26.30 95205.72
1561780798.7761705 26.36 95203.49
1561780858.805076 26.40 95203.61
1561780918.8339815 26.37 95199.95
1561780978.862887 26.40 95203.04
1561781038.9073923 26.39 95203.75
1561781098.9362977 26.42 95203.52
1561781158.9652033 26.39 95206.03
1561781218.9941087 26.37 95205.48
1561781279.0230138 26.30 95203.04
1561781339.0675194 26.30 95200.69
1561781399.096425 26.34 95199.75
1561781459.1253304 26.37 95201.46
1561781519.1542358 26.36 95200.47
1561781579.1831412 26.38 95200.89
1561781639.2276468 26.44 95192.58
1561781699.2565522 26.37 95197.71
1561781759.2854576 26.38 95197.66
1561781819.3143628 26.36 95194.39
1561781879.3432684 26.32 95193.13
1561781939.387774 26.34 95190.74
1561781999.4166794 26.42 95191.72
1561782059.445585 26.42 95191.16
1561782119.4744902 26.36 95192.39
1561782179.5033956 26.38 95190.72
1561782239.5479012 26.40 95186.85
1561782299.5768063 26.41 95180.33
1561782359.605712 26.40 95183.27
1561782419.6346173 26.36 95185.45
1561782479.6635227 26.35 95176.72
1561782539.6924284 26.37 95175.18
1561782599.7369337 26.38 95176.42
1561782659.765839 26.36 95178.32
1561782719.7947445 26.29 95176.16
1561782779.8236501 26.25 95176.67
1561782839.8525555 26.28 95172.08
1561782899.8970609 26.26 95173.49
1561782959.9259663 26.26 95172.60
1561783019.954872 26.30 95167.61
1561783079.9837773 26.32 95166.58
1561783140.0126827 26.32 95168.15
1561783200.057188 26.34 95167.44
1561783260.0860937 26.36 95171.64
1561783320.114999 26.33 95168.55
1561783380.1439044 26.36 95167.17
1561783440.17281 26.35 95167.02
1561783500.2173154 26.38 95173.39
1561783560.2462208 26.39 95169.66
1561783620.2751262 26.31 95169.41
1561783680.3040318 26.36 95167.85
1561783740.3329372 26.33 95169.15
1561783800.3774426 26.41 95166.73
1561783860.406348 26.40 95167.00
1561783920.4352536 26.37 95161.33
1561783980.464159 26.35 95166.49
1561784040.4930642 26.28 95166.99
1561784100.5375698 26.25 95162.32
1561784160.5664752 26.28 95164.08
1561784220.5953805 26.31 95165.85
1561784280.6242862 26.33 95164.19
1561784340.6531913 26.30 95164.92
1561784400.697697 26.33 95167.32
1561784460.7266026 26.28 95166.59
1561784520.7555077 26.34 95161.57
1561784580.784413 26.42 95165.35
1561784640.8133187 26.49 95164.33
1561784700.8422241 26.54 95160.69
1561784760.8867297 26.56 95163.22
1561784820.9156349 26.68 95164.61
1561784880.9445405 26.63 95161.49
1561784940.973446 26.61 95163.22
1561785001.0179515 26.64 95162.28
1561785061.0468566 26.61 95163.73
1561785121.0757623 26.63 95165.78
1561785181.1046677 26.55 95162.32
1561785241.133573 26.53 95164.53
1561785301.1780787 26.52 95164.86
1561785361.206984 26.47 95164.14
1561785421.2358894 26.54 95164.47
1561785481.2647948 26.52 95168.72
1561785541.3093002 26.44 95164.95
1561785601.3382058 26.47 95169.67
1561785661.3671112 26.45 95168.39
1561785721.3960166 26.44 95167.74
1561785781.4249222 26.43 95168.05
1561785841.4694273 26.32 95167.59
1561785901.498333 26.38 95164.85
1561785961.5272384 26.37 95166.60
1561786021.5561438 26.37 95165.69
1561786081.600649 26.31 95164.38
1561786141.6295547 26.31 95164.89
1561786201.6584601 26.35 95165.17
1561786261.6873655 26.30 95168.61
1561786321.7162712 26.27 95164.63
1561786381.7607765 26.28 95163.36
1561786441.789682 26.30 95160.81
1561786501.8185873 26.27 95161.21
1561786561.847493 26.38 95162.50
1561786621.8763983 26.33 95160.51
1561786681.9209037 26.34 95157.88
1561786741.949809 26.30 95159.46
1561786801.9787147 26.31 95154.06
1561786862.00762 26.28 95154.58
1561786922.0365255 26.29 95159.10
1561786982.0810308 26.27 95152.66
1561787042.1099365 26.26 95157.89
1561787102.1388419 26.25 95153.42
1561787162.167747 26.26 95151.66
1561787222.196653 26.22 95151.53
1561787282.225558 26.19 95148.78
1561787342.2700636 26.18 95150.53
1561787402.298969 26.25 95153.55
1561787462.3278744 26.25 95149.79
1561787522.3567798 26.22 95153.57
1561787582.3856852 26.26 95148.61
1561787642.4301908 26.21 95147.85
1561787702.4590964 26.31 95151.81
1561787762.4880016 26.28 95147.11
1561787822.516907 26.25 95147.67
1561787882.5458124 26.26 95144.72
1561787942.590318 26.24 95137.78
1561788002.6192234 26.18 95137.13
1561788062.6481287 26.18 95135.02
1561788122.6770341 26.15 95136.99
1561788182.7059398 26.24 95135.26
1561788242.7504454 26.18 95138.87
1561788302.7793505 26.20 95135.20
1561788362.808256 26.23 95138.55
1561788422.8371615 26.19 95134.64
1561788482.866067 26.20 95137.55
1561788542.8949723 26.24 95133.68
1561788602.9394777 26.20 95132.78
1561788662.9683833 26.23 95133.96
1561788722.9972887 26.29 95135.25
1561788783.026194 26.23 95135.53
1561788843.0550997 26.27 95132.28
1561788903.099605 26.22 95131.50
1561788963.1285105 26.20 95130.00
1561789023.1574159 26.24 95130.07
1561789083.1863215 26.23 95130.49
1561789143.215227 26.17 95131.88
1561789203.2597322 26.20 95130.28
1561789263.2886376 26.19 95130.07
1561789323.3175433 26.19 95131.89
1561789383.3464484 26.13 95129.67
1561789443.375354 26.14 95131.50
1561789503.4198594 26.15 95131.96
1561789563.448765 26.15 95132.30
1561789623.4776704 26.18 95131.66
1561789683.5065756 26.18 95130.42
1561789743.535481 26.16 95127.80
1561789803.5643866 26.19 95129.55
1561789863.6088922 26.18 95121.78
1561789923.6377974 26.21 95126.67
1561789983.6667027 26.21 95124.60
1561790043.6956084 26.20 95120.42
1561790103.7245138 26.23 95123.44
1561790163.7690194 26.18 95124.46
1561790223.7979245 26.17 95123.94
1561790283.8268301 26.18 95119.20
1561790343.8557355 26.13 95119.92
1561790403.884641 26.16 95117.28
1561790463.9291465 26.18 95120.67
1561790523.958052 26.11 95117.33
1561790583.9869573 26.19 95116.94
1561790644.0158627 26.22 95116.24
1561790704.0447683 26.21 95116.39
1561790764.0736737 26.23 95121.10
1561790824.118179 26.21 95121.75
1561790884.1470845 26.22 95119.56
1561790944.17599 26.27 95126.99
1561791004.2048955 26.21 95124.23
1561791064.2338006 26.19 95122.74
1561791124.2783062 26.17 95121.05
1561791184.3072119 26.17 95124.24
1561791244.3361173 26.15 95126.00
1561791304.3650227 26.16 95127.00
1561791364.393928 26.14 95127.55
1561791424.4384336 26.14 95126.53
1561791484.467339 26.14 95125.38
1561791544.4962444 26.15 95124.25
1561791604.5251496 26.17 95128.09
1561791664.5540555 26.14 95123.52
1561791724.5985608 26.14 95125.21
1561791784.627466 26.11 95123.60
1561791844.6563716 26.10 95124.21
1561791904.685277 26.10 95125.82
1561791964.7141824 26.12 95123.28
1561792024.7430878 26.09 95121.63
1561792084.7875934 26.12 95120.67
1561792144.8164988 26.13 95122.89
1561792204.8454041 26.14 95121.78
1561792264.8743095 26.13 95120.76
1561792324.9032152 26.12 95117.82
1561792384.9477208 26.13 95120.78
1561792444.976626 26.10 95124.21
1561792505.0055313 26.09 95121.80
1561792565.034437 26.07 95124.50
1561792625.0633423 26.16 95122.27
1561792685.0922477 26.15 95124.83
1561792745.136753 26.08 95122.67
1561792805.1656587 26.08 95124.69
1561792865.194564 26.13 95125.68
1561792925.2234695 26.17 95126.11
1561792985.252375 26.11 95128.52
1561793045.2968805 26.15 95126.44
1561793105.3257859 26.14 95127.05
1561793165.3546913 26.11 95124.83
1561793225.383597 26.07 95122.89
1561793285.412502 26.03 95125.67
1561793345.4570076 26.07 95124.50
1561793405.485913 26.13 95124.11
1561793465.5148187 26.13 95124.64
1561793525.5437238 26.13 95124.64
1561793585.5726292 26.10 95126.11
1561793645.6015346 26.06 95124.03
1561793705.6460402 26.11 95121.69
1561793765.6749458 26.07 95122.42
1561793825.703851 26.07 95128.46
1561793885.7327564 26.06 95126.82
1561793945.761662 26.11 95126.35
1561794005.8061674 26.13 95127.66
1561794065.835073 26.10 95125.82
1561794125.8639781 26.04 95127.71
1561794185.8928838 26.11 95126.35
1561794245.9217892 26.14 95127.22
1561794305.9662945 26.10 95127.83
1561794365.9952 26.08 95126.91
1561794426.0241055 26.13 95126.32
1561794486.053011 26.07 95124.16
1561794546.0819163 26.06 95128.90
1561794606.110822 26.05 95129.85
1561794666.1553273 26.04 95129.42
1561794726.1842327 26.06 95129.00
1561794786.213138 26.03 95133.89
1561794846.2420437 26.01 95128.67
1561794906.2709491 26.04 95128.28
1561794966.3154545 26.07 95127.58
1561795026.3443599 26.07 95126.91
1561795086.3732655 26.05 95128.27
1561795146.402171 26.05 95129.94
1561795206.431076 26.02 95129.67
1561795266.459982 26.03 95128.99
1561795326.5044873 26.11 95126.84
1561795386.5333927 26.04 95127.71
1561795446.562298 26.08 95125.67
1561795506.5912032 26.05 95124.49
1561795566.6201088 26.07 95122.72
1561795626.6646144 26.00 95119.57
1561795686.6935198 26.02 95121.63
1561795746.722425 26.06 95118.68
1561795806.7513306 26.08 95120.54
1561795866.780236 26.05 95120.46
1561795926.8091414 26.03 95118.47
1561795986.853647 25.99 95115.96
1561796046.8825524 25.96 95116.33
1561796106.9114578 25.96 95118.91
1561796166.9403632 26.00 95117.60
1561796226.9692688 26.01 95122.32
1561796287.0137742 25.97 95121.55
1561796347.0426795 26.02 95123.71
1561796407.071585 26.03 95124.17
1561796467.1004906 25.96 95124.88
1561796527.129396 26.06 95124.71
1561796587.158301 26.09 95125.08
1561796647.2028067 26.06 95127.22
1561796707.2317123 26.02 95133.50
1561796767.2606177 26.02 95130.98
1561796827.2895231 26.06 95131.64
1561796887.3184288 26.00 95137.71
1561796947.362934 25.97 95142.01
1561797007.3918395 25.97 95142.55
1561797067.420745 26.03 95141.99
1561797127.4496503 25.95 95142.91
1561797187.478556 25.98 95141.10
1561797247.507461 26.04 95142.96
1561797307.5519667 25.99 95144.61
1561797367.5808723 25.99 95144.51
1561797427.6097775 25.93 95141.49
1561797487.6386828 25.96 95142.77
1561797547.6675882 25.93 95143.42
1561797607.712094 25.93 95146.67
1561797667.7409995 25.94 95147.60
1561797727.7699046 25.95 95151.05
1561797787.79881 25.97 95149.22
1561797847.8277156 25.94 95149.21
1561797907.856621 25.93 95153.78
1561797967.9011264 25.94 95152.80
1561798027.9300318 25.96 95154.16
1561798087.9589374 25.94 95150.11
1561798147.9878428 26.01 95157.42
1561798208.0167482 26.03 95161.19
1561798268.0612535 26.04 95161.78
1561798328.0901592 26.04 95162.83
1561798388.1190646 26.07 95164.14
1561798448.14797 26.05 95166.30
1561798508.1768756 26.02 95161.64
1561798568.205781 25.96 95163.36
1561798628.2502863 26.02 95164.64
1561798688.2791917 25.99 95164.88
1561798748.3080974 25.99 95168.57
1561798808.3370025 25.93 95171.03
1561798868.3659081 25.91 95176.21
1561798928.4104135 25.92 95175.19
1561798988.4393191 25.96 95178.11
1561799048.4682245 25.85 95178.46
1561799108.4971297 25.88 95182.75
1561799168.5260353 25.89 95179.17
1561799228.5549407 25.90 95179.53
1561799288.5994463 25.85 95179.70
1561799348.6283514 25.95 95178.14
1561799408.6572573 25.91 95179.45
1561799468.6861625 25.96 95180.78
1561799528.7150679 25.91 95178.92
1561799588.7595735 25.90 95175.67
1561799648.7884786 25.89 95175.78
1561799708.8173842 25.92 95179.65
1561799768.8462896 25.87 95183.17
1561799828.875195 25.87 95181.27
1561799888.9041007 25.88 95184.10
1561799948.948606 25.95 95182.88
1561800008.9775114 25.92 95185.21
1561800069.0064168 25.95 95187.40
1561800129.0353224 25.90 95186.33
1561800189.0642278 25.95 95189.27
1561800249.1087332 25.96 95186.42
1561800309.1376386 25.86 95187.77
1561800369.1665442 25.89 95190.19
1561800429.1954496 25.90 95193.66
1561800489.224355 25.90 95192.42
1561800549.2532604 25.92 95195.29
1561800609.297766 25.92 95198.27
1561800669.3266714 25.94 95199.23
1561800729.3555765 25.94 95201.88
1561800789.3844824 25.96 95201.56
1561800849.4133875 25.92 95208.15
1561800909.442293 25.92 95205.81
1561800969.4867985 25.94 95208.60
1561801029.515704 25.95 95211.48
1561801089.5446093 25.96 95213.65
1561801149.5735147 25.92 95213.49
1561801209.6024203 25.90 95217.38
1561801269.646926 25.98 95214.94
1561801329.675831 25.87 95219.28
1561801389.7047365 25.90 95223.99
1561801449.733642 25.84 95223.49
1561801509.7625475 25.82 95226.88
1561801569.791453 25.75 95222.85
1561801629.8359582 25.74 95228.42
1561801689.8648636 25.75 95229.55
1561801749.8937693 25.71 95226.63
1561801809.9226747 25.72 95225.11
1561801869.95158 25.73 95229.22
1561801929.9960854 25.71 95228.14
1561801990.024991 25.72 95233.02
1561802050.0538964 25.82 95228.49
1561802110.0828018 25.74 95231.20
1561802170.1117074 25.69 95235.32
1561802230.1406126 25.74 95230.76
1561802290.1851182 25.75 95234.53
1561802350.2140236 25.76 95237.67
1561802410.2429292 25.77 95236.07
1561802470.2718346 25.77 95239.17
1561802530.3007398 25.79 95237.89
1561802590.3296454 25.74 95244.49
1561802650.374151 25.72 95241.78
1561802710.4030564 25.68 95244.57
1561802770.4319615 25.70 95245.75
1561802830.4608672 25.72 95243.86
1561802890.4897726 25.78 95249.19
1561802950.518678 25.73 95248.32
1561803010.5631835 25.77 95248.78
1561803070.592089 25.81 95248.73
1561803130.6209943 25.74 95254.10
1561803190.6498997 25.73 95252.84
1561803250.6788054 25.77 95254.32
1561803310.7077107 25.75 95253.96
1561803370.752216 25.73 95254.41
1561803430.7811215 25.74 95257.96
1561803490.8100271 25.72 95255.46
1561803550.8389325 25.69 95255.91
1561803610.8678377 25.68 95254.38
1561803670.8967435 25.65 95254.86
1561803730.9412487 25.67 95255.21
1561803790.9701543 25.65 95253.55
1561803850.9990597 25.70 95254.42
1561803911.0279648 25.65 95251.67
1561803971.0568705 25.70 95254.03
1561804031.0857759 25.72 95256.12
1561804091.1302814 25.69 95257.32
1561804151.1591866 25.68 95258.69
1561804211.1880922 25.66 95261.91
1561804271.2169976 25.69 95265.78
1561804331.245903 25.72 95262.62
1561804391.2748086 25.70 95265.03
1561804451.319314 25.77 95267.54
1561804511.3482194 25.73 95264.79
1561804571.3771248 25.74 95265.25
1561804631.4060304 25.68 95265.66
1561804691.4349358 25.71 95262.63
1561804751.4794412 25.71 95265.61
1561804811.5083466 25.69 95266.42
1561804871.5372522 25.69 95266.13
1561804931.5661576 25.67 95266.00
1561804991.595063 25.71 95267.28
1561805051.6239686 25.78 95271.80
1561805111.668474 25.73 95273.57
1561805171.6973794 25.81 95272.00
1561805231.7262847 25.75 95276.10
1561805291.7551904 25.72 95277.56
1561805351.7840955 25.72 95281.57
1561805411.813001 25.69 95281.09
1561805471.8575065 25.67 95283.21
1561805531.8864117 25.72 95287.44
1561805591.9153175 25.72 95287.77
1561805651.9442227 25.75 95291.17
1561805711.973128 25.81 95292.61
1561805772.0020337 25.72 95288.85
1561805832.046539 25.75 95293.82
1561805892.0754445 25.79 95296.71
1561805952.1043499 25.80 95295.19
1561806012.1332555 25.79 95297.67
1561806072.1621609 25.76 95300.61
1561806132.2066662 25.79 95303.03
1561806192.2355716 25.86 95301.85
1561806252.2644773 25.82 95304.46
1561806312.2933826 25.85 95306.69
1561806372.322288 25.80 95310.94
1561806432.3511937 25.85 95315.23
1561806492.395699 25.91 95313.32
1561806552.4246044 25.86 95313.67
1561806612.4535098 25.86 95314.46
1561806672.4824154 25.83 95313.36
1561806732.5113206 25.81 95313.71
1561806792.5402262 25.88 95308.35
1561806852.5847316 25.89 95308.91
1561806912.6136372 25.92 95307.11
1561806972.6425426 25.88 95306.00
1561807032.6714478 25.93 95306.24
1561807092.7003534 25.88 95304.79
1561807152.7292588 25.92 95305.80
1561807212.7737644 25.89 95306.09
1561807272.8026698 25.92 95301.45
1561807332.8315752 25.89 95305.63
1561807392.8604805 25.92 95303.06
1561807452.889386 25.98 95303.25
1561807512.9338915 25.94 95302.71
1561807572.9627967 25.96 95306.92
1561807632.9917023 25.95 95306.63
1561807693.0206077 26.03 95309.19
1561807753.049513 25.93 95304.86
1561807813.0784187 25.93 95310.76
1561807873.122924 25.95 95313.32
1561807933.1518295 25.93 95310.92
1561807993.1807349 26.00 95313.75
1561808053.2096405 25.92 95321.08
1561808113.238546 25.96 95317.64
1561808173.2674513 25.92 95318.17
1561808233.3119566 25.90 95322.74
1561808293.3408623 25.97 95319.34
1561808353.3697677 25.97 95321.96
1561808413.3986728 26.02 95322.66
1561808473.4275787 25.99 95323.58
1561808533.472084 25.93 95326.34
1561808593.5009894 25.97 95322.46
1561808653.5298948 25.98 95327.35
1561808713.5588002 25.95 95330.75
1561808773.5877056 25.96 95328.46
1561808833.616611 26.02 95331.60
1561808893.6611166 26.02 95329.32
1561808953.690022 25.99 95332.16
1561809013.7189274 26.00 95334.03
1561809073.7478328 26.01 95333.92
1561809133.7767384 25.99 95336.99
1561809193.821244 26.02 95334.11
1561809253.8501492 26.04 95332.53
1561809313.8790545 26.02 95336.07
1561809373.9079602 26.03 95329.61
1561809433.9368656 26.08 95328.56
1561809493.965771 26.11 95334.60
1561809554.0102763 26.06 95335.80
1561809614.0391817 26.02 95339.71
1561809674.0680873 26.02 95338.21
1561809734.0969927 26.03 95340.78
1561809794.1258981 26.01 95338.17
1561809854.1548038 25.99 95340.77
1561809914.199309 26.02 95347.42
1561809974.2282145 26.08 95343.86
1561810034.25712 26.10 95344.75
1561810094.2860255 26.15 95342.55
1561810154.3149307 26.16 95342.14
1561810214.3594363 26.21 95338.75
1561810274.3883417 26.16 95338.75
1561810334.417247 26.26 95337.14
1561810394.4461527 26.16 95340.26
1561810454.4750578 26.16 95341.97
1561810514.5195634 26.23 95341.32
1561810574.548469 26.21 95344.35
1561810634.5773742 26.25 95345.30
1561810694.6062796 26.23 95346.99
1561810754.6351852 26.22 95347.50
1561810814.6796908 26.18 95346.08
1561810874.7085962 26.16 95348.03
1561810934.7375014 26.17 95351.05
1561810994.766407 26.21 95349.28
1561811054.7953124 26.16 95347.03
1561811114.839818 26.14 95348.05
1561811174.8687232 26.08 95348.02
1561811234.8976288 26.08 95348.16
1561811294.9265342 26.18 95351.27
1561811354.9554396 26.16 95354.21
1561811414.9843452 26.25 95351.63
1561811475.0288503 26.22 95354.30
1561811535.057756 26.20 95353.50
1561811595.0866613 26.19 95357.30
1561811655.1155667 26.17 95356.85
1561811715.1444724 26.18 95358.11
1561811775.1889777 26.18 95360.72
1561811835.217883 26.15 95365.33
1561811895.2467885 26.16 95363.55
1561811955.2756941 26.19 95364.21
1561812015.3045995 26.13 95363.57
1561812075.349105 26.14 95365.25
1561812135.3780103 26.21 95365.53
1561812195.406916 26.21 95363.86
1561812255.4358213 26.16 95366.64
1561812315.4647267 26.16 95365.10
1561812375.509232 26.09 95364.00
1561812435.5381377 26.12 95362.61
1561812495.567043 26.11 95365.69
1561812555.5959482 26.04 95366.21
1561812615.624854 26.04 95364.77
1561812675.6537592 26.07 95364.64
1561812735.6982648 26.07 95367.26
1561812795.7271702 26.12 95368.30
1561812855.7560756 26.13 95364.85
1561812915.784981 26.11 95366.77
1561812975.8138864 26.07 95364.82
1561813035.858392 26.12 95363.49
1561813095.8872974 26.10 95363.86
1561813155.9162028 26.16 95364.83
1561813215.9451082 26.15 95361.49
1561813275.9740138 26.15 95358.47
1561813336.0185194 26.11 95358.76
1561813396.0474246 26.12 95354.73
1561813456.07633 26.18 95353.59
1561813516.1052353 26.22 95353.70
1561813576.134141 26.21 95352.57
1561813636.1630464 26.24 95353.46
1561813696.2075517 26.17 95345.78
1561813756.236457 26.18 95345.88
1561813816.2653627 26.11 95345.49
1561813876.2942681 26.09 95344.22
1561813936.3231733 26.14 95340.34
1561813996.3676789 26.06 95339.49
1561814056.3965845 26.14 95340.71
1561814116.42549 26.18 95338.27
1561814176.4543953 26.21 95339.05
1561814236.483301 26.21 95336.98
1561814296.5278063 26.21 95338.32
1561814356.5567117 26.32 95332.78
1561814416.585617 26.25 95334.47
1561814476.6145227 26.19 95334.11
1561814536.643428 26.20 95336.05
1561814596.6723332 26.16 95336.44
1561814656.7168388 26.16 95332.96
1561814716.7457445 26.15 95335.71
1561814776.7746496 26.24 95331.42
1561814836.8035553 26.22 95337.27
1561814896.8324606 26.25 95333.47
1561814956.8769662 26.23 95329.02
1561815016.9058716 26.19 95331.19
1561815076.9347768 26.14 95331.96
1561815136.9636824 26.18 95329.46
1561815196.9925878 26.19 95323.55
1561815257.0370934 26.22 95327.22
1561815317.0659986 26.13 95324.53
1561815377.094904 26.16 95321.42
1561815437.1238096 26.28 95321.07
1561815497.152715 26.28 95317.82
1561815557.1972206 26.25 95316.50
1561815617.2261257 26.17 95314.92
1561815677.2550313 26.16 95311.38
1561815737.2839367 26.22 95310.06
1561815797.3128421 26.26 95305.14
1561815857.3417478 26.30 95306.27
1561815917.386253 26.28 95301.13
1561815977.4151585 26.29 95293.17
1561816037.444064 26.35 95296.11
1561816097.4729695 26.23 95297.25
1561816157.5018747 26.32 95293.50
1561816217.5463803 26.41 95294.13
1561816277.5752857 26.41 95290.74
1561816337.6041913 26.36 95283.10
1561816397.6330967 26.35 95287.17
1561816457.6620018 26.36 95286.35
1561816517.7065074 26.34 95280.57
1561816577.735413 26.35 95275.83
1561816637.7643185 26.35 95277.14
1561816697.7932236 26.40 95272.94
1561816757.8221292 26.45 95273.40
1561816817.8666348 26.45 95272.33
1561816877.8955402 26.47 95265.94
1561816937.9244456 26.43 95265.24
1561816997.953351 26.47 95267.55
1561817057.9822564 26.41 95264.75
1561817118.026762 26.47 95265.00
1561817178.0556672 26.45 95259.49
1561817238.0845726 26.49 95260.22
1561817298.1134782 26.54 95258.81
1561817358.1423836 26.43 95256.72
1561817418.1868892 26.43 95254.61
1561817478.2157948 26.42 95252.00
1561817538.2447 26.49 95250.43
1561817598.2736053 26.47 95247.13
1561817658.3025107 26.52 95245.85
1561817718.347016 26.49 95249.08
1561817778.375922 26.52 95244.00
1561817838.404827 26.48 95243.60
1561817898.4337325 26.45 95245.91
1561817958.478238 26.47 95243.38
1561818018.5071435 26.44 95244.17
1561818078.536049 26.46 95239.16
1561818138.5649543 26.51 95239.32
1561818198.59386 26.54 95239.35
1561818258.6383653 26.55 95236.76
1561818318.6672707 26.50 95234.80
1561818378.696176 26.52 95235.72
1561818438.7250817 26.45 95232.06
1561818498.753987 26.50 95231.61
1561818558.7984924 26.46 95226.82
1561818618.8273978 26.44 95223.96
1561818678.8563035 26.52 95212.41
1561818738.8852088 26.48 95215.82
1561818798.9141142 26.37 95214.74
1561818858.9586196 26.40 95213.50
1561818918.9875252 26.48 95206.82
1561818979.0164306 26.39 95208.52
1561819039.045336 26.46 95199.42
1561819099.0742412 26.48 95201.25
1561819159.118747 26.52 95192.57
1561819219.1476524 26.47 95194.80
1561819279.1765578 26.45 95187.44
1561819339.2054634 26.38 95191.07
1561819399.2343686 26.45 95192.66
1561819459.2788742 26.46 95188.97
1561819519.3077796 26.44 95188.89
1561819579.336685 26.45 95186.44
1561819639.3655906 26.48 95185.30
1561819699.3944957 26.45 95184.09
1561819759.4390013 26.39 95184.92
1561819819.4679067 26.35 95184.28
1561819879.4968123 26.37 95183.06
1561819939.5257175 26.38 95177.92
1561819999.554623 26.33 95186.25
1561820059.5991285 26.36 95179.82
1561820119.6280339 26.38 95178.32
1561820179.6569395 26.36 95176.13
1561820239.6858447 26.39 95172.99
1561820299.7303503 26.34 95171.63
1561820359.759256 26.37 95172.90
1561820419.7881613 26.33 95166.41
1561820479.8170664 26.41 95169.25
1561820539.845972 26.39 95166.14
1561820599.8904777 26.40 95165.17
1561820659.9193828 26.39 95161.75
1561820719.9482884 26.32 95159.14
1561820779.9771938 26.30 95158.80
1561820840.0060992 26.31 95159.19
1561820900.0506048 26.27 95155.24
1561820960.07951 26.28 95154.75
1561821020.1084156 26.40 95156.11
1561821080.137321 26.33 95152.16
1561821140.1662264 26.29 95149.32
1561821200.2107317 26.36 95152.50
1561821260.2396371 26.36 95151.32
1561821320.2685428 26.41 95147.46
1561821380.2974482 26.34 95138.10
1561821440.3263535 26.32 95138.80
1561821500.370859 26.34 95139.94
1561821560.3997645 26.32 95138.36
1561821620.42867 26.36 95140.76
1561821680.4575753 26.35 95136.66
1561821740.486481 26.42 95132.63
1561821800.5309863 26.41 95133.27
1561821860.5598917 26.40 95131.43
1561821920.588797 26.34 95124.60
1561821980.6177027 26.30 95122.86
1561822040.6466079 26.31 95119.43
1561822100.6755135 26.30 95115.32
1561822160.7200189 26.34 95118.57
1561822220.7489245 26.31 95116.78
1561822280.77783 26.28 95113.46
1561822340.806735 26.35 95104.21
1561822400.8356407 26.31 95104.55
1561822460.8801463 26.31 95098.25
1561822520.9090517 26.33 95104.52
1561822580.937957 26.31 95100.69
1561822640.9668624 26.35 95096.57
1561822700.9957678 26.30 95095.04
1561822761.0402734 26.31 95094.00
1561822821.0691788 26.32 95091.39
1561822881.0980842 26.30 95083.99
1561822941.1269896 26.31 95088.19
1561823001.155895 26.29 95080.30
1561823061.2004004 26.31 95080.21
1561823121.2293062 26.34 95076.16
1561823181.2582114 26.36 95076.39
1561823241.2871168 26.35 95079.13
1561823301.3160222 26.29 95078.77
1561823361.3605275 26.27 95077.98
1561823421.3894331 26.31 95072.37
1561823481.4183385 26.29 95071.19
1561823541.447244 26.31 95068.65
1561823601.4761496 26.33 95064.00
1561823661.5206552 26.38 95065.63
1561823721.5495603 26.36 95060.64
1561823781.5784657 26.36 95060.82
1561823841.6073713 26.42 95056.46
1561823901.6362767 26.41 95055.05
1561823961.680782 26.38 95050.38
1561824021.7096875 26.30 95053.45
1561824081.738593 26.27 95047.64
1561824141.7674985 26.27 95050.33
1561824201.796404 26.27 95047.08
1561824261.8409092 26.23 95047.16
1561824321.8698149 26.24 95048.19
1561824381.8987203 26.27 95044.47
1561824441.9276257 26.34 95042.07
1561824501.9565313 26.36 95038.57
1561824562.0010366 26.38 95033.51
1561824622.029942 26.41 95038.33
1561824682.0588474 26.39 95033.71
1561824742.087753 26.38 95032.78
1561824802.1166582 26.33 95033.07
1561824862.1611638 26.28 95028.13
1561824922.1900692 26.29 95028.18
1561824982.2189748 26.31 95026.58
1561825042.2478802 26.34 95025.21
1561825102.2767854 26.37 95023.96
1561825162.321291 26.37 95021.11
1561825222.3501964 26.35 95017.46
1561825282.3791018 26.40 95018.50
1561825342.4080074 26.39 95023.07
1561825402.4369125 26.34 95020.78
1561825462.4814181 26.31 95018.88
1561825522.5103238 26.37 95017.03
1561825582.539229 26.36 95014.39
1561825642.5681343 26.36 95014.49
1561825702.59704 26.42 95013.78
1561825762.6415455 26.33 95009.50
1561825822.6704507 26.37 95008.25
1561825882.699356 26.37 95009.75
1561825942.7282617 26.34 95010.05
1561826002.757167 26.32 95005.80
1561826062.8016727 26.25 95003.67
1561826122.8305779 26.27 95004.35
1561826182.8594835 26.29 95001.75
1561826242.8883889 26.26 94997.92
1561826302.9172943 26.26 95000.21
1561826362.9617996 26.42 94996.35
1561826422.9907053 26.38 94999.72
1561826483.0196106 26.40 94996.84
1561826543.048516 26.35 94998.56
1561826603.0774217 26.30 94994.13
1561826663.121927 26.36 94993.11
1561826723.1508324 26.43 94993.38
1561826783.1797378 26.41 94992.10
1561826843.2086434 26.39 94992.39
1561826903.2375488 26.40 94988.57
1561826963.2820542 26.41 94992.41
1561827023.3109596 26.38 94989.39
1561827083.339865 26.34 94987.42
1561827143.3687706 26.33 94983.19
1561827203.3976758 26.31 94984.46
1561827263.4421813 26.30 94982.33
1561827323.4710867 26.26 94976.75
1561827383.4999924 26.25 94975.92
1561827443.5288978 26.36 94971.52
1561827503.557803 26.35 94964.42
1561827563.6023085 26.37 94969.19
1561827623.6312141 26.32 94964.91
1561827683.6601195 26.29 94968.67
1561827743.689025 26.37 94966.52
1561827803.7179303 26.40 94959.33
1561827863.762436 26.42 94958.47
1561827923.7913413 26.37 94961.66
1561827983.8202467 26.41 94957.11
1561828043.849152 26.35 94956.96
1561828103.8780575 26.35 94951.69
1561828163.922563 26.32 94950.16
1561828223.9514682 26.32 94944.52
1561828283.980374 26.34 94942.86
1561828344.0092793 26.44 94944.06
1561828404.0381846 26.41 94942.86
1561828464.0826902 26.38 94943.17
1561828524.1115956 26.35 94941.57
1561828584.140501 26.42 94940.19
1561828644.1694064 26.44 94935.47
1561828704.198312 26.40 94936.36
1561828764.2428172 26.41 94941.18
1561828824.2717228 26.45 94941.37
1561828884.3006282 26.38 94941.16
1561828944.3295336 26.38 94938.58
1561829004.3584392 26.43 94938.88
1561829064.4029446 26.38 94938.54
1561829124.43185 26.40 94936.94
1561829184.4607553 26.47 94932.63
1561829244.489661 26.45 94932.27
1561829304.5185664 26.39 94932.29
1561829364.5630717 26.48 94931.53
1561829424.5919771 26.40 94931.31
1561829484.6208827 26.40 94929.83
1561829544.6497881 26.37 94924.45
1561829604.6786935 26.34 94923.38
1561829664.723199 26.39 94919.55
1561829724.7521045 26.31 94920.50
1561829784.78101 26.27 94918.85
1561829844.8099153 26.25 94921.16
1561829904.838821 26.30 94918.14
1561829964.8833263 26.34 94917.55
1561830024.9122317 26.33 94918.00
1561830084.941137 26.34 94916.55
1561830144.9700427 26.30 94917.64
1561830204.998948 26.28 94917.00
1561830265.0434535 26.34 94911.35
1561830325.0723588 26.30 94910.76
1561830385.1012645 26.31 94912.16
1561830445.1301696 26.33 94900.44
1561830505.1590753 26.31 94902.74
1561830565.2035806 26.35 94902.53
1561830625.2324862 26.34 94900.96
1561830685.2613916 26.34 94898.62
1561830745.2902968 26.41 94898.78
1561830805.3192024 26.39 94897.10
1561830865.363708 26.36 94898.41
1561830925.3926134 26.39 94895.79
1561830985.4215186 26.38 94893.35
1561831045.450424 26.36 94893.38
1561831105.4793296 26.34 94891.53
1561831165.523835 26.38 94891.38
1561831225.5527406 26.42 94891.35
1561831285.5816457 26.53 94888.48
1561831345.6105514 26.47 94885.38
1561831405.6394567 26.44 94889.21
1561831465.683962 26.43 94888.78
1561831525.7128675 26.48 94885.26
1561831585.7417731 26.45 94886.58
1561831645.7706785 26.43 94884.10
1561831705.799584 26.43 94880.08
1561831765.8440893 26.39 94883.53
1561831825.872995 26.38 94886.25
1561831885.9019003 26.44 94881.27
1561831945.9308057 26.42 94881.80
1561832005.9597113 26.46 94877.59
1561832066.0042167 26.44 94878.46
1561832126.033122 26.50 94880.31
1561832186.0620275 26.44 94875.00
1561832246.090933 26.48 94878.77
1561832306.1198385 26.50 94878.17
1561832366.1643438 26.43 94880.82
1561832426.1932492 26.41 94880.52
1561832486.2221549 26.53 94879.09
1561832546.2510602 26.52 94881.58
1561832606.2799656 26.48 94879.27
1561832666.324471 26.45 94884.00
1561832726.3533766 26.41 94880.67
1561832786.382282 26.45 94880.58
1561832846.4111874 26.46 94884.36
1561832906.4400926 26.40 94881.97
1561832966.4845982 26.36 94882.83
1561833026.5135038 26.42 94883.72
1561833086.5424092 26.42 94881.91
1561833146.5713146 26.44 94881.14
1561833206.60022 26.40 94880.19
1561833266.6447256 26.38 94883.91
1561833326.673631 26.42 94886.90
1561833386.702536 26.38 94880.55
1561833446.731442 26.41 94885.98
1561833506.7603471 26.38 94886.08
1561833566.8048527 26.38 94881.96
1561833626.833758 26.44 94883.38
1561833686.8626635 26.43 94880.88
1561833746.891569 26.48 94882.41
1561833806.9204743 26.48 94879.27
1561833866.96498 26.51 94883.82
1561833926.9938853 26.41 94886.21
1561833987.0227907 26.46 94887.24
1561834047.051696 26.47 94884.92
1561834107.0962017 26.52 94885.74
1561834167.1251073 26.52 94883.76
1561834227.1540124 26.47 94884.21
1561834287.1829178 26.53 94880.71
1561834347.2118235 26.44 94880.66
1561834407.2563288 26.41 94883.09
1561834467.2852342 26.39 94878.53
1561834527.3141396 26.42 94880.13
1561834587.3430452 26.38 94880.45
1561834647.3719506 26.33 94877.54
1561834707.416456 26.34 94875.82
1561834767.4453614 26.30 94877.52
1561834827.4742668 26.36 94879.24
1561834887.5031724 26.35 94874.71
1561834947.5320778 26.36 94872.64
1561835007.5765831 26.34 94873.94
1561835067.6054885 26.36 94875.32
1561835127.6343942 26.46 94871.88
1561835187.6632996 26.46 94871.78
1561835247.692205 26.48 94871.50
1561835307.7367103 26.50 94873.93
1561835367.765616 26.46 94872.96
1561835427.7945213 26.42 94869.67
1561835487.8234267 26.44 94869.41
1561835547.8523324 26.44 94871.94
1561835607.8968377 26.46 94868.20
1561835667.925743 26.51 94870.51
1561835727.9546485 26.50 94870.13
1561835787.9835541 26.49 94869.74
1561835848.0124595 26.43 94869.17
1561835908.0569649 26.44 94867.13
1561835968.0858703 26.41 94869.07
1561836028.114776 26.44 94866.75
1561836088.1436813 26.44 94865.68
1561836148.1725864 26.42 94865.82
1561836208.217092 26.47 94868.61
1561836268.2459977 26.49 94866.61
1561836328.2749028 26.44 94863.21
1561836388.3038085 26.39 94863.42
1561836448.3327138 26.39 94867.36
1561836508.3772194 26.36 94869.10
1561836568.4061248 26.41 94865.71
1561836628.43503 26.42 94866.38
1561836688.4639354 26.46 94865.19
1561836748.492841 26.51 94865.82
1561836808.5373466 26.52 94863.45
1561836868.5662518 26.48 94863.85
1561836928.5951571 26.42 94869.80
1561836988.6240628 26.46 94870.11
1561837048.6529682 26.48 94873.33
1561837108.6974738 26.46 94871.49
1561837168.726379 26.47 94872.35
1561837228.7552845 26.48 94875.35
1561837288.78419 26.55 94869.33
1561837348.8130953 26.50 94872.14
1561837408.857601 26.51 94874.36
1561837468.8865063 26.49 94873.41
1561837528.9154117 26.49 94865.94
1561837588.944317 26.47 94868.76
1561837648.9732227 26.52 94873.94
1561837709.017728 26.54 94864.35
1561837769.0466335 26.50 94870.02
1561837829.0755389 26.46 94865.96
1561837889.1044445 26.49 94868.99
1561837949.1489499 26.46 94867.60
1561838009.1778553 26.51 94864.53
1561838069.2067606 26.50 94860.86
1561838129.2356663 26.45 94861.10
1561838189.2645717 26.55 94859.88
1561838249.309077 26.51 94861.75
1561838309.3379824 26.43 94861.94
1561838369.366888 26.49 94861.35
1561838429.3957934 26.50 94859.89
1561838489.4246988 26.44 94863.60
1561838549.4692042 26.41 94863.32
1561838609.4981096 26.49 94860.17
1561838669.5270152 26.61 94857.40
1561838729.5559206 26.59 94861.25
1561838789.5848262 26.61 94860.63
1561838849.6293314 26.52 94858.52
1561838909.658237 26.55 94863.00
1561838969.6871424 26.54 94858.65
1561839029.7160478 26.47 94860.28
1561839089.7449532 26.44 94861.70
1561839149.7894588 26.54 94859.13
1561839209.8183641 26.63 94860.63
1561839269.8472693 26.54 94859.49
1561839329.8761752 26.60 94858.57
1561839389.9050803 26.56 94862.01
1561839449.949586 26.48 94867.93
1561839509.9784913 26.50 94867.80
1561839570.0073967 26.49 94863.20
1561839630.036302 26.46 94868.47
1561839690.0652075 26.42 94867.49
1561839750.109713 26.47 94868.28
1561839810.1386187 26.40 94871.24
1561839870.1675239 26.46 94871.88
1561839930.1964293 26.45 94872.33
1561839990.225335 26.51 94868.18
1561840050.2698405 26.46 94870.89
1561840110.2987456 26.46 94875.34
1561840170.327651 26.41 94873.81
1561840230.3565567 26.47 94873.63
1561840290.385462 26.49 94877.94
1561840350.4299676 26.49 94880.46
1561840410.4588728 26.46 94880.87
1561840470.4877782 26.49 94881.13
1561840530.5166838 26.52 94883.60
1561840590.5455892 26.46 94883.63
1561840650.5900946 26.44 94885.17
1561840710.619 26.45 94883.22
1561840770.6479056 26.45 94882.43
1561840830.676811 26.44 94883.82
1561840890.7057164 26.43 94883.44
1561840950.7502217 26.44 94884.46
1561841010.7791274 26.45 94886.52
1561841070.8080328 26.50 94889.13
1561841130.8369381 26.42 94889.08
1561841190.8658438 26.47 94887.93
1561841250.9103491 26.45 94890.82
1561841310.9392545 26.52 94891.44
1561841370.96816 26.46 94889.56
1561841430.9970655 26.47 94886.92
1561841491.0259707 26.50 94891.27
1561841551.0704763 26.54 94893.16
1561841611.0993817 26.48 94892.85
1561841671.1282873 26.47 94891.07
1561841731.1571927 26.51 94894.32
1561841791.1860979 26.44 94895.11
1561841851.2306035 26.47 94897.99
1561841911.259509 26.43 94897.01
1561841971.2884145 26.48 94899.34
1561842031.3173196 26.49 94899.41
1561842091.3462253 26.44 94898.91
1561842151.3907309 26.50 94902.81
1561842211.4196362 26.50 94903.27
1561842271.4485416 26.51 94904.27
1561842331.4774468 26.57 94900.52
1561842391.5063524 26.56 94903.19
1561842451.550858 26.58 94898.56
1561842511.5797632 26.55 94906.32
1561842571.6086686 26.47 94907.44
1561842631.6375742 26.44 94909.25
1561842691.6664796 26.45 94911.83
1561842751.7109852 26.45 94912.94
1561842811.7398903 26.45 94912.53
1561842871.768796 26.50 94915.40
1561842931.7977014 26.45 94916.06
1561842991.8266068 26.41 94917.51
1561843051.871112 26.46 94915.47
1561843111.9000177 26.46 94914.03
1561843171.9289231 26.49 94915.15
1561843231.9578285 26.48 94913.57
1561843291.9867342 26.43 94913.00
1561843352.0312395 26.46 94914.73
1561843412.060145 26.49 94913.21
1561843472.0890503 26.55 94914.21
1561843532.117956 26.51 94909.19
1561843592.1468613 26.51 94911.08
1561843652.1913667 26.52 94910.42
1561843712.220272 26.50 94910.21
1561843772.2491777 26.51 94913.11
1561843832.278083 26.43 94916.61
1561843892.3069885 26.47 94915.25
1561843952.3514938 26.43 94915.96
1561844012.3803995 26.50 94919.13
1561844072.4093049 26.46 94917.25
1561844132.4382102 26.44 94922.03
1561844192.4671159 26.44 94922.67
1561844252.5116212 26.46 94924.35
1561844312.5405266 26.43 94929.02
1561844372.569432 26.43 94930.86
1561844432.5983372 26.42 94934.66
1561844492.627243 26.46 94937.26
1561844552.6717484 26.49 94936.38
1561844612.7006538 26.46 94934.98
1561844672.7295592 26.46 94933.74
1561844732.7584646 26.47 94934.47
1561844792.78737 26.45 94936.47
1561844852.8318756 26.45 94935.00
1561844912.860781 26.47 94936.82
1561844972.8896866 26.46 94937.86
1561845032.9185917 26.45 94937.67
1561845092.9474971 26.47 94935.43
1561845152.9920027 26.46 94937.02
1561845213.0209084 26.51 94936.91
1561845273.0498135 26.44 94940.10
1561845333.078719 26.41 94936.43
1561845393.1076245 26.42 94941.97
1561845453.15213 26.44 94942.44
1561845513.1810355 26.46 94941.52
1561845573.2099407 26.45 94943.21
1561845633.2388463 26.42 94945.22
1561845693.2677517 26.35 94945.32
1561845753.312257 26.39 94943.03
1561845813.3411624 26.42 94947.78
1561845873.370068 26.46 94948.59
1561845933.3989735 26.48 94947.22
1561845993.4278789 26.43 94948.46
1561846053.4723842 26.38 94951.11
1561846113.5012898 26.44 94952.74
1561846173.5301952 26.44 94953.05
1561846233.5591006 26.41 94957.21
1561846293.5880063 26.51 94956.13
1561846353.6325114 26.56 94960.01
1561846413.661417 26.51 94958.69
1561846473.6903224 26.53 94958.82
1561846533.7192278 26.56 94959.14
1561846593.7481334 26.51 94957.67
1561846653.7926388 26.46 94963.14
1561846713.8215442 26.47 94960.00
1561846773.8504496 26.46 94964.32
1561846833.8793552 26.49 94963.60
1561846893.9082606 26.48 94964.21
1561846953.952766 26.47 94965.33
1561847013.9816713 26.44 94965.52
1561847074.010577 26.40 94967.21
1561847134.0394824 26.44 94968.97
1561847194.0683875 26.44 94963.24
1561847254.112893 26.43 94965.46
1561847314.1417987 26.40 94975.58
1561847374.170704 26.44 94970.87
1561847434.1996095 26.50 94969.82
1561847494.228515 26.49 94969.71
1561847554.2730205 26.53 94971.19
1561847614.301926 26.49 94967.02
1561847674.330831 26.49 94972.32
1561847734.3597367 26.49 94976.10
1561847794.388642 26.53 94974.82
1561847854.4331477 26.49 94973.39
1561847914.462053 26.49 94974.66
1561847974.4909585 26.46 94973.46
1561848034.5198638 26.47 94975.05
1561848094.5487692 26.47 94975.87
1561848154.5932748 26.43 94973.24
1561848214.62218 26.45 94976.69
1561848274.6510856 26.46 94979.83
1561848334.679991 26.50 94973.44
1561848394.7088964 26.42 94980.10
1561848454.753402 26.39 94981.17
1561848514.7823074 26.44 94979.03
1561848574.8112128 26.48 94979.63
1561848634.8401182 26.43 94977.36
1561848694.8690238 26.47 94980.19
1561848754.9135292 26.49 94979.85
1561848814.9424345 26.51 94975.52
1561848874.97134 26.51 94981.82
1561848935.0002456 26.48 94982.75
1561848995.029151 26.52 94983.08
1561849055.0736563 26.48 94984.27
1561849115.1025617 26.51 94985.13
1561849175.1314673 26.46 94985.47
1561849235.1603727 26.48 94986.44
1561849295.1892781 26.49 94986.16
1561849355.2337835 26.47 94989.01
1561849415.262689 26.44 94988.71
1561849475.2915945 26.48 94988.66
1561849535.3205 26.48 94989.00
1561849595.3494053 26.52 94989.51
1561849655.393911 26.53 94985.03
1561849715.4228163 26.43 94991.53
1561849775.4517217 26.51 94990.39
1561849835.4806273 26.53 94987.66
1561849895.5095325 26.51 94988.36
1561849955.554038 26.56 94983.11
1561850015.5829434 26.47 94991.92
1561850075.611849 26.47 94994.64
1561850135.6407542 26.44 94993.64
1561850195.6696596 26.42 94995.28
1561850255.7141652 26.50 94995.67
1561850315.7430706 26.54 94990.08
1561850375.7719762 26.52 94991.63
1561850435.8008814 26.55 94994.67
1561850495.8297868 26.49 95000.21
1561850555.8586924 26.48 95000.40
1561850615.9031978 26.51 95000.49
1561850675.9321034 26.47 95006.38
1561850735.9610085 26.47 95004.03
1561850795.9899142 26.48 95009.81
1561850856.0188196 26.46 95005.32
1561850916.063325 26.53 95012.92
1561850976.0922303 26.51 95010.34
1561851036.121136 26.55 95017.96
1561851096.1500413 26.48 95015.49
1561851156.1789467 26.49 95013.66
1561851216.223452 26.45 95013.67
1561851276.2523577 26.49 95015.97
1561851336.281263 26.50 95013.44
1561851396.3101685 26.46 95014.37
1561851456.3390741 26.41 95011.35
1561851516.3835795 26.42 95014.12
1561851576.412485 26.45 95016.32
1561851636.4413903 26.46 95014.13
1561851696.470296 26.46 95013.42
1561851756.4992013 26.45 95013.17
1561851816.5437067 26.43 95015.41
1561851876.572612 26.49 95012.88
1561851936.6015177 26.44 95018.75
1561851996.6304228 26.44 95015.76
1561852056.6593285 26.43 95016.08
1561852116.7038338 26.45 95018.77
1561852176.7327392 26.47 95015.60
1561852236.7616448 26.45 95018.71
1561852296.79055 26.43 95017.53
1561852356.8194554 26.43 95015.33
1561852416.863961 26.41 95017.57
1561852476.8928666 26.49 95014.46
1561852536.9217718 26.53 95016.78
1561852596.9506774 26.53 95017.72
1561852656.9795828 26.46 95016.78
1561852717.0240884 26.48 95019.17
1561852777.0529938 26.50 95019.78
1561852837.081899 26.53 95022.86
