1561852897.1108046 26.51 95016.41
1561852957.13971 26.50 95020.00
1561853017.1842155 26.48 95021.38
1561853077.213121 26.48 95023.83
1561853137.2420263 26.55 95022.26
1561853197.2709317 26.53 95026.57
1561853257.299837 26.53 95029.97
1561853317.3443427 26.45 95033.02
1561853377.373248 26.40 95026.34
1561853437.4021535 26.40 95028.35
1561853497.431059 26.41 95033.33
1561853557.4599645 26.45 95032.17
1561853617.50447 26.43 95032.24
1561853677.5333753 26.42 95038.96
1561853737.5622807 26.42 95034.24
1561853797.5911863 26.46 95035.59
1561853857.6200917 26.43 95032.17
1561853917.648997 26.47 95030.91
1561853977.6935024 26.45 95034.69
1561854037.7224078 26.43 95034.75
1561854097.7513134 26.41 95034.64
1561854157.7802188 26.45 95033.96
1561854217.809124 26.50 95033.63
1561854277.8536296 26.45 95031.40
1561854337.8825352 26.47 95035.24
1561854397.9114406 26.41 95031.02
1561854457.940346 26.40 95030.70
1561854517.9692514 26.41 95028.74
1561854578.013757 26.44 95032.28
1561854638.0426624 26.41 95029.75
1561854698.0715678 26.45 95031.24
1561854758.1004732 26.53 95032.42
1561854818.1293786 26.50 95032.28
1561854878.1738842 26.50 95030.54
1561854938.2027893 26.51 95032.45
1561854998.2316952 26.48 95033.88
1561855058.2606003 26.49 95030.99
1561855118.2895057 26.44 95029.37
1561855178.3340113 26.46 95031.30
1561855238.3629167 26.48 95029.63
1561855298.391822 26.50 95032.52
1561855358.4207275 26.53 95038.14
1561855418.4496331 26.49 95035.75
1561855478.4941387 26.42 95037.91
1561855538.5230439 26.40 95040.96
1561855598.5519493 26.40 95037.40
1561855658.580855 26.46 95040.85
1561855718.6097603 26.48 95038.64
1561855778.6542656 26.48 95042.21
1561855838.6831713 26.45 95044.35
1561855898.7120764 26.45 95044.42
1561855958.740982 26.39 95047.14
1561856018.7698874 26.40 95045.99
1561856078.8143928 26.41 95045.38
1561856138.8432982 26.44 95041.44
1561856198.8722038 26.43 95047.35
1561856258.9011092 26.38 95040.89
1561856318.9300146 26.40 95046.39
1561856378.9589202 26.39 95043.62
1561856439.0034256 26.43 95042.57
1561856499.032331 26.40 95042.13
1561856559.0612364 26.39 95043.58
1561856619.090142 26.46 95040.75
1561856679.1190474 26.47 95042.75
1561856739.1635528 26.43 95041.32
1561856799.1924582 26.43 95045.17
1561856859.2213638 26.42 95042.44
1561856919.2502692 26.45 95038.15
1561856979.2791743 26.44 95040.55
1561857039.32368 26.44 95041.61
1561857099.3525856 26.46 95041.02
1561857159.3814907 26.42 95043.44
1561857219.4103963 26.42 95043.49
1561857279.4393017 26.40 95042.13
1561857339.4838073 26.38 95042.00
1561857399.5127127 26.40 95043.27
1561857459.5416179 26.46 95039.67
1561857519.5705235 26.38 95039.44
1561857579.599429 26.37 95042.67
1561857639.6439345 26.40 95042.14
1561857699.6728396 26.33 95040.44
1561857759.701745 26.36 95037.46
1561857819.7306507 26.38 95039.99
1561857879.759556 26.43 95038.30
1561857939.8040617 26.42 95036.91
1561857999.8329668 26.38 95041.01
1561858059.8618724 26.39 95037.65
1561858119.8907778 26.42 95039.86
1561858179.9196832 26.41 95041.75
1561858239.9485888 26.39 95040.57
1561858299.9930942 26.45 95038.78
1561858360.0219996 26.49 95042.06
1561858420.050905 26.42 95041.53
1561858480.0798106 26.37 95044.11
1561858540.108716 26.41 95041.92
1561858600.1532214 26.43 95043.41
1561858660.1821268 26.36 95042.75
1561858720.2110324 26.39 95044.92
1561858780.2399378 26.36 95048.61
1561858840.2688432 26.36 95045.83
1561858900.3133485 26.41 95047.39
1561858960.3422542 26.41 95050.74
1561859020.3711596 26.42 95050.83
1561859080.400065 26.40 95047.39
1561859140.4289706 26.41 95049.92
1561859200.473476 26.37 95050.32
1561859260.5023813 26.42 95049.14
1561859320.5312867 26.35 95048.67
1561859380.560192 26.33 95043.28
1561859440.5890975 26.34 95048.74
1561859500.633603 26.28 95050.42
1561859560.6625085 26.31 95051.08
1561859620.691414 26.35 95049.90
1561859680.7203193 26.44 95051.50
1561859740.7492247 26.39 95052.47
1561859800.7937303 26.40 95053.03
1561859860.822636 26.31 95051.25
1561859920.851541 26.33 95051.24
1561859980.8804464 26.38 95053.22
1561860040.9093518 26.40 95057.01
1561860100.9382575 26.41 95059.02
1561860160.982763 26.35 95060.74
1561860221.0116682 26.37 95061.17
1561860281.0405736 26.39 95057.53
1561860341.0694792 26.33 95056.86
1561860401.0983846 26.34 95059.47
1561860461.14289 26.30 95059.58
1561860521.1717954 26.24 95058.34
1561860581.200701 26.32 95059.10
1561860641.2296064 26.31 95058.96
1561860701.2585118 26.37 95062.05
1561860761.3030171 26.30 95061.19
1561860821.3319228 26.29 95063.21
1561860881.3608282 26.24 95063.36
1561860941.3897336 26.29 95062.35
1561861001.4186392 26.25 95064.94
1561861061.4631445 26.28 95066.10
1561861121.49205 26.29 95066.16
1561861181.5209553 26.27 95065.08
1561861241.549861 26.30 95070.57
1561861301.578766 26.27 95066.52
1561861361.6076717 26.30 95066.69
1561861421.652177 26.36 95067.05
1561861481.6810827 26.32 95070.72
1561861541.709988 26.27 95068.19
1561861601.7388933 26.29 95065.76
1561861661.767799 26.25 95071.14
1561861721.8123045 26.25 95073.50
1561861781.84121 26.28 95071.74
1561861841.8701153 26.25 95072.44
1561861901.8990204 26.24 95074.60
1561861961.927926 26.24 95070.85
1561862021.9724317 26.33 95073.72
1561862082.001337 26.29 95070.62
1561862142.0302422 26.30 95074.73
1561862202.0591478 26.34 95072.75
1561862262.0880532 26.29 95071.22
1561862322.1325586 26.33 95069.83
1561862382.1614642 26.27 95073.39
1561862442.1903696 26.28 95069.79
1561862502.219275 26.28 95067.49
1561862562.2481804 26.29 95072.74
1561862622.277086 26.29 95071.39
1561862682.3215914 26.26 95073.89
1561862742.3504968 26.24 95074.43
1561862802.3794022 26.27 95072.55
1561862862.4083078 26.26 95074.21
1561862922.4372132 26.24 95073.25
1561862982.4817185 26.26 95072.57
1561863042.510624 26.20 95070.32
1561863102.5395296 26.30 95069.47
1561863162.568435 26.28 95072.41
1561863222.5973403 26.24 95068.40
1561863282.6418457 26.26 95070.92
1561863342.6707513 26.19 95069.58
1561863402.6996567 26.26 95069.54
1561863462.728562 26.25 95067.41
1561863522.7574675 26.24 95066.38
1561863582.7863731 26.22 95062.69
1561863642.8308785 26.20 95062.82
1561863702.8597836 26.20 95062.14
1561863762.8886895 26.20 95058.08
1561863822.9175947 26.28 95062.46
1561863882.9465 26.31 95064.83
1561863942.9910057 26.29 95059.16
1561864003.019911 26.25 95059.24
1561864063.0488164 26.19 95059.07
1561864123.0777218 26.24 95057.74
1561864183.1066272 26.27 95058.81
1561864243.1511326 26.24 95057.41
1561864303.1800385 26.24 95058.24
1561864363.2089436 26.21 95056.39
1561864423.237849 26.22 95056.99
1561864483.2667546 26.17 95052.96
1561864543.29566 26.16 95053.80
1561864603.3401654 26.19 95052.97
1561864663.3690708 26.19 95055.99
1561864723.3979764 26.16 95050.46
1561864783.4268818 26.17 95052.02
1561864843.4557872 26.14 95051.65
1561864903.5002925 26.15 95054.06
1561864963.5291982 26.18 95052.25
1561865023.5581036 26.13 95050.92
1561865083.587009 26.16 95050.42
1561865143.6159146 26.16 95052.74
1561865203.66042 26.18 95051.08
1561865263.6893253 26.17 95050.38
1561865323.7182307 26.17 95052.35
1561865383.7471364 26.21 95051.17
1561865443.7760415 26.19 95050.92
1561865503.804947 26.16 95051.10
1561865563.8494525 26.15 95048.66
1561865623.8783581 26.16 95049.42
1561865683.9072635 26.11 95050.96
1561865743.9361687 26.12 95044.53
1561865803.965074 26.13 95042.25
1561865863.9939797 26.15 95047.82
1561865924.022885 26.19 95050.99
1561865984.0673907 26.19 95046.44
1561866044.0962958 26.15 95045.58
1561866104.1252015 26.17 95046.36
1561866164.1541069 26.14 95045.05
1561866224.1830122 26.14 95041.10
1561866284.2275176 26.11 95042.00
1561866344.2564232 26.14 95040.77
1561866404.2853286 26.16 95041.05
1561866464.314234 26.16 95039.88
1561866524.3431396 26.12 95037.60
1561866584.372045 26.17 95036.98
1561866644.4165504 26.11 95036.24
1561866704.4454558 26.17 95033.96
1561866764.4743614 26.20 95035.67
1561866824.5032668 26.16 95032.96
1561866884.5321722 26.15 95030.77
1561866944.5766776 26.14 95034.39
1561867004.6055832 26.10 95031.55
1561867064.6344886 26.12 95032.98
1561867124.6633937 26.12 95024.60
1561867184.6922996 26.08 95033.33
1561867244.736805 26.11 95031.11
1561867304.7657104 26.08 95032.66
1561867364.7946157 26.06 95033.24
1561867424.8235211 26.12 95032.71
1561867484.8524265 26.16 95035.75
1561867544.881332 26.13 95037.28
1561867604.9258375 26.14 95032.82
1561867664.9547427 26.17 95033.69
1561867724.9836483 26.23 95032.62
1561867785.0125537 26.20 95035.63
1561867845.041459 26.19 95039.60
1561867905.085965 26.18 95037.27
1561867965.11487 26.16 95040.07
1561868025.1437755 26.13 95038.29
1561868085.1726809 26.14 95038.11
1561868145.2015865 26.13 95038.67
1561868205.2304919 26.18 95041.69
1561868265.2749972 26.19 95040.47
1561868325.3039026 26.12 95038.10
1561868385.3328083 26.14 95038.42
1561868445.3617136 26.12 95038.78
1561868505.3906188 26.14 95037.11
1561868565.4351244 26.14 95039.25
1561868625.46403 26.06 95039.11
1561868685.4929354 26.05 95034.89
1561868745.5218408 26.04 95034.40
1561868805.5507464 26.05 95033.12
1561868865.5952518 26.04 95034.00
1561868925.6241572 26.03 95032.38
1561868985.6530626 26.03 95033.50
1561869045.6819682 26.01 95032.86
1561869105.7108736 25.98 95031.69
1561869165.7397788 26.05 95033.17
1561869225.7842844 26.03 95032.77
1561869285.81319 26.04 95033.63
1561869345.8420951 26.06 95035.09
1561869405.8710005 26.04 95034.67
1561869465.8999062 25.99 95035.13
1561869525.9444118 26.06 95033.75
1561869585.9733171 26.03 95036.35
1561869646.0022223 26.01 95032.46
1561869706.0311277 26.02 95034.36
1561869766.0600333 26.05 95031.34
1561869826.0889387 26.01 95028.57
1561869886.133444 26.04 95026.39
1561869946.1623495 26.07 95029.75
1561870006.191255 26.02 95030.40
1561870066.2201605 26.03 95035.35
1561870126.2490659 26.05 95033.22
1561870186.2935712 26.05 95031.78
1561870246.3224769 26.01 95033.40
1561870306.3513823 26.02 95029.97
1561870366.3802876 26.01 95031.28
1561870426.4091933 26.09 95033.11
1561870486.4380987 26.05 95028.22
1561870546.482604 26.07 95034.94
1561870606.5115094 26.03 95029.49
1561870666.540415 25.99 95031.38
1561870726.5693202 26.01 95032.80
1561870786.5982258 25.96 95032.59
1561870846.6271312 25.99 95032.44
1561870906.6716368 26.11 95034.80
1561870966.7005422 26.13 95032.92
1561871026.7294474 26.30 95033.44
1561871086.758353 26.20 95035.07
1561871146.7872584 26.35 95033.61
1561871206.831764 26.31 95031.45
1561871266.8606691 26.44 95035.41
1561871326.8895748 26.41 95032.92
1561871386.9184802 26.39 95034.57
1561871446.9473855 26.39 95032.78
1561871506.9918911 26.35 95029.85
1561871567.0207963 26.27 95033.08
1561871627.049702 26.30 95032.26
1561871687.0786073 26.27 95037.25
1561871747.107513 26.24 95034.99
1561871807.152018 26.18 95038.44
1561871867.1809237 26.20 95042.97
1561871927.209829 26.21 95040.21
1561871987.2387345 26.12 95044.14
1561872047.26764 26.14 95043.28
1561872107.3121455 26.11 95048.10
1561872167.3410509 26.07 95052.13
1561872227.3699563 26.06 95052.17
1561872287.398862 26.03 95055.65
1561872347.4277673 26.01 95056.54
1561872407.4722726 26.05 95056.24
1561872467.501178 26.02 95058.55
1561872527.5300837 26.05 95059.02
1561872587.558989 25.96 95058.35
1561872647.5878942 26.00 95059.64
1561872707.6323998 26.07 95060.11
1561872767.6613054 26.03 95058.00
1561872827.6902108 26.07 95062.68
1561872887.7191162 26.08 95059.46
1561872947.7480216 26.14 95059.79
1561873007.7925272 26.13 95060.14
1561873067.8214326 26.01 95062.00
1561873127.850338 26.02 95061.46
1561873187.8792436 26.02 95059.78
1561873247.9081488 25.98 95059.35
1561873307.9370542 25.92 95057.11
1561873367.9815598 25.87 95061.35
1561873428.0104654 25.90 95056.60
1561873488.0393705 25.87 95058.97
1561873548.068276 25.89 95062.27
1561873608.0971816 25.88 95065.00
1561873668.1416867 25.87 95060.58
1561873728.1705925 25.93 95061.32
1561873788.1994977 25.93 95058.85
1561873848.228403 25.86 95057.21
1561873908.2573087 25.91 95053.37
1561873968.286214 25.90 95051.90
1561874028.3307195 25.88 95045.40
1561874088.3596249 25.90 95044.80
1561874148.3885305 25.94 95040.51
1561874208.417436 25.94 95044.80
1561874268.4463413 25.91 95044.49
1561874328.475247 25.90 95046.82
1561874388.5197523 25.88 95050.09
1561874448.5486577 25.89 95050.78
1561874508.577563 25.87 95052.71
1561874568.6064687 25.87 95050.63
1561874628.635374 25.93 95050.53
1561874688.6798794 25.93 95051.14
1561874748.7087848 25.86 95052.25
1561874808.7376904 25.91 95055.05
1561874868.7665956 25.95 95053.46
1561874928.7955012 25.86 95053.28
1561874988.8244066 25.90 95045.88
1561875048.8689122 25.80 95047.99
1561875108.8978176 25.83 95047.96
1561875168.9267228 25.84 95044.97
1561875228.9556284 25.90 95047.89
1561875288.9845338 25.90 95046.71
1561875349.0134392 25.92 95050.08
1561875409.0579445 25.94 95047.05
1561875469.0868502 25.88 95049.55
1561875529.1157556 25.81 95043.19
1561875589.144661 25.79 95044.11
1561875649.1735666 25.82 95043.65
1561875709.2180717 25.82 95042.27
1561875769.2469773 25.83 95038.35
1561875829.2758827 25.79 95037.11
1561875889.304788 25.77 95032.61
1561875949.3336937 25.86 95034.27
1561876009.3625991 25.83 95030.99
1561876069.4071045 25.80 95029.13
1561876129.43601 25.76 95030.03
1561876189.4649155 25.77 95032.45
1561876249.493821 25.78 95031.00
1561876309.5227263 25.79 95030.75
1561876369.5516317 25.76 95030.02
1561876429.5961373 25.75 95034.44
1561876489.6250427 25.82 95033.07
1561876549.6539478 25.82 95030.61
1561876609.6828535 25.80 95028.22
1561876669.7117589 25.77 95022.60
1561876729.7406642 25.80 95024.60
1561876789.7851698 25.72 95022.55
1561876849.8140755 25.77 95016.21
1561876909.8429806 25.76 95019.49
1561876969.871886 25.82 95018.10
1561877029.9007916 25.91 95014.91
1561877089.945297 25.83 95009.55
1561877149.9742026 25.76 95009.32
1561877210.0031078 25.86 95010.92
1561877270.0320134 25.80 95004.38
1561877330.0609188 25.78 95005.71
1561877390.0898242 25.79 95003.32
1561877450.1343296 25.81 95004.14
1561877510.1632352 25.87 95003.14
1561877570.1921406 25.83 95004.71
1561877630.221046 25.88 95001.48
1561877690.2499516 25.77 95001.91
1561877750.2788568 25.72 95001.62
1561877810.3233624 25.74 94998.69
1561877870.3522677 25.78 94997.07
1561877930.3811731 25.74 94998.25
1561877990.4100788 25.76 94997.49
1561878050.438984 25.76 95000.40
1561878110.4678893 25.74 95000.19
1561878170.512395 25.69 95005.57
1561878230.5413005 25.80 95000.13
1561878290.5702057 25.85 95005.00
1561878350.599111 25.75 95004.50
1561878410.6280167 25.70 95007.70
1561878470.656922 25.71 95008.69
1561878530.7014277 25.75 95011.03
1561878590.7303329 25.71 95009.60
1561878650.7592385 25.75 95012.88
1561878710.7881439 25.75 95014.55
1561878770.8170493 25.69 95011.80
1561878830.845955 25.70 95013.77
1561878890.8904603 25.77 95016.36
1561878950.9193656 25.77 95015.53
1561879010.948271 25.79 95020.91
1561879070.9771767 25.76 95021.21
1561879131.006082 25.69 95025.69
1561879191.0505874 25.69 95027.70
1561879251.0794928 25.72 95036.28
1561879311.1083984 25.81 95037.07
1561879371.1373038 25.71 95038.77
1561879431.1662092 25.76 95041.57
1561879491.1951146 25.73 95040.82
1561879551.2396202 25.75 95042.01
1561879611.2685256 25.66 95042.36
1561879671.2974308 25.62 95038.85
1561879731.3263366 25.63 95037.13
1561879791.3552418 25.69 95039.59
1561879851.3841472 25.65 95037.25
1561879911.4286528 25.67 95039.78
1561879971.457558 25.63 95039.71
1561880031.4864635 25.68 95045.05
1561880091.515369 25.63 95047.17
1561880151.5442743 25.69 95046.61
1561880211.57318 25.64 95048.17
1561880271.6176853 25.66 95052.34
1561880331.6465907 25.63 95051.19
1561880391.675496 25.64 95050.79
1561880451.7044017 25.64 95049.01
1561880511.7333071 25.62 95051.77
1561880571.7622125 25.62 95048.60
1561880631.8067179 25.63 95050.02
1561880691.8356235 25.62 95050.10
1561880751.864529 25.62 95048.39
1561880811.8934343 25.59 95048.85
1561880871.9223397 25.59 95049.02
1561880931.951245 25.61 95049.87
1561880991.9957507 25.67 95052.69
1561881052.0246558 25.75 95055.14
1561881112.0535617 25.69 95053.65
1561881172.0824668 25.75 95052.12
1561881232.1113722 25.66 95051.63
1561881292.1402779 25.72 95049.47
1561881352.1847832 25.70 95047.64
1561881412.2136886 25.69 95051.77
1561881472.242594 25.64 95052.69
1561881532.2714996 25.62 95050.67
1561881592.300405 25.65 95049.27
1561881652.3293104 25.60 95049.75
1561881712.3738158 25.61 95051.49
1561881772.4027212 25.64 95050.42
1561881832.4316268 25.61 95052.38
1561881892.4605322 25.58 95053.85
1561881952.4894376 25.57 95053.96
1561882012.5183432 25.58 95058.77
1561882072.5628486 25.68 95058.14
1561882132.591754 25.78 95059.86
1561882192.6206594 25.70 95059.57
1561882252.6495647 25.79 95059.32
1561882312.6784704 25.67 95060.21
1561882372.7073755 25.67 95059.00
1561882432.7518811 25.65 95062.86
1561882492.7807868 25.63 95065.66
1561882552.809692 25.67 95067.19
1561882612.8385973 25.65 95063.53
1561882672.867503 25.68 95066.02
1561882732.8964083 25.64 95066.35
1561882792.940914 25.63 95070.50
1561882852.969819 25.65 95072.54
1561882912.9987247 25.64 95077.07
1561882973.02763 25.63 95074.23
1561883033.0565355 25.65 95077.42
1561883093.085441 25.59 95078.65
1561883153.1299465 25.62 95079.96
1561883213.1588519 25.59 95083.71
1561883273.1877573 25.59 95080.66
1561883333.216663 25.64 95084.77
1561883393.2455683 25.60 95086.75
1561883453.2744734 25.59 95088.69
1561883513.3033793 25.62 95090.34
1561883573.3478847 25.61 95091.49
1561883633.37679 25.64 95094.38
1561883693.4056954 25.58 95090.44
1561883753.4346006 25.56 95093.11
1561883813.4635062 25.56 95096.79
1561883873.4924116 25.67 95096.06
1561883933.521317 25.69 95100.77
1561883993.5658226 25.62 95099.22
1561884053.594728 25.64 95100.24
1561884113.6236334 25.66 95102.86
1561884173.6525388 25.65 95102.77
1561884233.6814444 25.60 95102.04
1561884293.7103498 25.69 95103.78
1561884353.7548552 25.72 95102.08
1561884413.7837605 25.64 95104.22
1561884473.8126662 25.59 95105.21
1561884533.8415716 25.62 95105.17
1561884593.870477 25.60 95104.49
1561884653.8993824 25.58 95104.11
1561884713.943888 25.56 95107.17
1561884773.9727933 25.64 95113.09
1561884834.0016987 25.60 95110.78
1561884894.0306044 25.58 95109.66
1561884954.0595095 25.60 95110.47
1561885014.088415 25.62 95115.22
1561885074.1173205 25.57 95112.94
1561885134.161826 25.67 95115.92
1561885194.1907315 25.69 95118.95
1561885254.2196367 25.70 95117.13
1561885314.2485423 25.65 95116.44
1561885374.2774477 25.66 95120.04
1561885434.306353 25.55 95123.82
1561885494.3508584 25.53 95124.70
1561885554.379764 25.63 95127.91
1561885614.4086695 25.58 95129.07
1561885674.4375749 25.58 95129.35
1561885734.4664805 25.59 95132.89
1561885794.495386 25.62 95129.35
1561885854.5398912 25.68 95135.46
1561885914.5687966 25.66 95132.93
1561885974.597702 25.65 95132.75
1561886034.6266077 25.62 95133.37
1561886094.655513 25.57 95138.36
1561886154.6844182 25.61 95137.99
1561886214.7289238 25.60 95135.69
1561886274.7578294 25.62 95136.14
1561886334.7867346 25.63 95134.73
1561886394.8156402 25.59 95131.92
1561886454.8445456 25.57 95138.16
1561886514.873451 25.58 95135.60
1561886574.9179566 25.59 95136.74
1561886634.9468617 25.63 95140.42
1561886694.9757674 25.55 95141.52
1561886755.0046728 25.57 95142.51
1561886815.0335782 25.62 95141.57
1561886875.0624838 25.59 95141.69
1561886935.0913892 25.63 95142.64
1561886995.1358945 25.68 95147.22
1561887055.1648 25.58 95145.99
1561887115.1937056 25.61 95145.13
1561887175.222611 25.57 95144.69
1561887235.2515163 25.56 95148.52
1561887295.2804217 25.51 95146.17
1561887355.3249273 25.50 95148.89
1561887415.3538327 25.52 95152.09
1561887475.382738 25.50 95155.08
1561887535.4116435 25.57 95157.25
1561887595.440549 25.53 95156.74
1561887655.4694543 25.50 95160.77
1561887715.5139596 25.55 95161.11
1561887775.5428655 25.61 95162.60
1561887835.5717707 25.64 95163.66
1561887895.600676 25.58 95168.25
1561887955.6295815 25.58 95169.42
1561888015.658487 25.55 95174.07
1561888075.6873925 25.62 95170.36
1561888135.7318978 25.58 95171.42
1561888195.7608032 25.62 95172.14
1561888255.7897089 25.55 95174.53
1561888315.8186142 25.55 95177.17
1561888375.8475196 25.58 95175.28
1561888435.8764253 25.60 95178.42
1561888495.9209306 25.63 95176.49
1561888555.949836 25.67 95178.77
1561888615.9787414 25.76 95180.55
1561888676.007647 25.71 95180.32
1561888736.0365522 25.69 95186.59
1561888796.0654576 25.80 95184.67
1561888856.1099632 25.87 95186.53
1561888916.1388686 25.95 95185.42
1561888976.1677742 25.91 95186.75
1561889036.1966794 25.89 95186.64
1561889096.225585 25.95 95184.67
1561889156.2544904 25.98 95189.00
1561889216.2989957 26.00 95191.64
1561889276.3279011 26.01 95189.82
1561889336.3568068 26.02 95189.94
1561889396.3857121 25.99 95189.60
1561889456.4146175 25.98 95189.50
1561889516.4435232 26.06 95193.90
1561889576.4880285 26.06 95196.82
1561889636.516934 26.10 95195.24
1561889696.5458393 26.08 95199.57
1561889756.574745 26.04 95199.47
1561889816.6036503 26.01 95198.36
1561889876.6325557 25.97 95197.93
1561889936.6614609 25.92 95195.79
1561889996.7059667 25.82 95202.27
1561890056.734872 25.74 95204.03
1561890116.7637773 25.79 95199.21
1561890176.7926831 25.92 95204.33
1561890236.8215883 25.94 95202.64
1561890296.8504937 26.00 95209.06
1561890356.8949993 25.93 95208.42
1561890416.9239044 25.88 95209.36
1561890476.95281 25.93 95209.92
1561890536.9817154 25.97 95211.07
1561890597.0106208 26.00 95213.08
1561890657.0395265 26.06 95215.52
1561890717.0840318 26.09 95215.39
1561890777.1129372 26.08 95217.95
1561890837.1418426 26.04 95215.33
1561890897.1707482 26.04 95220.35
1561890957.1996536 26.09 95221.18
1561891017.228559 26.12 95221.57
1561891077.2730644 26.12 95223.91
1561891137.30197 26.10 95224.22
1561891197.3308754 26.11 95223.52
1561891257.3597808 26.08 95227.82
1561891317.3886862 26.08 95223.17
1561891377.4175916 26.06 95226.74
1561891437.4620972 25.96 95227.05
1561891497.4910026 26.00 95223.97
1561891557.5199082 26.03 95223.75
1561891617.5488133 25.92 95228.35
1561891677.5777187 25.95 95228.60
1561891737.6066244 26.01 95230.53
1561891797.6511295 26.01 95228.12
1561891857.6800354 25.97 95230.72
1561891917.7089405 26.00 95232.32
1561891977.737846 25.89 95233.23
1561892037.7667515 25.92 95232.10
1561892097.795657 25.80 95236.58
1561892157.8401623 25.68 95233.58
1561892217.8690677 25.68 95234.92
1561892277.8979733 25.59 95238.72
1561892337.9268787 25.59 95247.10
1561892397.955784 25.59 95244.14
1561892457.9846897 25.54 95244.24
1561892518.029195 25.57 95244.06
1561892578.0581005 25.57 95245.30
1561892638.0870059 25.55 95246.68
1561892698.1159115 25.54 95245.17
1561892758.1448169 25.54 95246.18
1561892818.173722 25.54 95248.83
1561892878.2026277 25.55 95250.60
1561892938.2471333 25.52 95250.85
1561892998.2760384 25.55 95252.67
1561893058.304944 25.55 95251.83
1561893118.3338494 25.58 95254.63
1561893178.3627548 25.59 95253.92
1561893238.3916602 25.56 95249.78
1561893298.4361656 25.64 95253.19
1561893358.4650712 25.65 95251.85
1561893418.4939766 25.68 95254.00
1561893478.522882 25.66 95254.65
1561893538.5517876 25.67 95251.74
1561893598.580693 25.59 95253.28
1561893658.6251984 25.64 95254.67
1561893718.6541038 25.66 95255.22
1561893778.6830094 25.65 95259.14
1561893838.7119148 25.69 95259.83
1561893898.7408202 25.68 95258.22
1561893958.7697253 25.67 95265.71
1561894018.8142312 25.71 95265.94
1561894078.8431365 25.65 95265.27
1561894138.872042 25.70 95269.16
1561894198.900947 25.66 95271.00
1561894258.9298527 25.65 95269.02
1561894318.958758 25.71 95270.96
1561894378.9876635 25.70 95269.10
1561894439.0165691 25.71 95272.17
1561894499.0610745 25.74 95276.03
1561894559.08998 25.74 95282.44
1561894619.1188853 25.70 95280.78
1561894679.147791 25.76 95282.92
1561894739.1766963 25.75 95287.49
1561894799.2056017 25.78 95287.03
1561894859.250107 25.73 95286.66
1561894919.2790127 25.75 95287.15
1561894979.307918 25.72 95285.42
1561895039.3368235 25.71 95288.32
1561895099.365729 25.78 95283.32
1561895159.3946342 25.78 95285.86
1561895219.4391398 25.77 95287.47
1561895279.4680452 25.77 95283.83
1561895339.4969509 25.76 95287.11
1561895399.525856 25.76 95282.32
1561895459.5547614 25.74 95282.89
1561895519.583667 25.77 95287.85
1561895579.6281724 25.74 95288.30
1561895639.657078 25.74 95292.11
1561895699.6859832 25.73 95291.21
1561895759.7148888 25.75 95295.99
1561895819.7437942 25.76 95295.45
1561895879.7726996 25.75 95298.53
1561895939.817205 25.78 95296.25
1561895999.8461106 25.79 95297.32
1561896059.875016 25.84 95299.86
1561896119.9039214 25.80 95303.71
1561896179.932827 25.76 95303.66
1561896239.9617321 25.80 95303.30
1561896300.0062377 25.81 95305.44
1561896360.0351431 25.79 95299.52
1561896420.0640485 25.83 95303.14
1561896480.0929542 25.86 95304.24
1561896540.1218596 25.90 95301.30
1561896600.1507647 25.89 95304.52
1561896660.1952703 25.87 95300.24
1561896720.224176 25.86 95303.19
1561896780.253081 25.84 95303.71
1561896840.2819867 25.80 95304.21
1561896900.310892 25.82 95307.88
1561896960.3397975 25.84 95303.61
1561897020.384303 25.86 95302.86
1561897080.4132082 25.87 95307.38
1561897140.4421139 25.91 95300.58
1561897200.4710193 25.93 95303.02
1561897260.4999247 25.92 95303.77
1561897320.5288303 25.86 95302.89
1561897380.5733356 25.92 95301.38
1561897440.602241 25.88 95299.80
1561897500.6311464 25.89 95298.53
1561897560.660052 25.94 95298.02
1561897620.6889575 25.89 95298.05
1561897680.7178628 25.95 95298.14
1561897740.7623682 25.98 95296.75
1561897800.7912738 25.90 95294.86
1561897860.8201792 25.92 95295.85
1561897920.8490846 25.91 95292.94
1561897980.8779898 25.92 95293.34
1561898040.9224956 25.89 95292.00
1561898100.951401 25.85 95292.78
1561898160.9803061 25.84 95293.33
1561898221.009212 25.93 95290.32
1561898281.0381172 25.94 95294.38
1561898341.0670226 25.96 95294.13
1561898401.1115282 25.88 95294.00
1561898461.1404333 25.93 95293.97
1561898521.169339 25.90 95296.50
1561898581.1982443 25.94 95293.03
1561898641.2271497 25.94 95293.19
1561898701.2560554 25.94 95290.49
1561898761.3005607 25.97 95292.24
1561898821.329466 26.00 95291.94
1561898881.3583715 26.04 95289.47
1561898941.3872771 25.96 95288.25
1561899001.4161825 25.85 95285.02
1561899061.445088 25.82 95284.83
1561899121.4895933 25.92 95286.67
1561899181.518499 25.95 95283.78
1561899241.5474043 25.93 95285.60
1561899301.5763097 25.96 95282.17
1561899361.605215 25.95 95280.03
1561899421.6341207 26.00 95276.80
1561899481.678626 25.97 95275.05
1561899541.7075315 25.90 95277.01
1561899601.736437 25.92 95272.74
1561899661.7653422 26.00 95272.38
1561899721.7942476 26.00 95265.41
1561899781.8387532 25.92 95266.03
1561899841.8676589 25.90 95264.96
1561899901.8965642 25.93 95263.86
1561899961.9254694 25.89 95261.07
1561900021.954375 25.90 95258.75
1561900081.9832804 25.95 95261.44
1561900142.027786 25.91 95261.12
1561900202.0566912 25.96 95262.86
1561900262.0855966 25.95 95263.28
1561900322.1145022 25.92 95265.81
1561900382.1434076 25.91 95266.55
1561900442.172313 25.99 95264.99
1561900502.2168183 26.02 95269.12
1561900562.245724 25.96 95270.74
1561900622.2746294 25.89 95268.24
1561900682.3035347 25.95 95268.30
1561900742.3324404 25.92 95269.66
1561900802.3769457 26.02 95270.22
1561900862.4058511 26.02 95271.39
1561900922.4347565 25.98 95264.25
1561900982.4636621 25.99 95265.55
1561901042.4925673 25.91 95263.67
1561901102.521473 25.87 95264.64
1561901162.5659783 25.88 95262.48
1561901222.594884 25.98 95257.28
1561901282.6237893 25.95 95253.06
1561901342.6526947 26.04 95257.77
1561901402.6816 26.02 95250.02
1561901462.7105055 25.99 95250.71
1561901522.755011 26.02 95250.42
1561901582.7839162 25.98 95254.00
1561901642.812822 25.98 95259.36
1561901702.8417273 25.91 95256.67
1561901762.8706326 25.92 95256.72
1561901822.9151382 25.89 95262.85
1561901882.9440436 25.96 95264.64
1561901942.972949 26.03 95262.67
1561902003.0018544 26.09 95264.08
1561902063.03076 26.12 95256.55
1561902123.0596654 26.14 95258.67
1561902183.1041708 26.11 95254.21
1561902243.1330762 26.15 95248.75
1561902303.1619816 26.12 95249.67
1561902363.1908872 26.07 95248.91
1561902423.2197926 26.11 95240.37
1561902483.264298 26.17 95240.19
1561902543.2932034 26.16 95243.25
1561902603.322109 26.09 95237.39
1561902663.3510144 26.14 95240.32
1561902723.3799198 26.19 95235.68
1561902783.4088252 26.16 95234.92
1561902843.4533308 26.23 95238.53
1561902903.4822361 26.26 95235.61
1561902963.5111413 26.27 95236.96
1561903023.5400472 26.22 95235.28
1561903083.5689523 26.15 95236.52
1561903143.613458 26.17 95236.21
1561903203.6423633 26.19 95239.26
1561903263.6712687 26.12 95232.62
1561903323.700174 26.08 95236.03
1561903383.7290795 26.08 95233.46
1561903443.757985 26.08 95233.57
1561903503.8024907 26.15 95232.00
1561903563.8313959 26.15 95227.88
1561903623.8603013 26.19 95223.95
1561903683.889207 26.28 95222.67
1561903743.9181123 26.18 95223.89
1561903803.9626176 26.15 95218.49
1561903863.991523 26.16 95219.61
1561903924.0204287 26.19 95215.07
1561903984.049334 26.17 95214.58
1561904044.0782394 26.15 95212.02
1561904104.1227448 26.18 95210.32
1561904164.1516502 26.14 95204.39
1561904224.1805558 26.21 95204.66
1561904284.2094612 26.22 95203.94
1561904344.2383666 26.19 95205.18
1561904404.282872 26.25 95203.42
1561904464.3117776 26.20 95200.49
1561904524.340683 26.17 95200.30
1561904584.3695884 26.27 95204.10
1561904644.398494 26.27 95203.24
1561904704.4273994 26.26 95203.21
1561904764.4719048 26.18 95199.36
1561904824.5008101 26.20 95197.83
1561904884.5297158 26.30 95196.43
1561904944.5586212 26.25 95195.50
1561905004.5875263 26.21 95192.36
1561905064.632032 26.25 95191.49
1561905124.6609375 26.21 95189.35
1561905184.6898427 26.19 95188.92
1561905244.7187483 26.16 95184.30
1561905304.7476537 26.14 95182.10
1561905364.7921593 26.18 95178.75
1561905424.8210647 26.22 95178.31
1561905484.8499699 26.27 95180.31
1561905544.8788755 26.22 95176.34
1561905604.907781 26.19 95176.32
1561905664.9522865 26.18 95178.85
1561905724.9811916 26.26 95175.49
1561905785.0100973 26.24 95175.47
1561905845.0390027 26.19 95173.01
1561905905.067908 26.18 95172.49
1561905965.1124136 26.16 95171.24
1561906025.1413188 26.13 95174.07
1561906085.1702244 26.06 95164.65
1561906145.1991298 26.06 95166.49
1561906205.2280352 26.17 95158.41
1561906265.2725406 26.16 95160.34
1561906325.3014462 26.09 95157.08
1561906385.3303516 26.07 95153.25
1561906445.359257 26.15 95152.20
1561906505.3881626 26.18 95151.67
1561906565.417068 26.18 95150.43
1561906625.4615734 26.15 95143.75
1561906685.4904788 26.12 95143.89
1561906745.5193844 26.23 95143.78
1561906805.5482898 26.15 95143.82
1561906865.5771952 26.16 95143.44
1561906925.6217005 26.15 95140.97
1561906985.6506062 26.06 95138.11
1561907045.6795115 26.00 95134.18
1561907105.708417 25.97 95133.30
1561907165.7373226 26.01 95130.18
1561907225.781828 26.01 95130.22
1561907285.8107333 26.01 95120.91
1561907345.8396387 26.03 95126.01
1561907405.868544 26.06 95123.03
1561907465.8974495 26.07 95122.99
1561907525.926355 26.08 95117.75
1561907585.9708605 26.12 95118.15
1561907645.999766 26.18 95112.40
1561907706.0286713 26.17 95116.90
1561907766.0575767 26.12 95110.89
1561907826.0864823 26.19 95106.22
1561907886.130988 26.16 95106.02
1561907946.159893 26.15 95100.60
1561908006.1887984 26.11 95099.53
1561908066.2177038 26.08 95095.82
1561908126.2466094 26.08 95091.63
1561908186.291115 26.08 95089.14
1561908246.3200202 26.05 95090.32
1561908306.3489256 26.09 95091.82
1561908366.3778312 26.05 95089.67
1561908426.4067366 26.04 95084.86
1561908486.435642 26.03 95082.78
1561908546.4801474 26.07 95078.36
1561908606.509053 26.10 95072.03
1561908666.5379584 26.19 95074.05
1561908726.5668638 26.14 95068.74
1561908786.5957692 26.12 95065.32
1561908846.6402748 26.13 95059.78
1561908906.6691802 26.09 95058.91
1561908966.6980855 26.05 95053.63
1561909026.7269912 26.08 95051.78
1561909086.7558963 26.14 95045.72
1561909146.800402 26.18 95048.57
1561909206.8293073 26.13 95041.91
1561909266.858213 26.08 95042.57
1561909326.887118 26.10 95042.05
1561909386.9160237 26.06 95043.06
1561909446.9449291 26.09 95038.80
1561909506.9894347 26.17 95036.61
1561909567.01834 26.18 95038.74
1561909627.0472453 26.20 95039.42
1561909687.076151 26.16 95032.39
1561909747.1050563 26.06 95032.91
1561909807.149562 26.06 95031.57
1561909867.1784673 26.08 95027.22
1561909927.2073724 26.07 95026.10
1561909987.236278 26.13 95027.46
1561910047.2651834 26.11 95031.02
1561910107.309689 26.13 95026.77
1561910167.3385942 26.16 95025.32
1561910227.3674998 26.21 95021.78
1561910287.3964052 26.22 95020.19
1561910347.4253106 26.14 95015.23
1561910407.4698162 26.09 95019.77
1561910467.4987216 26.04 95017.21
1561910527.527627 26.07 95010.41
1561910587.5565324 26.07 95010.02
1561910647.585438 26.12 95014.05
1561910707.6143434 26.18 95004.60
1561910767.6588488 26.19 95003.88
1561910827.6877542 26.17 95002.42
1561910887.7166598 26.17 95004.44
1561910947.7455652 26.15 95003.02
1561911007.7744703 26.15 95000.77
1561911067.818976 26.13 94998.46
1561911127.8478816 26.18 94997.39
1561911187.876787 26.17 94998.33
1561911247.9056923 26.13 94996.95
1561911307.9345977 26.13 94995.94
1561911367.9791033 26.10 94989.78
1561911428.0080087 26.10 94991.75
1561911488.036914 26.23 94990.06
1561911548.0658195 26.24 94991.14
1561911608.094725 26.24 94991.32
1561911668.1236303 26.28 94988.11
1561911728.1681356 26.21 94981.91
1561911788.1970415 26.16 94980.69
1561911848.2259467 26.18 94981.20
1561911908.254852 26.23 94982.35
1561911968.2837577 26.16 94981.57
1561912028.3282628 26.07 94979.65
1561912088.3571684 26.12 94981.77
1561912148.3860738 26.19 94977.26
1561912208.4149792 26.16 94977.67
1561912268.4438848 26.24 94972.98
1561912328.4883904 26.26 94971.78
1561912388.5172956 26.20 94973.34
1561912448.546201 26.17 94970.92
1561912508.5751066 26.14 94970.27
1561912568.604012 26.10 94963.38
1561912628.6485174 26.13 94957.31
1561912688.6774228 26.13 94960.28
1561912748.7063284 26.09 94963.49
1561912808.7352338 26.08 94957.60
1561912868.7641392 26.07 94954.69
1561912928.7930446 26.10 94953.66
1561912988.8375502 26.08 94951.57
1561913048.8664556 26.09 94951.53
1561913108.895361 26.23 94948.57
1561913168.9242666 26.16 94951.58
1561913228.9531717 26.19 94949.11
1561913288.9976773 26.27 94949.28
1561913349.0265827 26.32 94941.38
1561913409.0554883 26.26 94941.89
1561913469.0843935 26.26 94940.49
1561913529.113299 26.21 94944.14
1561913589.1578045 26.12 94942.28
1561913649.1867101 26.14 94938.07
1561913709.2156155 26.14 94935.21
1561913769.2445207 26.18 94934.56
1561913829.2734263 26.16 94935.28
1561913889.3023317 26.12 94930.88
1561913949.346837 26.01 94930.75
1561914009.3757427 26.05 94930.33
1561914069.4046478 26.14 94929.50
1561914129.4335535 26.24 94927.14
1561914189.4624588 26.23 94924.07
1561914249.5069642 26.29 94925.16
1561914309.5358696 26.24 94918.66
1561914369.5647752 26.20 94914.15
1561914429.5936806 26.16 94912.57
1561914489.622586 26.13 94913.41
1561914549.6670914 26.04 94918.36
1561914609.695997 26.12 94918.61
1561914669.7249024 26.10 94917.57
1561914729.7538078 26.07 94920.46
1561914789.7827134 26.12 94919.55
1561914849.8272188 26.23 94914.67
1561914909.8561242 26.25 94912.82
1561914969.8850296 26.23 94908.85
1561915029.9139352 26.24 94906.53
1561915089.9428406 26.19 94900.19
1561915149.9717457 26.12 94898.55
1561915210.0162513 26.09 94900.59
1561915270.045157 26.11 94894.67
1561915330.0740623 26.13 94897.60
1561915390.1029677 26.23 94900.25
1561915450.1318731 26.27 94892.32
1561915510.1763787 26.24 94889.78
1561915570.205284 26.20 94885.94
1561915630.2341895 26.20 94890.24
1561915690.263095 26.26 94886.71
1561915750.2920003 26.17 94889.37
1561915810.336506 26.17 94888.93
1561915870.3654113 26.19 94885.15
1561915930.394317 26.17 94885.32
1561915990.423222 26.15 94882.57
1561916050.4521275 26.14 94885.05
1561916110.4810328 26.22 94878.97
1561916170.5255382 26.27 94885.03
1561916230.5544438 26.22 94881.72
1561916290.5833492 26.14 94878.58
1561916350.6122546 26.13 94883.53
1561916410.6411602 26.21 94878.42
1561916470.6856656 26.19 94877.28
1561916530.714571 26.15 94877.97
1561916590.7434764 26.12 94876.27
1561916650.772382 26.11 94878.72
1561916710.8012874 26.14 94875.44
1561916770.8457928 26.19 94876.67
1561916830.8746982 26.19 94876.39
1561916890.9036038 26.23 94877.46
1561916950.9325092 26.16 94870.78
1561917010.9614146 26.16 94871.52
1561917071.00592 26.18 94871.36
1561917131.0192256 26.23 94869.44
1561917191.063731 26.23 94871.92
1561917251.0926363 26.26 94869.85
1561917311.121542 26.20 94866.10
1561917371.1504471 26.26 94871.68
1561917431.1793525 26.31 94872.78
1561917491.223858 26.33 94871.35
1561917551.2527637 26.26 94873.14
1561917611.2816691 26.23 94875.07
1561917671.3105743 26.20 94877.27
1561917731.33948 26.19 94872.54
1561917791.3839855 26.14 94873.26
1561917851.412891 26.18 94870.89
1561917911.441796 26.21 94869.38
1561917971.4707015 26.18 94869.78
1561918031.499607 26.23 94871.55
1561918091.5441124 26.28 94871.78
1561918151.573018 26.26 94871.96
1561918211.6019232 26.17 94871.24
1561918271.6308289 26.15 94867.99
1561918331.6597342 26.16 94870.05
1561918391.7042396 26.16 94865.42
1561918451.733145 26.18 94867.67
1561918511.7620506 26.21 94866.89
1561918571.790956 26.29 94867.25
1561918631.8198614 26.29 94865.78
1561918691.848767 26.24 94865.30
1561918751.8932724 26.18 94865.75
1561918811.9221778 26.17 94861.89
1561918871.9510832 26.16 94862.95
1561918931.9799888 26.16 94860.83
1561918992.0088942 26.19 94861.46
1561919052.0533996 26.22 94859.10
1561919112.082305 26.21 94862.61
1561919172.1112106 26.25 94863.92
1561919232.140116 26.26 94863.07
1561919292.1690211 26.24 94862.12
1561919352.2135267 26.20 94865.33
1561919412.2424324 26.21 94862.94
1561919472.2713375 26.27 94858.46
1561919532.3002431 26.22 94858.27
1561919592.3291485 26.21 94859.42
1561919652.3736541 26.27 94855.21
1561919712.4025595 26.30 94855.30
1561919772.4314647 26.22 94854.58
1561919832.46037 26.31 94860.17
1561919892.4892757 26.27 94859.81
1561919952.5337813 26.33 94859.01
1561920012.5626867 26.31 94857.49
1561920072.5915918 26.34 94852.32
1561920132.6204975 26.40 94851.89
1561920192.6494029 26.31 94856.69
1561920252.6783082 26.29 94858.47
1561920312.7228136 26.21 94852.89
1561920372.7517195 26.24 94860.78
1561920432.7806246 26.27 94857.72
1561920492.80953 26.22 94858.87
1561920552.8384356 26.23 94859.42
1561920612.882941 26.27 94855.52
1561920672.9118464 26.24 94857.03
1561920732.9407518 26.30 94853.96
1561920792.9696574 26.21 94849.94
1561920852.9985628 26.18 94852.85
1561920913.0430682 26.22 94852.57
1561920973.0719736 26.27 94849.49
1561921033.1008792 26.26 94852.85
1561921093.1297846 26.33 94851.50
1561921153.15869 26.32 94848.00
1561921213.2031953 26.29 94848.21
1561921273.232101 26.34 94843.54
1561921333.2610064 26.31 94848.38
1561921393.2899117 26.29 94846.19
1561921453.3188174 26.22 94846.30
1561921513.3477225 26.19 94849.08
1561921573.3922281 26.21 94850.37
1561921633.4211335 26.23 94845.63
1561921693.4500387 26.20 94849.02
1561921753.4789445 26.23 94850.78
1561921813.5078497 26.21 94850.94
1561921873.5523553 26.18 94851.36
1561921933.5812607 26.16 94852.22
1561921993.610166 26.16 94852.46
1561922053.6390715 26.26 94853.71
1561922113.6679769 26.21 94852.82
1561922173.7124825 26.16 94850.21
1561922233.7413878 26.12 94852.99
1561922293.7702932 26.12 94853.61
1561922353.7991986 26.18 94850.02
1561922413.8281043 26.20 94850.58
1561922473.8726099 26.21 94848.69
1561922533.901515 26.16 94849.00
1561922593.9304204 26.21 94849.94
1561922653.959326 26.17 94849.28
1561922713.9882314 26.22 94849.25
1561922774.032737 26.25 94850.12
1561922834.0616422 26.31 94851.50
1561922894.0905478 26.26 94854.25
1561922954.1194532 26.21 94853.13
1561923014.1483586 26.17 94848.66
1561923074.1772642 26.13 94849.64
1561923134.2217696 26.19 94848.96
1561923194.250675 26.21 94849.27
1561923254.2795804 26.26 94850.91
1561923314.308486 26.21 94845.00
1561923374.3373914 26.26 94849.29
1561923434.3818967 26.29 94847.70
1561923494.4108021 26.39 94846.41
1561923554.4397078 26.30 94849.60
1561923614.4686131 26.30 94850.44
1561923674.4975185 26.34 94852.66
1561923734.542024 26.24 94852.34
1561923794.5709293 26.20 94852.30
1561923854.599835 26.27 94855.01
1561923914.62874 26.25 94857.05
1561923974.657646 26.28 94856.41
1561924034.702151 26.20 94854.65
1561924094.7310567 26.25 94858.02
1561924154.759962 26.32 94854.53
1561924214.7888672 26.33 94854.32
1561924274.8177729 26.28 94856.00
1561924334.8466783 26.25 94856.95
1561924394.8911839 26.27 94858.19
1561924454.920089 26.37 94858.42
1561924514.9489946 26.32 94856.21
1561924574.9779 26.25 94855.54
1561924635.0068054 26.26 94852.88
1561924695.051311 26.31 94855.08
1561924755.0802164 26.23 94857.38
1561924815.1091218 26.35 94855.94
1561924875.1380272 26.29 94856.63
1561924935.1669328 26.23 94858.19
1561924995.2114382 26.22 94860.78
1561925055.2403436 26.24 94859.71
1561925115.269249 26.30 94859.89
1561925175.2981546 26.28 94859.92
1561925235.32706 26.24 94863.36
1561925295.3715653 26.26 94860.18
1561925355.4004707 26.22 94865.53
1561925415.4293764 26.23 94865.96
1561925475.4582818 26.22 94866.37
1561925535.4871871 26.28 94866.35
1561925595.5316925 26.33 94866.72
1561925655.5605981 26.28 94868.71
1561925715.5895035 26.23 94869.14
1561925775.618409 26.23 94869.71
1561925835.647314 26.18 94871.36
1561925895.6918197 26.22 94869.03
1561925955.7207253 26.22 94872.94
1561926015.7496307 26.30 94874.33
1561926075.778536 26.33 94872.25
1561926135.8074415 26.29 94871.88
1561926195.851947 26.27 94876.07
1561926255.8808525 26.36 94871.14
1561926315.9097579 26.28 94871.92
1561926375.9386635 26.30 94875.41
1561926435.9675686 26.33 94874.96
1561926495.996474 26.27 94873.03
1561926556.0409796 26.24 94875.30
1561926616.0698853 26.27 94872.53
1561926676.0987904 26.28 94875.97
1561926736.1276958 26.31 94874.69
1561926796.1566014 26.30 94875.17
1561926856.2011068 26.28 94876.57
1561926916.2300124 26.40 94876.60
1561926976.2589176 26.32 94872.90
1561927036.2878232 26.34 94874.15
1561927096.3167286 26.27 94872.30
1561927156.361234 26.28 94874.29
1561927216.3901393 26.26 94878.11
1561927276.419045 26.26 94878.51
1561927336.4479504 26.32 94877.92
1561927396.4768558 26.30 94880.27
1561927456.521361 26.34 94880.47
1561927516.5502667 26.31 94884.97
1561927576.5791721 26.30 94884.02
1561927636.6080775 26.32 94887.75
1561927696.6369832 26.29 94885.55
1561927756.6814883 26.30 94888.99
1561927816.710394 26.40 94893.80
1561927876.7392993 26.36 94891.14
1561927936.7682047 26.27 94892.88
1561927996.7971103 26.30 94894.25
1561928056.8260155 26.35 94891.09
1561928116.870521 26.37 94894.62
1561928176.8994265 26.31 94895.81
1561928236.9283319 26.29 94893.78
1561928296.9572375 26.29 94898.78
1561928356.9861426 26.30 94896.96
1561928417.0306482 26.26 94896.78
1561928477.0595539 26.26 94896.78
1561928537.0884593 26.29 94899.69
1561928597.1173644 26.33 94898.93
1561928657.14627 26.30 94900.78
1561928717.1907756 26.27 94903.37
1561928777.219681 26.36 94905.55
1561928837.2485864 26.24 94900.42
1561928897.2774918 26.23 94902.61
1561928957.3063972 26.34 94902.64
1561929017.3509028 26.37 94903.57
1561929077.379808 26.26 94902.17
1561929137.4087138 26.28 94904.60
1561929197.437619 26.25 94905.47
1561929257.4665244 26.29 94906.67
1561929317.51103 26.28 94908.08
1561929377.5399354 26.27 94909.30
1561929437.5688407 26.30 94909.19
1561929497.5977461 26.27 94910.14
1561929557.6266518 26.28 94912.16
1561929617.671157 26.28 94913.04
1561929677.7000625 26.34 94915.50
1561929737.728968 26.27 94913.32
1561929797.7578733 26.26 94913.58
1561929857.786779 26.34 94915.21
1561929917.8312843 26.33 94914.25
1561929977.8601897 26.35 94915.16
1561930037.889095 26.35 94916.50
1561930097.9180007 26.32 94916.53
1561930157.946906 26.26 94915.14
1561930217.9758115 26.35 94915.83
1561930278.0203168 26.33 94916.19
1561930338.0492225 26.36 94916.35
1561930398.0781279 26.29 94916.11
1561930458.107033 26.33 94916.69
1561930518.135939 26.25 94918.34
1561930578.1804442 26.27 94917.94
1561930638.2093496 26.28 94926.11
1561930698.238255 26.30 94921.66
1561930758.2671604 26.26 94924.36
1561930818.2960658 26.18 94922.57
1561930878.3405714 26.25 94923.70
1561930938.3694768 26.27 94925.65
1561930998.3983822 26.30 94922.83
1561931058.4272878 26.27 94925.39
1561931118.456193 26.30 94924.94
1561931178.5006986 26.34 94924.32
1561931238.5296042 26.36 94925.57
1561931298.5585093 26.32 94923.24
1561931358.5874147 26.36 94922.25
1561931418.6163204 26.37 94928.53
1561931478.660826 26.37 94923.61
1561931538.6897311 26.33 94926.82
1561931598.7186365 26.31 94931.00
1561931658.747542 26.34 94934.14
1561931718.7764475 26.36 94934.65
1561931778.805353 26.32 94933.07
1561931838.8498583 26.35 94938.17
1561931898.8787637 26.34 94931.19
1561931958.9076693 26.35 94937.78
1561932018.9365747 26.35 94931.25
1561932078.96548 26.38 94929.71
1561932139.0099854 26.36 94927.41
1561932199.038891 26.37 94925.28
1561932259.0677965 26.36 94927.44
1561932319.0967019 26.35 94927.33
1561932379.1256075 26.31 94932.50
1561932439.1701128 26.32 94932.17
1561932499.1990182 26.34 94934.82
1561932559.2279236 26.34 94937.99
1561932619.2568293 26.29 94933.60
1561932679.2857344 26.28 94933.25
1561932739.33024 26.30 94936.24
1561932799.3591454 26.31 94935.46
1561932859.388051 26.40 94935.83
1561932919.4169564 26.38 94935.90
1561932979.4458616 26.35 94934.22
1561933039.4903672 26.27 94938.55
1561933099.5192728 26.27 94935.47
1561933159.5481782 26.40 94936.71
1561933219.5770833 26.39 94940.94
1561933279.605989 26.35 94937.28
1561933339.6504946 26.34 94939.24
1561933399.6793997 26.35 94937.38
1561933459.7083054 26.30 94941.60
1561933519.7372105 26.35 94943.44
1561933579.7661161 26.31 94942.23
1561933639.7950215 26.27 94943.08
1561933699.839527 26.34 94947.01
1561933759.8684323 26.36 94948.89
1561933819.897338 26.32 94945.86
1561933879.9262433 26.29 94951.77
1561933939.9551487 26.29 94948.39
1561933999.999654 26.23 94955.07
1561934060.0285597 26.32 94952.07
1561934120.057465 26.25 94953.84
1561934180.0863705 26.29 94956.77
1561934240.115276 26.36 94953.59
1561934300.1597815 26.35 94959.57
1561934360.1886868 26.36 94958.85
1561934420.2175922 26.36 94957.25
1561934480.2464979 26.39 94958.71
1561934540.2754033 26.43 94957.08
1561934600.3199086 26.35 94955.17
1561934660.348814 26.29 94959.31
1561934720.3777196 26.30 94959.63
1561934780.406625 26.30 94964.05
1561934840.4355304 26.31 94964.94
1561934900.4644358 26.34 94969.74
1561934960.5089414 26.30 94970.86
1561935020.5378468 26.30 94967.25
1561935080.5667522 26.32 94971.84
1561935140.5956578 26.26 94975.91
1561935200.624563 26.31 94978.99
1561935260.6690686 26.35 94976.28
1561935320.697974 26.44 94970.33
1561935380.7268796 26.38 94973.51
1561935440.7557847 26.43 94974.61
1561935500.7846901 26.34 94970.17
1561935560.8291957 26.36 94974.51
1561935620.858101 26.30 94977.46
1561935680.8870068 26.33 94975.32
1561935740.915912 26.35 94975.55
1561935800.9448173 26.37 94974.12
1561935860.989323 26.33 94971.22
1561935921.0182283 26.32 94974.57
1561935981.0471337 26.28 94976.67
1561936041.076039 26.30 94978.37
1561936101.1049447 26.30 94978.07
1561936161.14945 26.31 94977.35
1561936221.1783555 26.32 94979.38
1561936281.2072608 26.21 94981.67
1561936341.2361665 26.18 94978.85
1561936401.2650719 26.24 94980.42
1561936461.3095772 26.29 94982.41
1561936521.3384826 26.30 94983.77
1561936581.3673882 26.29 94982.87
1561936641.3962936 26.30 94986.11
1561936701.425199 26.26 94985.07
1561936761.4541047 26.26 94981.90
1561936821.49861 26.30 94987.11
1561936881.5275154 26.34 94987.77
1561936941.5564208 26.30 94986.61
1561937001.5853264 26.35 94986.05
1561937061.6142318 26.28 94989.25
1561937121.6587372 26.29 94991.65
1561937181.6876426 26.28 94992.88
1561937241.7165482 26.37 94992.32
1561937301.7454536 26.35 94993.89
1561937361.7743587 26.30 94995.00
1561937421.8188643 26.32 94996.91
1561937481.8477697 26.35 94996.33
1561937541.8766751 26.31 94996.28
1561937601.9055808 26.30 94995.40
1561937661.934486 26.29 94998.02
1561937721.9789915 26.28 94993.08
1561937782.0078971 26.26 94994.74
1561937842.0368023 26.28 94999.28
1561937902.0657077 26.32 94996.14
1561937962.0946133 26.28 94999.24
1561938022.139119 26.27 94997.61
1561938082.1680243 26.26 94994.95
1561938142.1969295 26.26 94997.36
1561938202.225835 26.35 94997.44
1561938262.2547405 26.35 94998.39
1561938322.2836459 26.34 95002.02
1561938382.3281512 26.27 94997.95
1561938442.3570569 26.24 94994.50
1561938502.3859622 26.28 94994.08
1561938562.4148676 26.28 94995.92
1561938622.4437733 26.27 94999.22
1561938682.4882786 26.26 94994.47
1561938742.517184 26.33 94996.19
1561938802.5460894 26.31 94995.52
1561938862.574995 26.31 94992.27
1561938922.6039004 26.28 94991.76
1561938982.6484058 26.27 94994.02
1561939042.6773112 26.28 94992.24
1561939102.7062168 26.27 94992.42
1561939162.7351222 26.30 94993.05
1561939222.7640274 26.26 94998.42
