1559952071.05418 24.29 95239.67
1559952131.0830853 24.33 95242.61
1559952191.1119907 24.27 95246.55
1559952251.156496 24.22 95251.74
1559952311.1854017 24.20 95250.23
1559952371.214307 24.23 95249.36
1559952431.2432125 24.22 95249.83
1559952491.272118 24.17 95254.35
1559952551.3010235 24.15 95253.74
1559952611.3299289 24.12 95252.50
1559952671.3588343 24.11 95250.74
1559952731.4033399 24.18 95250.37
1559952791.4322453 24.19 95253.17
1559952851.4611506 24.26 95253.14
1559952911.4900563 24.23 95252.91
1559952971.5189614 24.23 95257.78
1559953031.5478668 24.24 95254.61
1559953091.5767725 24.24 95256.28
1559953151.6056778 24.23 95255.08
1559953211.6345832 24.20 95255.71
1559953271.6790886 24.19 95260.06
1559953331.7079942 24.23 95259.65
1559953391.7368996 24.24 95259.72
1559953451.765805 24.29 95256.67
1559953511.7947106 24.31 95257.55
1559953571.823616 24.26 95256.11
1559953631.8525212 24.20 95260.75
1559953691.8814266 24.16 95262.33
1559953751.9103322 24.16 95262.16
1559953811.9548376 24.11 95257.35
1559953871.983743 24.10 95258.14
1559953932.0126483 24.12 95255.47
1559953992.041554 24.18 95254.08
1559954052.0704594 24.19 95249.50
1559954112.0993648 24.23 95247.36
1559954172.1282704 24.19 95249.43
1559954232.1571758 24.16 95251.64
1559954292.2016811 24.14 95252.27
1559954352.2305865 24.12 95252.17
1559954412.2594922 24.18 95251.80
1559954472.2883976 24.16 95246.59
1559954532.3173027 24.16 95250.03
1559954592.3462083 24.12 95241.72
1559954652.3751137 24.14 95237.64
1559954712.404019 24.16 95240.08
1559954772.4329247 24.07 95236.31
1559954832.47743 24.13 95237.50
1559954892.5063355 24.22 95241.25
1559954952.535241 24.14 95244.55
1559955012.5641465 24.14 95243.42
1559955072.593052 24.13 95246.86
1559955132.6219573 24.18 95245.36
1559955192.6508627 24.21 95242.41
1559955252.679768 24.23 95240.28
1559955312.7086735 24.27 95236.23
1559955372.737579 24.28 95234.63
1559955432.7664845 24.21 95233.22
1559955492.8109899 24.21 95232.75
1559955552.8398952 24.13 95232.60
1559955612.8688009 24.16 95234.74
1559955672.8977063 24.15 95234.83
1559955732.9266117 24.19 95233.96
1559955792.9555173 24.25 95233.80
1559955852.9844224 24.17 95232.13
1559955913.0133278 24.12 95230.63
1559955973.0422332 24.15 95227.68
1559956033.0867388 24.22 95223.83
1559956093.1156445 24.18 95220.97
1559956153.1445496 24.26 95219.39
1559956213.173455 24.23 95220.36
1559956273.2023606 24.22 95220.92
1559956333.231266 24.16 95221.80
1559956393.2601714 24.22 95224.00
1559956453.289077 24.23 95224.64
1559956513.3179822 24.28 95219.05
1559956573.3624878 24.26 95218.69
1559956633.3913932 24.20 95220.83
1559956693.4202988 24.14 95220.53
1559956753.4492042 24.14 95220.27
1559956813.4781094 24.14 95218.36
1559956873.507015 24.09 95219.67
1559956933.5359204 24.11 95216.10
1559956993.5648258 24.16 95215.02
1559957053.5937314 24.09 95212.82
1559957113.6382368 24.13 95211.49
1559957173.6671422 24.11 95214.46
1559957233.6960475 24.04 95214.10
1559957293.7249532 24.03 95211.79
1559957353.7538586 24.05 95215.50
1559957413.7827637 24.17 95216.16
1559957473.8116696 24.23 95215.96
1559957533.8405747 24.29 95216.11
1559957593.8694801 24.27 95213.28
1559957653.9139857 24.21 95212.28
1559957713.9428911 24.18 95212.92
1559957773.9717965 24.18 95207.81
1559957834.000702 24.23 95208.27
1559957894.0296075 24.15 95207.94
1559957954.058513 24.17 95211.92
1559958014.0874183 24.14 95215.75
1559958074.1163235 24.12 95214.66
1559958134.1452293 24.17 95214.82
1559958194.1897347 24.19 95214.25
1559958254.21864 24.18 95216.63
1559958314.2475457 24.14 95212.19
1559958374.2764509 24.13 95215.66
1559958434.3053563 24.19 95217.25
1559958494.3342617 24.20 95222.30
1559958554.3631673 24.22 95222.43
1559958614.3920727 24.25 95224.10
1559958674.436578 24.21 95225.58
1559958734.4654834 24.17 95227.85
1559958794.494389 24.17 95232.46
1559958854.5232944 24.19 95229.61
1559958914.5521998 24.24 95230.61
1559958974.5811055 24.19 95232.46
1559959034.6100109 24.17 95232.75
1559959094.638916 24.26 95232.39
1559959154.6678216 24.24 95232.12
1559959214.7123272 24.19 95231.39
1559959274.7412324 24.15 95230.99
1559959334.770138 24.18 95228.65
1559959394.7990434 24.22 95230.22
1559959454.8279488 24.27 95229.45
1559959514.8568542 24.28 95230.02
1559959574.8857598 24.36 95231.97
1559959634.9146652 24.36 95233.52
1559959694.9435706 24.33 95238.63
1559959754.988076 24.18 95237.74
1559959815.0169816 24.16 95235.39
1559959875.045887 24.17 95233.30
1559959935.0747921 24.12 95230.92
1559959995.103698 24.19 95229.46
1559960055.1326032 24.22 95229.45
1559960115.1615086 24.27 95224.10
1559960175.1904142 24.33 95224.29
1559960235.2193196 24.28 95230.58
1559960295.248225 24.27 95228.48
1559960355.2927303 24.27 95230.02
1559960415.3216357 24.20 95229.49
1559960475.3505414 24.21 95231.39
1559960535.3794467 24.29 95234.16
1559960595.4083524 24.30 95234.75
1559960655.4372578 24.26 95235.60
1559960715.466163 24.28 95232.62
1559960775.4950683 24.31 95235.66
1559960835.523974 24.31 95234.82
1559960895.5528793 24.33 95233.61
1559960955.5973847 24.30 95233.85
1559961015.62629 24.24 95234.50
1559961075.6551957 24.23 95232.75
1559961135.684101 24.28 95236.42
1559961195.7130065 24.24 95234.73
1559961255.7419121 24.23 95232.72
1559961315.7708173 24.15 95234.03
1559961375.7997227 24.21 95237.40
1559961435.8286283 24.17 95238.47
1559961495.873134 24.20 95238.44
1559961555.9020393 24.17 95240.54
1559961615.9309444 24.10 95245.13
1559961675.95985 24.11 95246.82
1559961735.9887555 24.18 95247.26
1559961796.0176609 24.10 95242.11
1559961856.0465665 24.09 95241.82
1559961916.0754719 24.05 95239.88
1559961976.104377 24.05 95238.35
1559962036.1488826 24.03 95239.04
1559962096.1777883 23.99 95234.74
1559962156.2066934 23.93 95235.90
1559962216.235599 23.93 95232.60
1559962276.2645044 23.91 95235.27
1559962336.2934098 23.89 95237.40
1559962396.3223152 23.87 95232.46
1559962456.3512208 23.92 95233.07
1559962516.3801262 23.97 95231.92
1559962576.4090316 23.95 95232.10
1559962636.453537 24.00 95232.42
1559962696.4824424 24.03 95233.93
1559962756.511348 23.96 95233.96
1559962816.5402534 23.97 95235.53
1559962876.569159 23.95 95233.73
1559962936.5980642 23.93 95234.60
1559962996.6269696 23.96 95232.39
1559963056.655875 23.91 95233.60
1559963116.6847806 23.91 95233.96
1559963176.729286 23.97 95231.36
1559963236.7581913 24.03 95232.43
1559963296.7870967 24.07 95232.63
1559963356.8160024 24.01 95236.17
1559963416.8449078 24.03 95232.76
1559963476.8738132 24.02 95231.96
1559963536.9027188 23.93 95229.25
1559963596.931624 23.88 95232.53
1559963656.9605293 23.92 95226.99
1559963716.989435 23.96 95227.55
1559963777.0339406 23.96 95225.61
1559963837.0628457 24.00 95224.61
1559963897.0917513 24.08 95223.08
1559963957.1206567 23.96 95222.00
1559964017.1495621 23.91 95221.51
1559964077.1784675 23.85 95216.53
1559964137.2073731 23.91 95217.44
1559964197.2362783 23.89 95214.13
1559964257.265184 23.91 95215.07
1559964317.2940893 23.92 95210.29
1559964377.338595 23.88 95211.69
1559964437.3675003 23.93 95211.89
1559964497.3964055 23.97 95210.25
1559964557.425311 23.93 95216.07
1559964617.4542165 23.94 95211.72
1559964677.4831219 23.99 95213.53
1559964737.5120275 23.96 95212.02
1559964797.540933 23.89 95209.85
1559964857.569838 23.93 95209.39
1559964917.6143436 23.92 95209.28
1559964977.643249 23.94 95205.82
1559965037.6565545 23.96 95209.28
1559965097.70106 23.96 95205.74
1559965157.7299652 23.95 95203.71
1559965217.7588708 23.91 95205.38
1559965277.7877762 23.87 95206.21
1559965337.8166816 23.89 95205.85
1559965397.8455873 23.91 95204.64
1559965457.8744926 23.92 95206.58
1559965517.903398 23.93 95205.41
1559965577.9323037 23.85 95206.68
1559965637.976809 23.85 95208.42
1559965698.0057144 23.80 95207.38
1559965758.0346198 23.87 95206.45
1559965818.0635254 23.88 95206.32
1559965878.0924306 23.87 95209.02
1559965938.121336 23.93 95206.55
1559965998.1502416 23.86 95207.82
1559966058.179147 23.93 95211.52
1559966118.2080524 23.88 95209.32
1559966178.236958 23.84 95210.22
1559966238.2814634 23.88 95208.52
1559966298.3103688 23.88 95208.65
1559966358.3392742 23.83 95210.42
1559966418.3681798 23.87 95209.89
1559966478.3970852 23.88 95206.98
1559966538.4259903 23.90 95208.69
1559966598.454896 23.90 95205.45
1559966658.4838014 23.92 95206.35
1559966718.5127068 23.90 95207.35
1559966778.5416124 23.87 95207.55
1559966838.5861177 23.85 95209.02
1559966898.6150231 23.87 95208.05
1559966958.6439285 23.93 95208.22
1559967018.6728342 23.89 95202.71
1559967078.7017395 23.88 95203.17
1559967138.730645 23.84 95201.50
1559967198.75955 23.87 95197.16
1559967258.7884557 23.88 95199.97
1559967318.817361 23.84 95196.30
1559967378.8462665 23.83 95192.75
1559967438.8907723 23.89 95194.16
1559967498.9196775 23.90 95195.57
1559967558.948583 23.89 95194.70
1559967618.9774883 23.82 95194.39
1559967679.006394 23.80 95198.39
1559967739.0352993 23.83 95195.96
1559967799.0642047 23.81 95195.06
1559967859.09311 23.82 95193.10
1559967919.1220155 23.83 95190.75
1559967979.1509209 23.78 95190.28
1559968039.1954265 23.86 95192.69
1559968099.2243319 23.80 95189.28
1559968159.2532372 23.83 95190.46
1559968219.2821426 23.84 95188.32
1559968279.3110483 23.89 95187.65
1559968339.3399537 23.81 95189.08
1559968399.368859 23.83 95185.11
1559968459.3977647 23.83 95185.71
1559968519.42667 23.83 95189.08
1559968579.4555752 23.85 95185.94
1559968639.4844809 23.89 95185.24
1559968699.5289865 23.90 95188.75
1559968759.5578916 23.81 95182.88
1559968819.5867972 23.85 95183.54
1559968879.6157026 23.78 95185.32
1559968939.644608 23.84 95178.30
1559968999.6735134 23.80 95179.17
1559969059.702419 23.75 95178.53
1559969119.7313244 23.75 95178.77
1559969179.7602298 23.74 95180.14
1559969239.7891352 23.76 95175.77
1559969299.8336408 23.79 95175.23
1559969359.8625462 23.82 95174.13
1559969419.8914514 23.82 95181.57
1559969479.9203572 23.84 95178.77
1559969539.9492624 23.81 95178.20
1559969599.9781678 23.80 95175.00
1559969660.0070732 23.85 95176.77
1559969720.0359788 23.83 95175.92
1559969780.0648842 23.77 95173.92
1559969840.0937896 23.80 95172.82
1559969900.122695 23.75 95173.69
1559969960.1516004 23.77 95175.53
1559970020.1805058 23.77 95171.12
1559970080.2250113 23.72 95171.69
1559970140.2539167 23.82 95172.35
1559970200.2828221 23.87 95168.72
1559970260.3117275 23.86 95174.13
1559970320.3406332 23.88 95173.60
1559970380.3695385 23.90 95172.19
1559970440.398444 23.85 95169.52
1559970500.4273496 23.87 95166.98
1559970560.4562547 23.85 95169.58
1559970620.48516 23.88 95171.25
1559970680.5296657 23.87 95168.61
1559970740.5585713 23.93 95173.66
1559970800.5874765 23.88 95173.86
1559970860.616382 23.89 95172.66
1559970920.6452875 23.83 95168.75
1559970980.674193 23.79 95168.55
1559971040.7030983 23.74 95166.82
1559971100.732004 23.79 95168.28
1559971160.7609093 23.85 95166.91
1559971220.8054147 23.76 95163.64
1559971280.83432 23.75 95164.55
1559971340.8632257 23.71 95165.58
1559971400.892131 23.70 95158.74
1559971460.9210362 23.74 95164.00
1559971520.949942 23.76 95162.14
1559971580.9788473 23.73 95160.21
1559971641.0077527 23.81 95160.74
1559971701.0366583 23.81 95162.21
1559971761.0655637 23.72 95161.84
1559971821.110069 23.68 95159.97
1559971881.1389744 23.66 95157.20
1559971941.1678798 23.68 95157.90
1559972001.1967854 23.71 95155.57
1559972061.2256908 23.72 95159.17
1559972121.254596 23.73 95160.21
1559972181.2835019 23.70 95156.67
1559972241.312407 23.71 95157.70
1559972301.3413124 23.69 95159.44
1559972361.370218 23.75 95158.37
1559972421.3991234 23.71 95156.74
1559972481.4436288 23.75 95157.43
1559972541.4725342 23.72 95155.03
1559972601.5014398 23.78 95156.39
1559972661.5303452 23.77 95159.77
1559972721.5592506 23.75 95154.73
1559972781.588156 23.73 95156.63
1559972841.6170614 23.71 95153.26
1559972901.6459668 23.73 95157.40
1559972961.6748724 23.66 95156.24
1559973021.7037778 23.68 95154.29
1559973081.7326832 23.65 95154.39
1559973141.7771885 23.66 95152.73
1559973201.8060942 23.67 95152.82
1559973261.8349996 23.72 95156.70
1559973321.863905 23.71 95152.29
1559973381.8928106 23.70 95152.63
1559973441.921716 23.72 95155.03
1559973501.9506211 23.68 95155.19
1559973561.9795268 23.67 95156.73
1559973622.0084321 23.65 95156.66
1559973682.0373375 23.63 95153.13
1559973742.0662432 23.65 95154.76
1559973802.1107485 23.71 95155.07
1559973862.139654 23.66 95155.63
1559973922.1685593 23.68 95155.66
1559973982.197465 23.67 95154.89
1559974042.2263703 23.69 95156.10
1559974102.2552757 23.64 95149.85
1559974162.2841809 23.64 95154.76
1559974222.3130865 23.72 95149.99
1559974282.341992 23.68 95151.36
1559974342.3708973 23.68 95154.53
1559974402.399803 23.71 95146.05
1559974462.4287083 23.69 95147.69
1559974522.4576137 23.66 95148.12
1559974582.4865193 23.64 95146.18
1559974642.5310247 23.65 95146.38
1559974702.55993 23.68 95147.85
1559974762.5888355 23.70 95146.28
1559974822.6177409 23.67 95145.58
1559974882.6466463 23.75 95147.39
1559974942.6755517 23.68 95145.45
1559975002.7044573 23.68 95143.38
1559975062.7333627 23.66 95145.28
1559975122.762268 23.65 95147.89
1559975182.7911735 23.62 95147.72
1559975242.820079 23.61 95152.29
1559975302.8645844 23.64 95149.52
1559975362.8934898 23.62 95151.19
1559975422.9223955 23.61 95152.25
1559975482.9513006 23.62 95154.22
1559975542.980206 23.60 95150.22
1559975603.0091116 23.61 95155.86
1559975663.038017 23.66 95155.19
1559975723.0669224 23.68 95154.29
1559975783.095828 23.65 95153.50
1559975843.1247332 23.63 95153.00
1559975903.1536388 23.58 95155.56
1559975963.1981442 23.60 95158.67
1559976023.2270498 23.66 95157.07
1559976083.2559552 23.64 95155.53
1559976143.2848606 23.65 95155.83
1559976203.313766 23.59 95155.19
1559976263.3426714 23.61 95156.86
1559976323.3715768 23.61 95160.80
1559976383.4004824 23.59 95157.36
1559976443.4293878 23.57 95159.57
1559976503.4582932 23.61 95158.64
1559976563.4871988 23.58 95159.86
1559976623.531704 23.61 95160.14
1559976683.5606096 23.64 95161.21
1559976743.589515 23.62 95164.24
1559976803.6184204 23.60 95161.67
1559976863.6473258 23.57 95162.33
1559976923.6762311 23.58 95163.47
1559976983.7051365 23.63 95167.14
1559977043.7340422 23.62 95165.57
1559977103.7629476 23.64 95163.60
1559977163.791853 23.60 95157.22
1559977223.8207586 23.55 95164.36
1559977283.8496637 23.57 95155.16
1559977343.8941693 23.68 95157.07
1559977403.9230747 23.66 95154.19
1559977463.9519804 23.64 95156.42
1559977523.9808855 23.58 95154.46
1559977584.009791 23.55 95154.52
1559977644.0386965 23.63 95157.07
1559977704.067602 23.59 95157.30
1559977764.0965073 23.61 95158.80
1559977824.125413 23.60 95153.05
1559977884.154318 23.58 95161.10
1559977944.1832237 23.63 95162.14
1559978004.212129 23.59 95160.60
1559978064.2410345 23.60 95165.81
1559978124.26994 23.55 95169.97
1559978184.3144453 23.54 95166.17
1559978244.343351 23.57 95164.83
1559978304.3722563 23.53 95168.64
1559978364.4011617 23.60 95167.97
1559978424.4300673 23.63 95171.14
1559978484.4589727 23.65 95166.85
1559978544.4878778 23.59 95170.01
1559978604.5167837 23.60 95170.01
1559978664.5456889 23.60 95168.82
1559978724.5745943 23.61 95166.64
1559978784.6035 23.61 95166.21
1559978844.6324053 23.55 95166.24
1559978904.6769106 23.49 95162.22
1559978964.705816 23.50 95163.92
1559979024.7347214 23.52 95160.60
1559979084.763627 23.57 95159.42
1559979144.7925324 23.53 95159.00
1559979204.8214378 23.56 95162.60
1559979264.8503435 23.56 95158.03
1559979324.8792486 23.55 95157.06
1559979384.908154 23.55 95160.83
1559979444.9370596 23.52 95155.72
1559979504.965965 23.52 95157.16
1559979564.9948704 23.55 95157.16
1559979625.0393758 23.54 95156.86
1559979685.0682814 23.53 95158.32
1559979745.0971868 23.51 95159.29
1559979805.1260922 23.50 95156.66
1559979865.1549978 23.51 95158.69
1559979925.183903 23.46 95158.08
1559979985.2128084 23.49 95160.69
1559980045.241714 23.48 95156.02
1559980105.2706194 23.54 95154.32
1559980165.2995248 23.53 95157.16
1559980225.3284304 23.48 95153.41
1559980285.3573358 23.48 95158.08
1559980345.4018412 23.55 95153.15
1559980405.4307466 23.52 95152.78
1559980465.4596522 23.54 95158.32
1559980525.4885576 23.54 95155.69
1559980585.5174627 23.54 95155.02
1559980645.5463686 23.52 95157.72
1559980705.5752738 23.54 95155.99
1559980765.6041791 23.53 95155.99
1559980825.6330848 23.56 95156.79
1559980885.6619902 23.50 95156.46
1559980945.6908956 23.53 95155.78
1559981005.7198012 23.53 95157.16
1559981065.7643065 23.58 95155.69
1559981125.793212 23.54 95158.53
1559981185.8221173 23.58 95156.72
1559981245.8510225 23.56 95155.53
1559981305.8799284 23.55 95161.36
1559981365.9088335 23.56 95160.23
1559981425.937739 23.55 95162.36
1559981485.9666445 23.56 95160.73
1559981545.99555 23.60 95161.17
1559981606.0244553 23.58 95160.70
1559981666.053361 23.61 95160.46
1559981726.082266 23.61 95164.31
1559981786.1111715 23.59 95166.77
1559981846.140077 23.58 95165.87
1559981906.1689825 23.64 95169.71
1559981966.213488 23.53 95167.40
1559982026.2423933 23.51 95166.36
1559982086.271299 23.53 95169.64
1559982146.3002043 23.53 95167.47
1559982206.3291097 23.49 95169.57
1559982266.3580153 23.49 95173.44
1559982326.3869207 23.47 95173.24
1559982386.4158258 23.48 95175.14
1559982446.4447315 23.48 95172.30
1559982506.4736369 23.49 95174.94
1559982566.5025423 23.59 95177.28
1559982626.531448 23.53 95175.32
1559982686.5759532 23.51 95174.53
1559982746.6048586 23.55 95177.68
1559982806.633764 23.51 95180.39
1559982866.6626697 23.46 95181.81
1559982926.691575 23.52 95178.99
1559982986.7204804 23.50 95179.61
1559983046.7493858 23.48 95181.11
1559983106.7782912 23.50 95176.17
1559983166.8071966 23.47 95179.07
1559983226.8361022 23.47 95183.24
1559983286.8650076 23.44 95187.88
1559983346.893913 23.43 95187.14
1559983406.9384184 23.49 95186.52
1559983466.967324 23.48 95188.82
1559983526.9962294 23.47 95189.25
1559983587.0251348 23.44 95190.68
1559983647.0540404 23.44 95193.05
1559983707.0829458 23.42 95190.75
1559983767.111851 23.41 95191.77
1559983827.1407564 23.47 95195.69
1559983887.169662 23.48 95201.00
1559983947.1985674 23.48 95201.00
1559984007.2274728 23.48 95204.41
1559984067.2563784 23.46 95206.53
1559984127.3008838 23.44 95202.69
1559984187.3297892 23.45 95204.27
1559984247.3586946 23.46 95202.50
1559984307.3876 23.44 95204.57
1559984367.4165056 23.44 95206.70
1559984427.4454107 23.46 95211.14
1559984487.4743164 23.50 95215.69
1559984547.5032218 23.42 95220.71
1559984607.5321271 23.42 95221.11
1559984667.5610328 23.46 95222.35
1559984727.5899382 23.46 95229.76
1559984787.6188433 23.51 95227.10
1559984847.6477492 23.50 95233.74
1559984907.6922545 23.48 95233.60
1559984967.72116 23.50 95231.41
1559985027.7500653 23.48 95233.17
1559985087.7789707 23.45 95235.76
1559985147.807876 23.46 95240.53
1559985207.8367815 23.46 95242.21
1559985267.8656871 23.46 95243.11
1559985327.8945925 23.48 95246.28
1559985387.923498 23.49 95248.25
1559985447.9524033 23.45 95251.14
1559985507.981309 23.46 95251.58
1559985568.010214 23.46 95249.78
1559985628.0391197 23.45 95253.95
1559985688.068025 23.49 95255.19
1559985748.0969305 23.52 95254.21
1559985808.1258357 23.47 95259.33
1559985868.1703415 23.51 95258.31
1559985928.199247 23.46 95257.36
1559985988.2281523 23.46 95255.85
1559986048.257058 23.46 95254.28
1559986108.2859633 23.40 95254.21
1559986168.3148685 23.40 95253.41
1559986228.3437738 23.43 95255.48
1559986288.3726795 23.41 95254.94
1559986348.4015849 23.42 95250.74
1559986408.4304903 23.42 95253.07
1559986468.459396 23.40 95259.05
1559986528.4883013 23.42 95259.42
1559986588.5328066 23.47 95261.36
1559986648.561712 23.48 95266.30
1559986708.5906177 23.43 95270.50
1559986768.619523 23.41 95273.36
1559986828.6484282 23.44 95272.60
1559986888.6773338 23.45 95279.01
1559986948.7062392 23.41 95278.53
1559987008.7351446 23.39 95279.92
1559987068.7640502 23.47 95280.39
1559987128.7929556 23.44 95284.32
1559987188.821861 23.42 95286.61
1559987248.8507664 23.40 95283.80
1559987308.8796718 23.38 95285.16
1559987368.9241774 23.40 95286.94
1559987428.9530828 23.45 95288.69
1559987488.9819882 23.44 95291.22
1559987549.0108938 23.42 95292.61
1559987609.039799 23.39 95297.38
1559987669.0687046 23.40 95297.11
1559987729.09761 23.40 95297.98
1559987789.1265154 23.39 95298.67
1559987849.1554208 23.38 95305.58
1559987909.1843264 23.39 95306.46
1559987969.2132316 23.36 95307.48
1559988029.2421372 23.37 95309.28
1559988089.2710426 23.36 95307.74
1559988149.315548 23.37 95311.58
1559988209.3444533 23.39 95308.02
1559988269.373359 23.39 95311.89
1559988329.4022644 23.37 95316.39
1559988389.4311697 23.39 95318.19
1559988449.4600754 23.40 95321.37
1559988509.4889805 23.41 95326.25
1559988569.5178862 23.40 95329.11
1559988629.5467913 23.44 95330.27
1559988689.575697 23.44 95329.66
1559988749.6046023 23.41 95332.75
1559988809.6335077 23.37 95335.53
1559988869.6624134 23.43 95337.57
1559988929.7069187 23.42 95337.96
1559988989.735824 23.45 95343.82
1559989049.7647295 23.42 95343.07
1559989109.7936351 23.41 95343.30
1559989169.8225405 23.43 95342.07
1559989229.851446 23.43 95343.78
1559989289.8803513 23.38 95343.46
1559989349.9092567 23.39 95341.16
1559989409.938162 23.38 95347.72
1559989469.9670677 23.41 95348.60
1559989529.995973 23.44 95355.29
1559989590.0248785 23.44 95356.86
1559989650.053784 23.40 95356.91
1559989710.0826893 23.40 95358.31
1559989770.1115947 23.37 95367.24
1559989830.1405003 23.43 95371.07
1559989890.1694057 23.41 95363.99
1559989950.213911 23.40 95365.18
1559990010.2428164 23.37 95362.50
1559990070.271722 23.39 95360.00
1559990130.3006275 23.38 95356.24
1559990190.3295329 23.38 95358.36
1559990250.3584385 23.36 95360.02
1559990310.387344 23.34 95361.72
1559990370.416249 23.38 95361.97
1559990430.4451547 23.39 95363.44
1559990490.47406 23.43 95367.80
1559990550.5029655 23.39 95368.08
1559990610.531871 23.40 95369.49
1559990670.5607765 23.33 95369.82
1559990730.6052818 23.33 95373.29
1559990790.6341872 23.32 95370.99
1559990850.6630929 23.37 95365.74
1559990910.6919982 23.38 95371.88
1559990970.7209036 23.37 95377.49
1559991030.7498088 23.38 95379.99
1559991090.7787144 23.40 95379.53
1559991150.8076198 23.40 95382.74
1559991210.8365252 23.43 95378.41
1559991270.8654308 23.42 95379.85
1559991330.8943362 23.39 95379.13
1559991390.9232414 23.43 95381.61
1559991450.967747 23.45 95385.10
1559991510.9966526 23.45 95390.30
1559991571.025558 23.46 95395.21
1559991631.0544634 23.44 95391.67
1559991691.0833688 23.46 95393.50
1559991751.1122742 23.47 95397.32
1559991811.1411796 23.46 95395.55
1559991871.1700852 23.44 95395.77
1559991931.1989906 23.40 95395.92
1559991991.227896 23.40 95397.42
1559992051.2568014 23.49 95402.71
1559992111.285707 23.45 95403.14
1559992171.3146122 23.45 95410.28
1559992231.3591177 23.44 95415.96
1559992291.3880234 23.42 95410.31
1559992351.4169285 23.49 95408.78
1559992411.445834 23.45 95405.89
1559992471.4747396 23.47 95402.69
1559992531.503645 23.48 95400.86
1559992591.5325503 23.45 95401.11
1559992651.561456 23.47 95399.52
1559992711.590361 23.45 95398.38
1559992771.6192667 23.47 95401.69
1559992831.6481721 23.45 95401.54
1559992891.6770775 23.49 95401.36
1559992951.705983 23.52 95399.85
1559993011.7348886 23.43 95399.27
1559993071.763794 23.47 95398.82
1559993131.7926993 23.48 95401.72
1559993191.8372047 23.44 95400.24
1559993251.8661103 23.43 95400.63
1559993311.8950157 23.45 95400.28
1559993371.923921 23.46 95394.58
1559993431.9528267 23.48 95394.22
1559993491.981732 23.44 95386.26
1559993552.0106373 23.43 95387.69
1559993612.0395427 23.47 95390.01
1559993672.0684483 23.47 95394.92
1559993732.0973537 23.51 95400.64
1559993792.126259 23.50 95405.75
1559993852.1551645 23.52 95416.10
1559993912.19967 23.47 95417.17
1559993972.2285755 23.45 95416.16
1559994032.2574809 23.46 95411.57
1559994092.2863863 23.52 95413.93
1559994152.3152916 23.51 95409.32
1559994212.344197 23.48 95408.64
1559994272.3731027 23.50 95410.92
1559994332.402008 23.49 95408.28
1559994392.4309134 23.51 95401.75
1559994452.459819 23.56 95401.36
1559994512.4887245 23.55 95393.69
1559994572.5176296 23.50 95395.89
1559994632.5621352 23.51 95393.36
1559994692.5910408 23.47 95394.35
1559994752.619946 23.45 95398.21
1559994812.6488516 23.48 95400.23
1559994872.677757 23.48 95401.36
1559994932.7066624 23.55 95402.83
1559994992.7355678 23.58 95402.38
1559995052.7644734 23.49 95403.34
1559995112.7933788 23.47 95401.42
1559995172.8222842 23.47 95402.33
1559995232.8511896 23.46 95406.96
1559995292.880095 23.45 95408.05
1559995352.9246006 23.50 95408.25
1559995412.9535058 23.55 95413.38
1559995472.9824116 23.54 95420.41
1559995533.0113168 23.56 95421.19
1559995593.0402222 23.58 95426.14
1559995653.0691278 23.54 95423.75
1559995713.0980332 23.52 95423.24
1559995773.1269386 23.46 95429.65
1559995833.1558442 23.52 95430.62
1559995893.1847494 23.54 95426.10
1559995953.2136548 23.55 95427.86
1559996013.2425601 23.53 95430.63
1559996073.2870657 23.49 95432.91
1559996133.3159711 23.44 95434.11
1559996193.3448765 23.50 95432.11
1559996253.373782 23.52 95431.05
1559996313.4026875 23.51 95425.44
1559996373.431593 23.51 95428.57
1559996433.4604983 23.50 95422.60
1559996493.489404 23.50 95425.53
1559996553.518309 23.49 95426.36
1559996613.5472145 23.49 95426.57
1559996673.5761201 23.47 95426.02
1559996733.6050255 23.45 95427.98
1559996793.649531 23.50 95424.89
1559996853.6784363 23.52 95427.71
1559996913.6917417 23.50 95424.24
1559996973.7362473 23.47 95428.02
1559997033.7651527 23.52 95430.89
1559997093.7940583 23.52 95432.25
1559997153.8229637 23.56 95434.04
1559997213.8518689 23.57 95436.28
1559997273.8807745 23.53 95433.72
1559997333.90968 23.51 95433.45
1559997393.9385853 23.51 95422.66
1559997453.967491 23.54 95424.09
1559997513.9963963 23.54 95419.41
1559997574.0253017 23.49 95424.79
1559997634.069807 23.57 95417.76
1559997694.0987127 23.56 95414.52
1559997754.127618 23.55 95414.78
1559997814.1565235 23.54 95411.33
1559997874.185429 23.59 95412.53
1559997934.2143342 23.59 95413.60
1559997994.2432396 23.59 95415.86
1559998054.272145 23.57 95412.32
1559998114.3010507 23.57 95415.83
1559998174.329956 23.57 95421.73
1559998234.3588617 23.59 95423.51
1559998294.3877668 23.55 95430.33
1559998354.4322724 23.56 95428.87
1559998414.4611778 23.56 95438.14
1559998474.4900832 23.56 95437.45
1559998534.5189888 23.56 95437.28
1559998594.547894 23.57 95437.52
1559998654.5767994 23.59 95437.83
1559998714.605705 23.56 95443.63
1559998774.6346104 23.59 95443.33
1559998834.6635158 23.65 95441.73
1559998894.6924214 23.59 95440.80
1559998954.7213266 23.62 95442.92
1559999014.7658322 23.62 95432.97
1559999074.7947376 23.69 95435.44
1559999134.8236432 23.67 95435.73
1559999194.8525486 23.63 95433.88
1559999254.8814538 23.66 95438.46
1559999314.9103594 23.69 95435.21
1559999374.9392648 23.67 95437.33
1559999434.9681702 23.68 95434.14
1559999494.9970758 23.76 95435.84
1559999555.0259812 23.76 95432.33
1559999615.0548863 23.72 95429.11
1559999675.099392 23.71 95422.93
1559999735.1282976 23.71 95422.80
1559999795.157203 23.74 95422.21
1559999855.1861084 23.76 95424.66
1559999915.2150137 23.76 95420.95
1559999975.2439191 23.74 95423.58
1560000035.2728245 23.74 95422.24
1560000095.3017302 23.82 95419.97
1560000155.3306355 23.81 95419.00
1560000215.359541 23.80 95414.25
1560000275.3884466 23.89 95412.99
1560000335.432952 23.83 95417.27
1560000395.4618573 23.79 95415.96
1560000455.4907627 23.85 95417.71
1560000515.5196683 23.88 95416.39
1560000575.5485737 23.82 95421.71
1560000635.577479 23.85 95422.78
1560000695.6063843 23.83 95426.25
1560000755.63529 23.76 95424.39
1560000815.6641953 23.80 95424.60
1560000875.6931007 23.81 95425.61
1560000935.7220063 23.89 95426.11
1560000995.7509115 23.96 95424.66
1560001055.7798169 24.05 95425.46
1560001115.8087225 24.01 95424.28
1560001175.8532279 24.03 95423.25
1560001235.8821335 23.98 95427.44
1560001295.9110386 23.97 95426.07
1560001355.9399443 23.97 95421.96
1560001415.9688497 23.96 95417.64
1560001475.997755 23.97 95422.89
1560001536.0266607 23.98 95424.37
1560001596.055566 23.96 95425.00
1560001656.0844712 24.00 95424.74
1560001716.113377 23.95 95429.97
1560001776.1578825 23.94 95429.36
1560001836.1867876 23.89 95428.95
1560001896.2156932 23.88 95428.03
1560001956.2445986 23.85 95431.64
1560002016.273504 23.92 95433.70
1560002076.3024094 23.96 95434.88
1560002136.331315 23.89 95433.96
1560002196.3602204 23.89 95435.60
1560002256.3891258 23.88 95430.64
1560002316.4180312 23.93 95426.63
1560002376.4625368 23.89 95419.27
1560002436.4914422 23.91 95414.13
1560002496.5203476 23.93 95405.55
1560002556.5492532 23.89 95402.47
1560002616.5781584 23.87 95401.69
1560002676.6070638 23.93 95401.61
1560002736.6359692 23.99 95400.89
1560002796.6648748 23.97 95403.42
1560002856.6937802 23.97 95405.69
1560002916.7382855 23.97 95405.10
1560002976.767191 23.98 95406.50
1560003036.7960966 24.03 95408.58
1560003096.825002 24.07 95410.83
1560003156.8539073 24.07 95412.57
1560003216.882813 24.01 95418.71
1560003276.9117181 24.01 95418.33
1560003336.9406235 24.01 95419.10
1560003396.9695292 24.03 95415.97
1560003456.9984345 24.01 95414.82
1560003517.04294 24.07 95410.73
1560003577.0718453 24.04 95407.49
1560003637.100751 24.09 95410.44
1560003697.1296563 24.10 95413.48
1560003757.1585617 24.08 95410.30
1560003817.1874673 24.09 95410.77
1560003877.2163725 24.03 95410.63
1560003937.2452781 24.12 95410.35
1560003997.2741835 24.11 95415.22
1560004057.318689 24.12 95413.35
1560004117.3475945 24.11 95409.38
1560004177.3764997 24.02 95409.05
1560004237.4054053 24.06 95405.78
1560004297.4343107 24.05 95409.63
1560004357.463216 24.01 95407.47
1560004417.4921217 23.98 95408.24
1560004477.521027 23.95 95408.56
1560004537.5499322 23.95 95406.49
1560004597.5944378 24.00 95402.30
1560004657.6233435 23.97 95402.12
1560004717.6522489 24.00 95400.29
1560004777.6811543 24.05 95398.87
1560004837.7100594 24.07 95397.27
1560004897.738965 24.02 95395.62
1560004957.7678704 24.03 95388.97
1560005017.7967758 24.10 95385.58
1560005077.8256814 24.11 95385.22
1560005137.870187 24.03 95381.53
1560005197.8990922 24.02 95377.15
1560005257.9279976 24.05 95375.96
1560005317.9569032 24.01 95374.51
1560005377.9858086 23.99 95373.14
1560005438.014714 24.06 95374.19
1560005498.0436196 24.05 95374.78
1560005558.0725248 24.04 95372.35
1560005618.1014302 24.00 95373.71
1560005678.1303358 23.96 95368.96
1560005738.1592412 24.03 95367.27
1560005798.1881466 24.03 95362.53
1560005858.232652 23.97 95357.71
1560005918.2615576 23.96 95356.92
1560005978.290463 23.96 95356.42
1560006038.3193684 23.98 95349.72
1560006098.348274 24.05 95353.27
1560006158.3771794 24.02 95354.21
1560006218.4060845 24.03 95354.94
1560006278.4349902 24.10 95360.87
1560006338.4638956 24.07 95360.79
1560006398.492801 24.09 95360.07
1560006458.5373065 24.04 95356.28
1560006518.566212 24.07 95350.61
1560006578.5951173 23.99 95349.25
1560006638.6240227 24.00 95345.15
1560006698.6529284 23.98 95342.78
1560006758.6818337 23.98 95340.88
1560006818.7107391 23.93 95340.13
1560006878.7396445 24.00 95338.00
1560006938.76855 23.96 95337.32
1560006998.8130555 23.96 95333.68
1560007058.841961 23.97 95326.94
1560007118.870866 24.03 95323.02
1560007178.8997717 24.03 95321.51
1560007238.928677 24.07 95319.47
1560007298.9575825 24.07 95314.86
1560007358.986488 24.03 95318.91
1560007419.0153935 24.04 95317.24
1560007479.0442991 24.00 95317.19
1560007539.0732043 23.99 95321.71
1560007599.1177099 23.95 95323.10
1560007659.1466153 23.96 95327.71
1560007719.1755207 23.97 95319.60
1560007779.204426 23.99 95320.23
1560007839.2333314 23.99 95321.64
1560007899.2622368 23.99 95319.57
1560007959.2911425 23.94 95316.52
1560008019.3200479 23.94 95314.58
1560008079.3489532 23.93 95314.75
1560008139.3934586 23.97 95311.41
1560008199.4223642 23.97 95310.51
1560008259.4512696 23.97 95310.41
1560008319.480175 24.00 95305.60
1560008379.5090806 24.01 95299.63
1560008439.5379858 24.01 95295.35
1560008499.5668914 23.99 95289.91
1560008559.5957968 23.97 95284.03
1560008619.6247022 23.98 95277.48
1560008679.6536076 23.97 95275.88
1560008739.698113 24.04 95271.94
1560008799.7270186 24.03 95271.44
1560008859.755924 24.07 95271.78
1560008919.7848294 24.03 95272.94
1560008979.813735 24.02 95270.74
1560009039.8426404 24.05 95269.97
1560009099.8715456 24.04 95266.47
1560009159.9004514 24.06 95269.21
1560009219.9293566 24.15 95268.54
1560009279.9738622 24.10 95265.16
1560009340.0027676 24.10 95264.39
1560009400.0316727 24.05 95261.28
1560009460.0605783 24.11 95258.38
1560009520.0894837 24.03 95254.88
1560009580.1183891 24.02 95257.58
1560009640.1472948 24.01 95253.44
1560009700.1762002 23.99 95250.63
1560009760.2051058 24.00 95252.36
1560009820.249611 24.00 95252.24
1560009880.2785165 24.01 95247.92
1560009940.307422 24.01 95247.09
1560010000.3363273 23.98 95249.86
1560010060.365233 23.99 95252.94
1560010120.394138 23.99 95250.57
1560010180.4230435 24.02 95254.67
1560010240.4519491 24.09 95251.10
1560010300.4808545 24.15 95251.74
1560010360.50976 24.19 95250.71
1560010420.5386655 24.26 95247.63
1560010480.5675707 24.18 95239.94
1560010540.6120763 24.16 95235.10
1560010600.6409817 24.17 95236.87
1560010660.669887 24.16 95235.67
1560010720.6987927 24.10 95235.37
1560010780.7276978 24.11 95238.38
1560010840.7566035 24.13 95241.38
1560010900.7855089 24.11 95240.88
1560010960.8144143 24.11 95240.88
1560011020.8589196 24.08 95236.57
1560011080.8878253 24.14 95240.64
1560011140.9167306 24.13 95244.19
1560011200.945636 24.16 95244.09
1560011260.9745417 24.12 95245.89
1560011321.0034468 24.05 95243.55
1560011381.0323524 24.02 95241.82
1560011441.0612578 24.09 95246.66
1560011501.0901632 24.15 95241.85
1560011561.1346688 24.15 95239.44
1560011621.1635742 24.15 95238.44
1560011681.1924794 24.15 95236.44
1560011741.221385 24.14 95229.02
1560011801.2502904 24.16 95227.05
1560011861.2791958 24.15 95217.63
1560011921.3081014 24.18 95220.74
1560011981.3370068 24.11 95220.27
1560012041.3659124 24.13 95216.79
1560012101.4104176 24.03 95204.84
1560012161.4393232 24.04 95201.40
1560012221.4682286 24.12 95199.83
1560012281.497134 24.07 95194.78
1560012341.5260394 24.06 95197.92
1560012401.5549448 24.10 95198.92
1560012461.5838501 24.06 95198.23
1560012521.6127558 24.04 95202.17
1560012581.6416612 24.05 95201.70
1560012641.6861665 24.06 95201.83
1560012701.715072 24.10 95202.97
1560012761.7439775 24.10 95206.88
1560012821.772883 24.09 95209.05
1560012881.8017883 24.12 95206.24
1560012941.830694 24.09 95208.41
1560013001.859599 24.14 95206.57
1560013061.8885045 24.21 95210.21
1560013121.9174101 24.15 95210.11
1560013181.9619157 24.06 95205.51
1560013241.9908211 24.04 95210.08
1560013302.0197263 24.06 95209.75
1560013362.048632 24.07 95213.32
1560013422.0775373 24.04 95211.42
1560013482.1064427 24.01 95216.71
1560013542.1353483 24.05 95215.73
1560013602.1642537 24.03 95224.55
1560013662.208759 24.01 95224.64
1560013722.2376645 23.99 95229.22
1560013782.26657 23.99 95223.94
1560013842.2954755 24.11 95225.95
1560013902.3243806 24.17 95221.44
1560013962.353286 24.09 95221.27
1560014022.3821917 24.09 95223.61
1560014082.411097 24.07 95219.94
1560014142.4400024 24.14 95221.38
1560014202.4845078 24.17 95223.84
1560014262.5134134 24.07 95220.50
1560014322.5423188 24.06 95221.64
1560014382.5712242 24.06 95215.20
1560014442.6001298 24.15 95219.74
1560014502.6290352 24.17 95215.16
1560014562.6579404 24.12 95208.02
1560014622.6868463 24.12 95206.47
1560014682.7157514 24.13 95203.30
1560014742.760257 24.14 95197.15
1560014802.7891624 24.21 95196.81
1560014862.8180678 24.18 95194.08
1560014922.8469732 24.13 95190.44
1560014982.8758786 24.10 95193.68
1560015042.9047842 24.04 95194.12
1560015102.9336896 24.07 95188.94
1560015162.962595 24.09 95191.78
1560015222.9915004 24.09 95189.54
1560015283.036006 24.07 95183.36
1560015343.0649114 24.05 95177.22
1560015403.0938168 24.08 95174.78
1560015463.1227224 24.09 95171.34
1560015523.1516275 24.03 95165.26
1560015583.180533 24.00 95160.13
1560015643.2094386 24.13 95162.88
1560015703.238344 24.08 95158.44
1560015763.2672493 24.03 95158.35
1560015823.296155 24.04 95158.49
1560015883.3250601 24.06 95159.18
1560015943.3695657 24.09 95162.19
1560016003.398471 24.10 95159.88
1560016063.4273767 24.15 95160.00
1560016123.4562821 24.08 95158.31
1560016183.4851873 24.07 95154.97
1560016243.5140927 24.08 95157.44
1560016303.5429983 24.10 95156.21
1560016363.5719037 24.08 95155.97
1560016423.600809 24.09 95158.91
1560016483.645315 24.09 95161.88
1560016543.67422 24.08 95154.57
1560016603.7031255 24.13 95158.00
1560016663.7320309 24.06 95156.14
1560016723.7609365 24.07 95157.44
1560016783.789842 24.08 95159.58
1560016843.8187473 24.10 95154.77
1560016903.8476527 24.10 95155.44
1560016963.876558 24.12 95153.57
1560017023.9210637 24.06 95154.14
1560017083.9499688 24.11 95155.50
1560017143.9788747 24.13 95153.26
1560017204.0077798 24.06 95153.83
1560017264.0366852 24.01 95152.75
1560017324.0655909 24.03 95152.03
1560017384.0944963 24.10 95153.86
1560017444.1234016 24.10 95151.92
1560017504.1523073 24.12 95153.76
1560017564.1968126 24.15 95151.78
1560017624.225718 24.12 95151.73
1560017684.2546234 24.13 95146.64
1560017744.2835288 24.10 95147.02
1560017804.3124342 24.05 95147.03
1560017864.3413396 24.04 95141.96
1560017924.3702452 24.03 95144.82
1560017984.3991506 24.12 95148.68
1560018044.428056 24.11 95145.14
1560018104.4725614 24.14 95145.17
1560018164.501467 24.13 95144.31
1560018224.5303724 24.11 95144.00
1560018284.5592778 24.07 95146.42
1560018344.5881834 24.10 95142.50
1560018404.6170888 24.10 95143.08
1560018464.645994 24.08 95138.07
1560018524.6748993 24.09 95139.03
1560018584.703805 24.14 95140.86
1560018644.7483106 24.07 95139.94
1560018704.777216 24.01 95136.71
1560018764.806121 23.98 95138.65
1560018824.8350267 24.01 95138.28
1560018884.8639321 24.07 95140.94
1560018944.8928375 24.03 95137.91
1560019004.9217432 24.03 95141.02
1560019064.9506485 24.04 95137.10
1560019124.9795537 24.06 95134.60
1560019185.0240593 24.03 95137.08
1560019245.052965 24.05 95135.87
1560019305.08187 24.00 95139.35
1560019365.1107757 23.99 95139.08
1560019425.139681 24.03 95138.58
1560019485.1685865 24.04 95138.01
1560019545.197492 24.04 95133.77
1560019605.2263975 24.03 95131.96
1560019665.255303 24.04 95135.10
1560019725.2842083 24.07 95135.83
1560019785.3287137 24.06 95140.98
1560019845.3576193 24.06 95138.97
1560019905.3865247 24.02 95139.75
1560019965.41543 24.05 95145.49
1560020025.4443357 24.06 95139.47
1560020085.4732409 24.11 95146.68
1560020145.5021462 24.06 95143.28
1560020205.5310519 24.09 95144.68
1560020265.5599573 24.12 95146.55
1560020325.6044626 24.10 95145.41
1560020385.6177683 24.15 95142.94
1560020445.6622736 24.16 95145.07
1560020505.691179 24.11 95138.43
1560020565.7200844 24.13 95136.79
1560020625.74899 24.16 95138.79
1560020685.7778955 24.15 95135.42
1560020745.8068006 24.12 95134.92
1560020805.835706 24.09 95137.30
1560020865.8646116 24.11 95134.69
1560020925.893517 24.13 95135.96
1560020985.9380224 24.15 95131.98
1560021045.9669278 24.23 95135.94
1560021105.9958334 24.21 95134.83
1560021166.0247388 24.21 95135.78
1560021226.0536442 24.17 95138.66
1560021286.0825498 24.17 95140.89
1560021346.111455 24.17 95143.83
1560021406.1403606 24.15 95145.47
1560021466.169266 24.14 95144.17
1560021526.2137716 24.13 95147.35
1560021586.242677 24.12 95151.13
1560021646.2715821 24.14 95149.11
1560021706.3004878 24.10 95151.26
1560021766.3293931 24.14 95151.63
1560021826.3582985 24.14 95155.57
1560021886.3872042 24.07 95152.36
1560021946.4161096 24.01 95151.74
1560022006.4450147 24.02 95157.82
1560022066.4895203 23.97 95154.95
1560022126.518426 24.05 95153.53
1560022186.5473313 24.11 95158.67
1560022246.5762367 24.10 95155.21
1560022306.605142 24.10 95152.77
1560022366.6340475 24.06 95159.08
1560022426.662953 24.07 95158.88
1560022486.6918585 24.06 95158.92
1560022546.720764 24.10 95159.94
1560022606.7652693 24.09 95158.97
1560022666.7941747 24.06 95158.35
1560022726.8230803 24.06 95158.28
1560022786.8519857 24.10 95164.28
1560022846.880891 24.06 95156.91
1560022906.9097967 24.03 95163.42
1560022966.938702 24.06 95157.64
1560023026.9676073 24.07 95160.89
1560023086.9965127 24.08 95158.94
1560023147.0410185 24.10 95158.00
1560023207.0699236 24.08 95158.35
1560023267.0988293 24.11 95161.38
1560023327.1277344 24.11 95162.48
1560023387.15664 24.09 95158.58
1560023447.1855454 24.08 95161.11
1560023507.2144508 24.12 95159.31
1560023567.2433565 24.06 95160.46
1560023627.2722619 24.13 95158.84
1560023687.3167672 24.13 95165.19
1560023747.3456726 24.15 95167.46
1560023807.3745782 24.07 95167.83
1560023867.4034834 24.18 95166.78
1560023927.432389 24.19 95166.18
1560023987.4612944 24.20 95168.05
1560024047.4901998 24.10 95166.96
1560024107.5191052 24.11 95171.93
1560024167.5480108 24.14 95164.49
1560024227.5925162 24.04 95164.66
1560024287.6214216 24.05 95173.41
1560024347.650327 24.01 95175.05
1560024407.6792326 24.09 95169.21
1560024467.708138 24.07 95170.00
1560024527.7370434 24.07 95175.75
1560024587.765949 24.09 95174.61
1560024647.7948542 24.13 95173.47
1560024707.8237596 24.07 95173.31
1560024767.8682652 24.11 95178.11
1560024827.8971708 24.07 95177.69
1560024887.926076 24.07 95177.52
1560024947.9549813 24.12 95174.11
1560025007.983887 24.06 95173.51
1560025068.0127923 24.05 95173.44
1560025128.0416977 24.11 95171.03
1560025188.0706034 24.09 95168.93
1560025248.0995085 24.10 95172.87
1560025308.1440141 24.12 95174.27
1560025368.1729195 24.06 95178.35
1560025428.2018251 24.06 95178.52
1560025488.2307305 24.05 95180.26
1560025548.2596357 24.04 95184.80
1560025608.288541 24.08 95184.80
1560025668.3174467 24.12 95187.94
1560025728.346352 24.13 95191.74
1560025788.3752575 24.16 95192.07
1560025848.4041631 24.17 95198.05
1560025908.4330683 24.11 95194.88
1560025968.4775739 24.03 95196.16
1560026028.5064793 24.07 95195.96
1560026088.5353847 24.04 95193.72
1560026148.5642903 24.09 95199.13
1560026208.5931954 24.11 95198.42
1560026268.622101 24.10 95198.86
1560026328.6510065 24.09 95200.93
1560026388.6799119 24.07 95199.96
1560026448.7088175 24.08 95200.16
1560026508.7377229 24.02 95199.03
1560026568.7822282 24.08 95197.55
1560026628.8111336 24.05 95199.47
1560026688.8400393 24.11 95200.26
1560026748.8689446 24.11 95203.27
1560026808.89785 24.02 95203.71
1560026868.9267554 24.05 95201.00
1560026928.9556608 24.04 95205.51
1560026988.9845662 24.06 95205.04
1560027049.0134718 24.04 95208.82
1560027109.0579772 24.04 95204.41
1560027169.0868826 24.07 95207.58
1560027229.115788 24.11 95207.47
1560027289.1446936 24.09 95206.41
1560027349.173599 24.08 95212.56
1560027409.2025044 24.08 95211.75
1560027469.23141 24.02 95215.73
1560027529.2603152 24.02 95216.46
1560027589.2892206 23.98 95218.47
1560027649.3337262 24.00 95218.94
1560027709.3626318 23.98 95216.77
1560027769.391537 23.98 95219.47
1560027829.4204426 23.99 95221.78
1560027889.4493477 23.99 95221.44
1560027949.4782534 24.02 95219.67
1560028009.5071588 23.98 95219.37
1560028069.5360641 24.06 95219.77
1560028129.5649695 24.07 95222.24
1560028189.5938752 24.00 95223.52
1560028249.6383805 24.01 95221.61
1560028309.667286 24.00 95223.64
1560028369.6961915 24.00 95226.52
1560028429.7250967 23.98 95228.16
1560028489.754002 23.98 95227.96
1560028549.7829077 23.99 95232.60
1560028609.811813 24.01 95229.13
1560028669.8407185 23.97 95231.63
1560028729.8696241 23.99 95232.69
1560028789.9141295 23.99 95234.36
1560028849.943035 23.92 95237.50
1560028909.9719403 23.94 95240.45
1560028970.000846 23.92 95239.85
1560029030.0297513 23.90 95240.38
1560029090.0586565 23.93 95242.82
1560029150.087562 23.96 95242.41
1560029210.1164675 23.98 95243.18
1560029270.1453729 24.01 95244.15
1560029330.1742785 24.01 95245.32
1560029390.2187839 24.06 95243.99
1560029450.2476892 23.98 95242.35
1560029510.2765946 23.90 95244.99
1560029570.3055003 23.91 95252.17
1560029630.3344057 23.93 95249.72
1560029690.363311 23.92 95250.53
1560029750.3922167 23.88 95257.74
1560029810.4211218 23.88 95260.85
1560029870.4500272 23.87 95261.94
1560029930.4945328 23.82 95264.21
1560029990.523438 23.79 95270.49
1560030050.5523438 23.81 95270.25
1560030110.581249 23.84 95269.92
1560030170.6101544 23.86 95270.09
1560030230.63906 23.84 95271.28
1560030290.6679654 23.83 95271.92
1560030350.6968708 23.79 95277.39
1560030410.7257764 23.79 95272.82
1560030470.7546816 23.89 95273.50
1560030530.783587 23.88 95274.77
1560030590.8124926 23.90 95273.57
1560030650.841398 23.88 95274.30
1560030710.8859036 23.86 95278.44
1560030770.9148088 23.81 95278.33
1560030830.9437144 23.84 95280.81
1560030890.9726198 23.88 95277.97
1560030951.0015252 23.87 95281.85
1560031011.0304308 23.84 95278.67
1560031071.0593362 23.83 95278.77
1560031131.0882413 23.83 95287.61
1560031191.117147 23.84 95287.52
1560031251.1616526 23.80 95284.71
1560031311.190558 23.78 95289.67
1560031371.2194633 23.79 95289.41
1560031431.2483687 23.83 95281.94
1560031491.2772741 23.81 95284.53
1560031551.3061795 23.81 95284.35
1560031611.3350852 23.79 95286.58
1560031671.3639905 23.80 95285.38
1560031731.392896 23.82 95282.07
1560031791.4218013 23.80 95289.98
1560031851.466307 23.80 95287.35
1560031911.4952123 23.83 95289.02
1560031971.5241177 23.86 95287.09
1560032031.5530229 23.87 95291.60
1560032091.5819285 23.87 95292.89
1560032151.610834 23.85 95292.73
1560032211.6397393 23.89 95298.51
1560032271.668645 23.82 95301.33
1560032331.6975503 23.82 95302.78
1560032391.726456 23.83 95304.11
1560032451.770961 23.88 95308.26
1560032511.7998667 23.82 95307.25
1560032571.828772 23.79 95306.94
1560032631.8576775 23.79 95307.38
1560032691.8865829 23.77 95311.17
1560032751.9154885 23.75 95312.94
1560032811.9443936 23.71 95311.79
1560032871.9732993 23.72 95313.00
1560032932.0022047 23.79 95313.78
1560032992.03111 23.80 95316.22
1560033052.0600157 23.79 95316.56
1560033112.104521 23.82 95314.79
1560033172.1334264 23.87 95313.30
1560033232.1623318 23.93 95316.21
1560033292.1912374 23.86 95314.47
1560033352.2201426 23.88 95316.34
1560033412.2490482 23.84 95319.88
1560033472.2779536 23.82 95319.37
1560033532.306859 23.82 95321.97
1560033592.3357644 23.83 95320.44
1560033652.36467 23.80 95322.94
1560033712.4091754 23.83 95327.08
1560033772.4380808 23.82 95326.71
1560033832.4669862 23.78 95329.67
1560033892.4958918 23.76 95329.74
1560033952.5247972 23.77 95332.38
1560034012.5537026 23.76 95335.85
1560034072.582608 23.77 95335.44
1560034132.6115134 23.81 95338.83
1560034192.6404188 23.92 95336.99
1560034252.6693244 23.88 95338.41
1560034312.71383 23.90 95339.08
1560034372.7427351 23.90 95341.82
1560034432.7716405 23.89 95339.62
1560034492.800546 23.86 95342.08
1560034552.8294516 23.86 95342.21
1560034612.858357 23.86 95339.51
1560034672.8872626 23.83 95341.60
1560034732.9161677 23.78 95341.57
1560034792.9450731 23.82 95341.30
1560034852.9739785 23.82 95342.91
1560034913.0028841 23.84 95344.85
1560034973.0317895 23.82 95341.14
1560035033.060695 23.88 95340.72
1560035093.1052003 23.95 95345.47
1560035153.134106 23.91 95340.50
1560035213.1630113 23.89 95342.75
1560035273.1919167 23.90 95343.53
1560035333.2208223 23.98 95341.03
1560035393.2497275 23.98 95341.53
1560035453.278633 23.96 95343.44
1560035513.3075385 23.92 95342.50
1560035573.336444 23.89 95343.26
1560035633.3653493 23.83 95344.52
1560035693.4098547 23.91 95343.07
1560035753.4387603 24.00 95350.10
1560035813.4676657 23.95 95352.89
1560035873.496571 23.97 95349.49
1560035933.5254767 23.94 95353.25
1560035993.554382 24.03 95354.00
1560036053.5832872 23.99 95354.27
1560036113.612193 24.04 95353.21
1560036173.6410983 24.02 95350.33
1560036233.6700037 24.05 95353.94
1560036293.7145092 24.06 95357.35
1560036353.7434146 24.03 95357.11
1560036413.77232 24.02 95360.45
1560036473.8012254 24.03 95366.36
1560036533.830131 24.05 95367.03
1560036593.8590364 24.01 95369.67
1560036653.8879418 24.01 95371.41
1560036713.916847 24.05 95373.11
1560036773.9457526 24.00 95377.25
1560036833.974658 23.99 95372.87
1560036894.0191636 23.96 95370.29
1560036954.0480692 23.99 95369.22
1560037014.0769744 24.02 95367.27
1560037074.1058798 23.98 95366.25
1560037134.1347852 24.02 95365.03
1560037194.1636908 24.05 95358.82
1560037254.1925962 23.97 95361.51
1560037314.2215016 23.99 95364.78
1560037374.2504072 24.01 95356.80
1560037434.2793124 24.00 95355.27
1560037494.323818 24.02 95352.77
1560037554.3527234 23.98 95352.69
1560037614.381629 24.01 95358.64
1560037674.4105344 23.99 95359.11
1560037734.4394395 23.95 95359.13
1560037794.4683452 23.93 95359.30
1560037854.4972506 23.94 95360.27
1560037914.526156 23.93 95364.81
1560037974.5550616 23.87 95370.64
1560038034.583967 23.92 95369.55
1560038094.6284723 23.90 95373.55
1560038154.6573777 23.90 95375.62
1560038214.6862833 23.89 95375.82
1560038274.7151885 23.86 95376.08
1560038334.7440941 23.89 95376.08
1560038394.7729995 23.84 95379.78
1560038454.801905 23.89 95380.42
