1561161694.825172 25.51 95757.55
1561161754.854077 25.57 95754.15
1561161814.8985827 25.58 95757.36
1561161874.9274883 25.56 95760.82
1561161934.9563937 25.52 95758.19
1561161994.985299 25.54 95756.25
1561162055.0142045 25.57 95757.67
1561162115.04311 25.58 95753.58
1561162175.0720153 25.60 95753.75
1561162235.116521 25.52 95758.60
1561162295.1454263 25.52 95756.25
1561162355.1743317 25.54 95761.38
1561162415.203237 25.60 95759.18
1561162475.2321427 25.59 95763.10
1561162535.261048 25.56 95765.10
1561162595.3055534 25.62 95771.17
1561162655.3344588 25.64 95766.86
1561162715.3633645 25.57 95771.16
1561162775.3922698 25.57 95771.83
1561162835.4211752 25.55 95775.85
1561162895.4500809 25.56 95774.07
1561162955.4945862 25.47 95773.71
1561163015.5234916 25.51 95776.13
1561163075.552397 25.48 95774.55
1561163135.5813026 25.46 95774.35
1561163195.610208 25.48 95778.13
1561163255.6391132 25.54 95774.33
1561163315.6836188 25.48 95776.53
1561163375.7125242 25.47 95776.25
1561163435.7414298 25.43 95777.49
1561163495.770335 25.38 95777.94
1561163555.7992404 25.42 95776.91
1561163615.828146 25.44 95774.91
1561163675.8726516 25.43 95771.69
1561163735.901557 25.39 95774.16
1561163795.9304621 25.36 95774.99
1561163855.9593678 25.32 95771.55
1561163915.9882731 25.39 95774.29
1561163976.0171785 25.36 95773.85
1561164036.0616841 25.37 95774.55
1561164096.0905895 25.37 95774.11
1561164156.119495 25.43 95775.44
1561164216.1484003 25.46 95777.46
1561164276.177306 25.46 95782.38
1561164336.206211 25.47 95783.92
1561164396.2507167 25.44 95784.39
1561164456.279622 25.46 95783.38
1561164516.3085277 25.47 95782.62
1561164576.337433 25.45 95788.27
1561164636.3663383 25.43 95785.08
1561164696.395244 25.44 95787.13
1561164756.4241493 25.46 95790.75
1561164816.4686549 25.38 95791.60
1561164876.4975603 25.36 95793.39
1561164936.5264657 25.34 95788.27
1561164996.555371 25.32 95789.39
1561165056.5842764 25.37 95792.53
1561165116.613182 25.40 95787.35
1561165176.6576872 25.38 95791.23
1561165236.686593 25.37 95791.53
1561165296.7154982 25.36 95792.92
1561165356.7444036 25.33 95789.50
1561165416.7733092 25.33 95795.26
1561165476.8022146 25.34 95784.14
1561165536.84672 25.43 95793.22
1561165596.8756254 25.37 95792.46
1561165656.904531 25.36 95793.80
1561165716.9334364 25.32 95796.92
1561165776.9623418 25.29 95796.35
1561165836.9912472 25.26 95796.91
1561165897.0201526 25.30 95798.57
1561165957.0646582 25.31 95799.80
1561166017.0935636 25.33 95792.92
1561166077.1224692 25.30 95793.21
1561166137.1513743 25.27 95799.75
1561166197.1802797 25.26 95797.41
1561166257.2091854 25.28 95797.68
1561166317.253691 25.29 95794.31
1561166377.282596 25.28 95799.06
1561166437.3115015 25.30 95793.97
1561166497.3404071 25.30 95793.07
1561166557.3693125 25.35 95793.89
1561166617.398218 25.30 95789.46
1561166677.4271235 25.34 95790.94
1561166737.471629 25.34 95792.11
1561166797.5005343 25.39 95792.21
1561166857.5294397 25.36 95791.46
1561166917.5583453 25.38 95793.00
1561166977.5872507 25.44 95791.21
1561167037.6161559 25.42 95792.64
1561167097.6606615 25.44 95794.10
1561167157.689567 25.40 95796.89
1561167217.7184725 25.38 95798.62
1561167277.7473779 25.40 95796.85
1561167337.776283 25.34 95795.90
1561167397.8051887 25.38 95794.24
1561167457.834094 25.42 95793.65
1561167517.8785996 25.42 95792.21
1561167577.9075048 25.35 95790.67
1561167637.9364104 25.29 95790.13
1561167697.9653158 25.27 95787.67
1561167757.9942212 25.31 95793.07
1561167818.0231268 25.36 95791.55
1561167878.0676322 25.32 95788.49
1561167938.0965376 25.33 95785.55
1561167998.125443 25.30 95782.36
1561168058.1543486 25.27 95784.10
1561168118.183254 25.30 95786.88
1561168178.2121594 25.32 95782.97
1561168238.2410648 25.33 95783.61
1561168298.2855704 25.32 95783.47
1561168358.3144758 25.30 95786.17
1561168418.343381 25.30 95786.52
1561168478.3722868 25.29 95793.00
1561168538.401192 25.28 95789.82
1561168598.4300973 25.23 95789.86
1561168658.459003 25.29 95788.96
1561168718.4879084 25.27 95795.74
1561168778.5324137 25.28 95792.53
1561168838.561319 25.29 95795.05
1561168898.5902247 25.25 95795.03
1561168958.6191301 25.25 95794.19
1561169018.6480355 25.24 95795.39
1561169078.6769412 25.24 95792.28
1561169138.7214465 25.21 95795.82
1561169198.750352 25.28 95801.97
1561169258.7792573 25.27 95799.16
1561169318.808163 25.24 95798.84
1561169378.8370683 25.22 95795.25
1561169438.8659735 25.27 95796.41
1561169498.8948789 25.24 95795.16
1561169558.9393845 25.23 95797.42
1561169618.9682899 25.26 95796.91
1561169678.9971955 25.32 95796.46
1561169739.0261006 25.28 95793.67
1561169799.0550063 25.28 95793.53
1561169859.0839117 25.24 95793.05
1561169919.128417 25.16 95792.95
1561169979.1573224 25.14 95795.25
1561170039.186228 25.18 95790.35
1561170099.2151334 25.25 95793.69
1561170159.2440388 25.21 95792.97
1561170219.2729445 25.23 95790.87
1561170279.3018496 25.27 95789.55
1561170339.3463552 25.27 95789.55
1561170399.3752606 25.24 95790.27
1561170459.4041662 25.24 95792.28
1561170519.4330716 25.21 95793.81
1561170579.4619768 25.20 95793.64
1561170639.4908824 25.28 95792.19
1561170699.5197878 25.24 95795.83
1561170759.5642934 25.19 95791.92
1561170819.5931985 25.23 95795.72
1561170879.6221042 25.22 95796.69
1561170939.6510096 25.24 95799.00
1561170999.679915 25.22 95800.44
1561171059.7088206 25.19 95802.07
1561171119.753326 25.16 95807.64
1561171179.7822313 25.13 95807.28
1561171239.8111367 25.16 95813.92
1561171299.8400424 25.14 95807.42
1561171359.8689477 25.18 95808.85
1561171419.8978531 25.14 95806.22
1561171479.9267583 25.09 95803.65
1561171539.971264 25.18 95799.55
1561171600.0001695 25.13 95807.16
1561171660.029075 25.12 95804.74
1561171720.0579803 25.13 95805.32
1561171780.0868857 25.16 95796.70
1561171840.115791 25.16 95800.04
1561171900.1446965 25.17 95799.78
1561171960.189202 25.13 95794.94
1561172020.2181075 25.15 95797.39
1561172080.2470129 25.16 95797.10
1561172140.2759182 25.14 95797.92
1561172200.3048239 25.14 95796.89
1561172260.3337293 25.18 95795.46
1561172320.3782346 25.15 95792.14
1561172380.40714 25.19 95788.91
1561172440.4360456 25.15 95790.14
1561172500.464951 25.16 95791.17
1561172560.4938564 25.19 95789.92
1561172620.522762 25.23 95790.40
1561172680.5516672 25.20 95787.44
1561172740.5961728 25.16 95788.93
1561172800.6250782 25.19 95788.67
1561172860.6539836 25.26 95791.92
1561172920.6828892 25.21 95792.88
1561172980.7117944 25.21 95791.30
1561173040.7407 25.16 95793.52
1561173100.7696054 25.14 95790.96
1561173160.8141108 25.16 95788.93
1561173220.8430161 25.15 95789.86
1561173280.8719218 25.14 95788.63
1561173340.9008272 25.13 95785.47
1561173400.9297326 25.15 95786.42
1561173460.9586382 25.15 95783.50
1561173520.9875436 25.13 95782.23
1561173581.032049 25.11 95783.60
1561173641.0609543 25.12 95783.83
1561173701.0898597 25.14 95784.10
1561173761.1187654 25.11 95782.42
1561173821.1476707 25.14 95783.30
1561173881.176576 25.16 95782.81
1561173941.2210815 25.12 95782.09
1561174001.2499871 25.15 95784.78
1561174061.2788923 25.18 95786.33
1561174121.307798 25.18 95784.12
1561174181.3367033 25.14 95779.16
1561174241.3656087 25.16 95784.55
1561174301.394514 25.12 95776.74
1561174361.4390194 25.07 95780.89
1561174421.467925 25.06 95778.49
1561174481.4968305 25.13 95780.02
1561174541.5257359 25.11 95775.35
1561174601.5546415 25.06 95774.80
1561174661.5835469 25.09 95772.30
1561174721.612452 25.10 95771.91
1561174781.6569576 25.11 95769.64
1561174841.6858633 25.10 95767.92
1561174901.7147686 25.16 95763.89
1561174961.743674 25.16 95766.64
1561175021.7725794 25.14 95763.89
1561175081.8014848 25.13 95763.49
1561175141.8303902 25.15 95766.35
1561175201.8748958 25.14 95763.10
1561175261.9038012 25.10 95770.77
1561175321.9327068 25.13 95762.99
1561175381.961612 25.12 95764.85
1561175441.9905176 25.16 95766.17
1561175502.019423 25.04 95771.11
1561175562.0483284 25.08 95767.61
1561175622.0928338 25.10 95766.15
1561175682.1217391 25.11 95767.19
1561175742.1506448 25.11 95764.96
1561175802.1795502 25.18 95767.69
1561175862.2084556 25.18 95763.35
1561175922.237361 25.15 95765.60
1561175982.2818666 25.18 95763.77
1561176042.310772 25.14 95764.53
1561176102.3396773 25.14 95763.86
1561176162.368583 25.14 95761.92
1561176222.397488 25.14 95759.44
1561176282.4263935 25.16 95758.14
1561176342.4552991 25.14 95756.39
1561176402.4842045 25.11 95757.16
1561176462.51311 25.18 95751.96
1561176522.5576153 25.12 95753.32
1561176582.586521 25.11 95748.12
1561176642.6154263 25.09 95746.64
1561176702.6443317 25.09 95744.77
1561176762.6732373 25.11 95744.77
1561176822.7021427 25.08 95741.96
1561176882.7310479 25.12 95744.67
1561176942.7755535 25.12 95742.00
1561177002.804459 25.12 95738.15
1561177062.8333645 25.17 95741.05
1561177122.8622696 25.17 95737.03
1561177182.8911755 25.13 95737.28
1561177242.9200807 25.18 95734.89
1561177302.9645863 25.13 95737.05
1561177362.9934916 25.12 95735.64
1561177423.022397 25.14 95738.53
1561177483.0513024 25.11 95733.93
1561177543.0802078 25.12 95739.02
1561177603.1091135 25.13 95735.27
1561177663.1380188 25.10 95735.64
1561177723.1825242 25.11 95739.52
1561177783.2114296 25.10 95736.53
1561177843.240335 25.14 95732.00
1561177903.2692406 25.16 95732.85
1561177963.298146 25.15 95733.08
1561178023.3270514 25.15 95737.25
1561178083.3559568 25.18 95737.74
1561178143.4004624 25.20 95739.11
1561178203.4293678 25.12 95743.03
1561178263.4582732 25.16 95742.14
1561178323.4871786 25.09 95739.08
1561178383.516084 25.08 95737.36
1561178443.5449893 25.07 95739.40
1561178503.573895 25.02 95736.71
1561178563.6184006 24.98 95735.49
1561178623.6473057 24.98 95736.52
1561178683.676211 24.97 95737.19
1561178743.7051167 24.99 95734.69
1561178803.7340221 25.06 95734.92
1561178863.7629275 25.11 95734.39
1561178923.7918332 25.12 95732.13
1561178983.8363385 25.09 95730.55
1561179043.865244 25.10 95729.44
1561179103.8941493 25.09 95733.42
1561179163.923055 25.08 95729.91
1561179223.9519603 25.07 95727.36
1561179283.9808655 25.11 95729.25
1561179344.009771 25.13 95729.16
1561179404.0542767 25.09 95733.72
1561179464.083182 25.11 95730.52
1561179524.1120872 25.14 95727.99
1561179584.1409929 25.14 95727.05
1561179644.1698983 25.16 95726.08
1561179704.1988037 25.21 95722.86
1561179764.2277093 25.26 95724.82
1561179824.2722144 25.29 95723.28
1561179884.30112 25.26 95723.30
1561179944.3300254 25.22 95716.53
1561180004.3589308 25.22 95718.30
1561180064.3878365 25.23 95719.91
1561180124.4167418 25.28 95715.78
1561180184.4612472 25.32 95718.93
1561180244.4901526 25.21 95715.42
1561180304.5190582 25.19 95716.46
1561180364.5479634 25.16 95718.46
1561180424.576869 25.14 95717.78
1561180484.6057744 25.15 95721.33
1561180544.65028 25.15 95721.66
1561180604.6791854 25.13 95723.67
1561180664.7080905 25.07 95723.24
1561180724.7369962 25.07 95721.17
1561180784.7659016 25.04 95721.56
1561180844.794807 25.12 95718.41
1561180904.8237126 25.06 95720.36
1561180964.868218 25.07 95720.07
1561181024.8971233 25.06 95717.11
1561181084.9260287 25.09 95718.10
1561181144.9549344 25.13 95718.64
1561181204.9838398 25.09 95715.42
1561181265.0127451 25.06 95717.96
1561181325.0572505 25.04 95716.74
1561181385.0861561 25.06 95715.58
1561181445.1150615 25.12 95714.50
1561181505.143967 25.09 95715.19
1561181565.1728723 25.05 95718.46
1561181625.201778 25.05 95718.38
1561181685.230683 24.95 95716.87
1561181745.2751887 24.96 95717.88
1561181805.3040943 24.97 95723.20
1561181865.3329995 25.04 95722.89
1561181925.3619049 25.01 95722.75
1561181985.3908103 25.03 95722.13
1561182045.419716 25.01 95722.05
1561182105.4486213 25.01 95721.17
1561182165.4931266 24.97 95721.76
1561182225.522032 24.99 95724.85
1561182285.5509377 25.01 95724.52
1561182345.579843 24.99 95719.39
1561182405.6087484 25.01 95715.22
1561182465.637654 25.01 95718.83
1561182525.6665592 24.97 95721.92
1561182585.7110648 25.04 95721.99
1561182645.7399702 25.07 95722.57
1561182705.7688758 25.05 95722.33
1561182765.797781 25.01 95722.38
1561182825.8266864 25.06 95724.04
1561182885.855592 25.06 95721.26
1561182945.8844974 25.06 95721.60
1561183005.929003 25.04 95715.39
1561183065.9579082 25.08 95715.02
1561183125.9868138 25.07 95721.97
1561183186.0157192 25.06 95717.41
1561183246.0446246 25.02 95713.35
1561183306.0735302 24.99 95717.02
1561183366.1024356 24.99 95717.52
1561183426.146941 25.01 95716.22
1561183486.1758463 25.05 95718.35
1561183546.204752 25.05 95712.66
1561183606.2336574 25.08 95712.21
1561183666.2625628 25.04 95716.91
1561183726.2914681 25.01 95716.22
1561183786.3203735 24.99 95715.85
1561183846.3648791 25.02 95713.25
1561183906.3781846 25.00 95712.24
1561183966.4226897 25.05 95716.97
1561184026.4515953 25.02 95713.96
1561184086.4805007 25.03 95709.07
1561184146.509406 25.05 95713.26
1561184206.5383117 24.99 95711.87
1561184266.567217 25.04 95714.46
1561184326.5961227 25.04 95715.71
1561184386.6406279 25.05 95715.00
1561184446.6695335 25.06 95716.11
1561184506.698439 25.01 95715.86
1561184566.7273443 25.03 95714.66
1561184626.7562497 25.00 95715.02
1561184686.785155 25.00 95713.92
1561184746.8140604 25.00 95710.74
1561184806.8585658 25.04 95712.02
1561184866.8874717 25.06 95712.00
1561184926.9163768 25.05 95711.09
1561184986.9452822 25.02 95707.83
1561185046.9741879 25.03 95705.22
1561185107.0030932 24.99 95710.67
1561185167.0475986 25.02 95709.50
1561185227.076504 25.07 95707.42
1561185287.1054096 25.10 95711.77
1561185347.134315 25.12 95711.88
1561185407.1632204 25.09 95709.16
1561185467.192126 25.05 95708.11
1561185527.2210314 25.01 95706.02
1561185587.2655368 24.98 95709.39
1561185647.2944422 24.96 95706.17
1561185707.3233478 24.98 95703.53
1561185767.3522532 24.95 95702.92
1561185827.3811584 24.98 95699.75
1561185887.410064 25.02 95701.98
1561185947.4389694 25.05 95703.57
1561186007.4834747 25.00 95702.94
1561186067.5123804 25.00 95706.21
1561186127.5412855 24.99 95706.52
1561186187.5701911 25.05 95709.92
1561186247.5990965 25.03 95708.47
1561186307.6280022 24.99 95705.28
1561186367.6569076 24.97 95710.49
1561186427.701413 25.03 95706.80
1561186487.7303183 25.06 95708.39
1561186547.7592237 25.10 95705.35
1561186607.7881293 25.07 95704.78
1561186667.8170345 25.02 95705.42
1561186727.84594 25.05 95702.72
1561186787.8748455 25.07 95703.74
1561186847.919351 25.05 95704.93
1561186907.9482565 25.05 95704.46
1561186967.9771616 25.02 95703.35
1561187028.0060673 24.99 95701.57
1561187088.0349727 24.98 95702.70
1561187148.063878 24.96 95698.57
1561187208.0927837 25.01 95700.07
1561187268.1372893 25.02 95698.70
1561187328.1661944 24.95 95697.57
1561187388.1950998 24.96 95700.39
1561187448.2240055 24.92 95701.44
1561187508.2529109 24.95 95696.66
1561187568.2818162 24.99 95700.00
1561187628.3107219 24.92 95701.60
1561187688.3552272 24.98 95701.36
1561187748.3841326 24.96 95704.70
1561187808.413038 24.98 95703.87
1561187868.4419434 24.92 95702.75
1561187928.470849 24.93 95703.28
1561187988.4997542 24.95 95705.03
1561188048.5286598 24.96 95707.41
1561188108.5575652 24.93 95707.16
1561188168.6020706 24.88 95702.89
1561188228.630976 24.88 95702.22
1561188288.6598814 24.90 95702.91
1561188348.688787 24.91 95703.14
1561188408.7176924 24.96 95704.27
1561188468.746598 24.99 95701.39
1561188528.7755032 24.95 95704.36
1561188588.8200088 24.94 95701.38
1561188648.8489141 24.85 95709.80
1561188708.8778195 24.84 95709.63
1561188768.9067252 24.84 95706.09
1561188828.9356303 24.86 95705.06
1561188888.9645357 24.90 95708.05
1561188948.9934413 24.89 95705.60
1561189009.037947 24.88 95703.07
1561189069.066852 24.88 95703.57
1561189129.0957577 24.90 95706.68
1561189189.124663 24.93 95705.46
1561189249.1535685 24.90 95709.89
1561189309.182474 24.89 95709.35
1561189369.2113795 24.90 95708.42
1561189429.255885 24.87 95707.44
1561189489.2847903 24.83 95707.46
1561189549.3136957 24.84 95707.29
1561189609.3426013 24.89 95705.88
1561189669.3715067 24.91 95708.06
1561189729.4004118 24.93 95706.26
1561189789.4293175 24.92 95710.87
1561189849.473823 24.91 95711.50
1561189909.5027285 24.95 95712.02
1561189969.5316339 24.91 95714.35
1561190029.5605392 24.90 95715.82
1561190089.5894446 24.94 95716.60
1561190149.61835 24.86 95715.46
1561190209.6472557 24.85 95720.27
1561190269.6917608 24.82 95718.62
1561190329.7206664 24.85 95719.88
1561190389.7495718 24.84 95718.00
1561190449.7784774 24.88 95720.75
1561190509.8073828 24.89 95720.49
1561190569.8362882 24.89 95715.31
1561190629.8651934 24.86 95717.67
1561190689.909699 24.83 95716.99
1561190749.9386046 24.83 95717.39
1561190809.96751 24.84 95720.47
1561190869.9964154 24.86 95719.78
1561190930.0253208 24.82 95721.03
1561190990.0542262 24.76 95723.51
1561191050.0831316 24.85 95722.85
1561191110.1120372 24.90 95724.67
1561191170.1409426 24.81 95724.74
1561191230.185448 24.80 95723.29
1561191290.2143533 24.83 95722.03
1561191350.243259 24.77 95724.21
1561191410.2721643 24.85 95728.24
1561191470.3010697 24.84 95731.44
1561191530.3299754 24.77 95733.11
1561191590.3588805 24.73 95730.28
1561191650.403386 24.77 95727.63
1561191710.4322915 24.81 95730.25
1561191770.4611971 24.79 95728.54
1561191830.4901023 24.80 95730.82
1561191890.5190077 24.77 95729.71
1561191950.5479133 24.81 95731.09
1561192010.5768187 24.82 95729.56
1561192070.605724 24.80 95728.94
1561192130.6502295 24.80 95737.64
1561192190.679135 24.78 95731.11
1561192250.7080405 24.77 95734.96
1561192310.7369459 24.85 95733.09
1561192370.7658515 24.82 95735.01
1561192430.794757 24.80 95733.16
1561192490.823662 24.80 95736.97
1561192550.8681676 24.76 95738.25
1561192610.8970733 24.78 95741.71
1561192670.9259787 24.75 95740.19
1561192730.954884 24.75 95741.97
1561192790.9837892 24.74 95748.44
1561192851.0126948 24.78 95742.55
1561192911.0416002 24.81 95744.30
1561192971.0861058 24.83 95740.60
1561193031.115011 24.85 95743.13
1561193091.1439166 24.82 95748.55
1561193151.172822 24.74 95748.61
1561193211.2017274 24.80 95751.28
1561193271.230633 24.80 95753.70
1561193331.2595384 24.78 95752.25
1561193391.2884438 24.76 95753.04
1561193451.3329492 24.80 95753.22
1561193511.3618548 24.84 95750.57
1561193571.3907602 24.80 95756.03
1561193631.4196656 24.83 95754.28
1561193691.448571 24.75 95756.18
1561193751.4774764 24.71 95756.79
1561193811.5063818 24.71 95756.06
1561193871.5508873 24.73 95760.01
1561193931.579793 24.77 95763.88
1561193991.6086981 24.75 95763.37
1561194051.6376035 24.77 95765.05
1561194111.6665092 24.81 95762.89
1561194171.6954145 24.85 95762.52
1561194231.72432 24.77 95761.74
1561194291.7688253 24.74 95762.13
1561194351.797731 24.77 95764.08
1561194411.8266363 24.79 95762.02
1561194471.8555417 24.77 95766.16
1561194531.8844469 24.74 95769.78
1561194591.9133527 24.72 95766.19
1561194651.942258 24.76 95770.63
1561194711.9711633 24.73 95772.55
1561194772.015669 24.75 95768.22
1561194832.0445745 24.72 95765.63
1561194892.0734797 24.75 95770.57
1561194952.102385 24.79 95767.44
1561195012.1312907 24.77 95769.83
1561195072.160196 24.81 95772.90
1561195132.1891015 24.81 95771.57
1561195192.2336068 24.83 95769.77
1561195252.2625124 24.77 95771.21
1561195312.2914178 24.74 95768.14
1561195372.3203232 24.74 95773.69
1561195432.3492289 24.74 95775.27
1561195492.3781343 24.75 95773.33
1561195552.4070394 24.75 95772.63
1561195612.451545 24.72 95769.71
1561195672.4804506 24.70 95773.77
1561195732.5093558 24.74 95771.69
1561195792.5382614 24.78 95776.27
1561195852.5671668 24.75 95777.35
1561195912.5960722 24.74 95778.11
1561195972.6249776 24.81 95778.75
1561196032.6538832 24.83 95781.44
1561196092.6983886 24.76 95780.80
1561196152.727294 24.74 95785.47
1561196212.7561994 24.80 95782.16
1561196272.785105 24.79 95781.72
1561196332.8140104 24.74 95788.48
1561196392.8429155 24.77 95785.72
1561196452.8718214 24.79 95790.67
1561196512.9163268 24.76 95789.36
1561196572.9452322 24.76 95791.83
1561196632.9741375 24.77 95787.63
1561196693.0030432 24.81 95791.16
1561196753.0319483 24.78 95792.25
1561196813.0608537 24.79 95789.17
1561196873.0897593 24.80 95795.74
1561196933.1186647 24.79 95790.35
1561196993.1631703 24.78 95793.21
1561197053.1920755 24.78 95791.38
1561197113.220981 24.85 95792.46
1561197173.2498865 24.89 95791.48
1561197233.278792 24.85 95792.79
1561197293.3076973 24.76 95791.50
1561197353.336603 24.75 95793.57
1561197413.365508 24.70 95795.54
1561197473.3944135 24.77 95796.19
1561197533.438919 24.77 95799.10
1561197593.4678245 24.76 95797.85
1561197653.49673 24.73 95800.47
1561197713.5256352 24.68 95800.11
1561197773.5545409 24.67 95801.17
1561197833.5834463 24.66 95803.97
1561197893.6123517 24.74 95805.39
1561197953.6412573 24.77 95806.13
1561198013.6857626 24.80 95805.37
1561198073.714668 24.80 95805.21
1561198133.7435734 24.79 95806.50
1561198193.772479 24.77 95810.03
1561198253.8013844 24.74 95809.61
1561198313.8302898 24.72 95809.87
1561198373.8591952 24.74 95809.64
1561198433.9037008 24.86 95812.83
1561198493.9326062 24.83 95815.09
1561198553.9615116 24.80 95813.39
1561198613.990417 24.83 95819.00
1561198674.0193224 24.90 95817.77
1561198734.0482278 24.85 95819.38
1561198794.0771334 24.82 95825.89
1561198854.1060388 24.85 95824.57
1561198914.1505442 24.83 95824.89
1561198974.1794496 24.87 95824.42
1561199034.2083552 24.82 95823.32
1561199094.2372606 24.76 95824.71
1561199154.266166 24.79 95823.52
1561199214.2950716 24.73 95827.57
1561199274.3239768 24.76 95826.02
1561199334.3684824 24.72 95826.16
1561199394.3973877 24.74 95828.95
1561199454.426293 24.79 95830.08
1561199514.4551988 24.72 95831.17
1561199574.484104 24.73 95828.47
1561199634.5130093 24.78 95834.63
1561199694.541915 24.82 95832.17
1561199754.5864203 24.79 95838.10
1561199814.6153257 24.81 95836.99
1561199874.644231 24.77 95833.91
1561199934.6731367 24.78 95839.74
1561199994.702042 24.80 95838.52
1561200054.7309475 24.79 95839.11
1561200114.7598531 24.77 95836.63
1561200174.7887585 24.74 95835.50
1561200234.8332639 24.76 95839.66
1561200294.8621693 24.81 95838.63
1561200354.891075 24.77 95842.35
1561200414.9199803 24.78 95837.90
1561200474.9488854 24.80 95838.82
1561200534.977791 24.80 95840.85
1561200595.0066965 24.78 95842.89
1561200655.0512018 24.86 95844.88
1561200715.0801075 24.79 95843.69
1561200775.1090128 24.77 95846.49
1561200835.1379182 24.79 95846.87
1561200895.1668236 24.83 95845.42
1561200955.1957293 24.79 95851.83
1561201015.2246346 24.77 95851.11
1561201075.25354 24.76 95850.27
1561201135.2980454 24.71 95852.10
1561201195.326951 24.76 95852.27
1561201255.3558564 24.85 95848.78
1561201315.3847616 24.83 95851.46
1561201375.4136674 24.83 95851.88
1561201435.4425726 24.77 95850.30
1561201495.471478 24.80 95851.42
1561201555.5159836 24.75 95853.60
1561201615.5448887 24.75 95855.17
1561201675.5737944 24.73 95853.35
1561201735.6026998 24.76 95857.08
1561201795.6316051 24.73 95854.05
1561201855.6605108 24.77 95859.47
1561201915.6894162 24.83 95857.00
1561201975.7339215 24.76 95860.16
1561202035.762827 24.74 95861.13
1561202095.7917325 24.72 95863.78
1561202155.820638 24.69 95868.10
1561202215.8495433 24.69 95866.77
1561202275.878449 24.77 95874.52
1561202335.907354 24.80 95872.86
1561202395.9362595 24.79 95874.86
1561202455.980765 24.75 95875.80
1561202516.0096705 24.79 95876.47
1561202576.0385761 24.77 95878.80
1561202636.0674813 24.72 95882.17
1561202696.096387 24.72 95880.50
1561202756.1252923 24.75 95880.99
1561202816.1541977 24.75 95883.71
1561202876.198703 24.73 95885.63
1561202936.2276087 24.73 95887.97
1561202996.256514 24.74 95885.80
1561203056.2854195 24.75 95886.60
1561203116.314325 24.76 95887.08
1561203176.3432302 24.76 95887.66
1561203236.3721356 24.79 95888.75
1561203296.4010413 24.82 95893.52
1561203356.4455469 24.83 95894.27
1561203416.4744523 24.75 95891.63
1561203476.5033574 24.83 95894.03
1561203536.5322628 24.79 95895.97
1561203596.5611684 24.84 95896.41
1561203656.5900738 24.81 95894.85
1561203716.6189792 24.78 95899.08
1561203776.6478848 24.76 95895.58
1561203836.6923902 24.72 95897.89
1561203896.7212956 24.77 95899.80
1561203956.750201 24.73 95896.92
1561204016.7791066 24.77 95900.71
1561204076.8080118 24.84 95902.13
1561204136.8369174 24.88 95901.05
1561204196.8658228 24.88 95902.32
1561204256.8947282 24.89 95902.30
1561204316.9392338 24.97 95902.69
1561204376.968139 24.98 95902.64
1561204436.9970446 24.97 95907.78
1561204497.02595 24.98 95908.08
1561204557.0548553 25.00 95904.96
1561204617.083761 25.02 95908.68
1561204677.1126664 25.05 95908.67
1561204737.1571717 25.08 95910.03
1561204797.186077 25.09 95909.90
1561204857.2149827 25.06 95909.64
1561204917.2438881 25.00 95916.83
1561204977.2727935 25.03 95912.74
1561205037.301699 25.01 95913.96
1561205097.3306043 25.01 95917.61
1561205157.37511 25.09 95916.63
1561205217.4040153 25.03 95917.42
1561205277.4329207 25.08 95913.64
1561205337.461826 25.01 95913.13
1561205397.4907315 25.03 95917.42
1561205457.519637 25.05 95916.53
1561205517.5485425 25.09 95919.44
1561205577.5930479 25.05 95920.28
1561205637.6219532 25.07 95918.89
1561205697.6508586 25.08 95924.18
1561205757.6797643 25.06 95922.87
1561205817.7086697 25.09 95925.07
1561205877.737575 25.04 95923.52
1561205937.7664804 25.02 95925.21
1561205997.810986 25.02 95923.00
1561206057.8398914 25.05 95922.82
1561206117.8687968 25.09 95926.13
1561206177.8977025 25.13 95925.02
1561206237.9266076 25.14 95922.05
1561206297.955513 25.15 95927.32
1561206357.9844186 25.14 95922.99
1561206418.0289242 25.10 95927.44
1561206478.0578294 25.06 95924.64
1561206538.0867348 25.04 95925.16
1561206598.1156404 25.05 95925.47
1561206658.1445458 25.05 95926.33
1561206718.1734512 25.08 95928.57
1561206778.2023568 25.14 95926.33
1561206838.2468622 25.19 95926.63
1561206898.2757676 25.18 95924.22
1561206958.304673 25.15 95925.97
1561207018.3335786 25.14 95924.39
1561207078.362484 25.14 95928.24
1561207138.3913891 25.10 95930.22
1561207198.4202948 25.12 95929.57
1561207258.4648004 25.09 95931.82
1561207318.4937057 25.15 95929.82
1561207378.5226111 25.13 95927.64
1561207438.5515165 25.11 95928.92
1561207498.580422 25.15 95925.74
1561207558.6093273 25.16 95925.88
1561207618.638233 25.13 95926.86
1561207678.682738 25.17 95923.94
1561207738.7116437 25.16 95926.11
1561207798.740549 25.18 95923.17
1561207858.7694545 25.19 95925.36
1561207918.79836 25.14 95926.91
1561207978.8272655 25.19 95925.96
1561208038.856171 25.21 95926.78
1561208098.9006763 25.14 95927.07
1561208158.9295819 25.15 95927.17
1561208218.9584873 25.17 95926.58
1561208278.9873927 25.23 95928.89
1561208339.016298 25.19 95928.91
1561208399.0452034 25.18 95928.00
1561208459.0741088 25.25 95925.80
1561208519.1186144 25.21 95927.58
1561208579.14752 25.22 95925.71
1561208639.1764252 25.25 95926.37
1561208699.2053306 25.22 95924.61
1561208759.2342362 25.25 95928.38
1561208819.2631416 25.27 95928.92
1561208879.307647 25.27 95926.61
1561208939.3365524 25.24 95922.14
1561208999.365458 25.20 95924.36
1561209059.3943634 25.22 95923.14
1561209119.4232688 25.17 95922.91
1561209179.4521742 25.22 95923.47
1561209239.4810798 25.27 95922.10
1561209299.5255852 25.27 95928.26
1561209359.5544906 25.25 95923.89
1561209419.5833962 25.26 95925.37
1561209479.6123013 25.30 95925.29
1561209539.6412067 25.25 95919.77
1561209599.6701124 25.25 95919.27
1561209659.6990178 25.26 95926.71
1561209719.7435234 25.27 95921.05
1561209779.7724285 25.28 95920.97
1561209839.801334 25.24 95920.57
1561209899.8302395 25.15 95918.10
1561209959.859145 25.17 95916.71
1561210019.8880503 25.19 95916.99
1561210079.9325557 25.19 95915.19
1561210139.9614613 25.18 95912.77
1561210199.9903667 25.16 95912.49
1561210260.019272 25.20 95910.64
1561210320.0481777 25.29 95912.47
1561210380.0770829 25.23 95911.57
1561210440.1059885 25.24 95910.76
1561210500.1504939 25.19 95906.99
1561210560.1793995 25.30 95907.78
1561210620.208305 25.27 95906.93
1561210680.23721 25.26 95908.46
1561210740.2661157 25.18 95906.41
1561210800.295021 25.22 95908.55
1561210860.3395267 25.27 95904.25
1561210920.368432 25.24 95904.84
1561210980.3973374 25.25 95905.32
1561211040.4262428 25.27 95901.14
1561211100.4551482 25.25 95906.32
1561211160.4840539 25.26 95900.00
1561211220.5129592 25.32 95897.75
1561211280.5574646 25.36 95900.05
1561211340.58637 25.38 95900.63
1561211400.6152756 25.39 95900.94
1561211460.644181 25.32 95899.53
1561211520.6730864 25.31 95901.00
1561211580.7019918 25.31 95898.11
1561211640.7308972 25.33 95898.63
1561211700.7598026 25.37 95893.63
1561211760.8043082 25.35 95893.15
1561211820.8332138 25.35 95892.25
1561211880.862119 25.33 95888.25
1561211940.8910244 25.34 95887.53
1561212000.9199297 25.33 95890.25
1561212060.9488354 25.36 95885.35
1561212120.993341 25.41 95884.91
1561212181.0222461 25.45 95883.96
1561212241.0511515 25.38 95881.38
1561212301.0800571 25.36 95884.61
1561212361.1089625 25.36 95880.13
1561212421.137868 25.36 95879.53
1561212481.1823733 25.41 95876.21
1561212541.211279 25.44 95880.44
1561212601.2401843 25.42 95878.63
1561212661.2690897 25.42 95881.00
1561212721.2979953 25.43 95879.89
1561212781.3269005 25.44 95877.29
1561212841.3558059 25.42 95875.48
1561212901.4003115 25.41 95871.75
1561212961.429217 25.40 95869.94
1561213021.4581225 25.36 95867.75
1561213081.4870276 25.31 95873.58
1561213141.5159333 25.28 95869.64
1561213201.5448387 25.32 95866.25
1561213261.589344 25.33 95866.72
1561213321.6182497 25.35 95865.23
1561213381.647155 25.40 95863.75
1561213441.6760604 25.46 95863.41
1561213501.7049658 25.51 95863.19
1561213561.7338715 25.46 95859.05
1561213621.7783768 25.45 95857.51
1561213681.8072822 25.39 95862.44
1561213741.8361876 25.44 95856.88
1561213801.8650932 25.48 95858.36
1561213861.8939986 25.42 95860.71
1561213921.922904 25.47 95858.79
1561213981.9674094 25.38 95854.57
1561214041.9963148 25.39 95853.77
1561214102.0252204 25.36 95848.74
1561214162.0541258 25.33 95848.55
1561214222.0830312 25.32 95847.34
1561214282.1119366 25.34 95847.58
1561214342.1564422 25.31 95847.47
1561214402.1853476 25.39 95845.94
1561214462.2142527 25.39 95848.24
1561214522.2431586 25.39 95845.57
1561214582.2720637 25.43 95845.96
1561214642.3009691 25.48 95842.11
1561214702.3454747 25.47 95837.19
1561214762.37438 25.49 95837.07
1561214822.4032855 25.42 95836.77
1561214882.432191 25.39 95839.50
1561214942.4610965 25.37 95837.62
1561215002.490002 25.36 95837.49
1561215062.5345073 25.42 95834.00
1561215122.5634127 25.32 95839.51
1561215182.5923183 25.37 95834.94
1561215242.6212237 25.36 95827.03
1561215302.650129 25.30 95831.07
1561215362.6790347 25.26 95830.11
1561215422.72354 25.29 95829.22
1561215482.7524455 25.32 95828.60
1561215542.7813509 25.27 95828.17
1561215602.8102565 25.32 95825.11
1561215662.8391616 25.29 95826.14
1561215722.868067 25.25 95825.28
1561215782.9125726 25.22 95819.71
1561215842.9414778 25.28 95816.19
1561215902.9703836 25.32 95815.17
1561215962.9992888 25.37 95814.86
1561216023.0281942 25.29 95814.06
1561216083.0570998 25.40 95804.99
1561216143.1016052 25.35 95807.28
1561216203.1305106 25.34 95809.59
1561216263.159416 25.28 95805.88
1561216323.1883216 25.28 95797.22
1561216383.217227 25.26 95801.49
1561216443.2461324 25.21 95801.74
1561216503.275038 25.28 95804.14
1561216563.3195434 25.27 95800.83
1561216623.3484488 25.25 95796.83
1561216683.3773541 25.36 95796.41
1561216743.4062598 25.39 95798.57
1561216803.4351652 25.33 95798.00
1561216863.4640703 25.28 95795.78
1561216923.508576 25.27 95797.71
1561216983.5374815 25.26 95795.14
1561217043.5663867 25.22 95792.44
1561217103.5952923 25.21 95786.45
1561217163.6241977 25.22 95785.08
1561217223.653103 25.25 95783.38
1561217283.6976087 25.31 95777.05
1561217343.7265139 25.34 95777.22
1561217403.7554195 25.34 95776.72
1561217463.784325 25.31 95778.35
1561217523.8132303 25.30 95772.39
1561217583.842136 25.27 95772.28
1561217643.8866413 25.28 95770.41
1561217703.9155467 25.21 95767.93
1561217763.944452 25.12 95763.25
1561217823.9733577 25.18 95763.24
1561217884.002263 25.19 95757.56
1561217944.0311685 25.21 95758.17
1561218004.0600736 25.26 95758.82
1561218064.1045792 25.25 95757.03
1561218124.1334848 25.29 95752.00
1561218184.1623902 25.32 95752.85
1561218244.1912954 25.29 95751.53
1561218304.220201 25.32 95751.10
1561218364.2491064 25.31 95748.60
1561218424.2936118 25.25 95743.49
1561218484.3225174 25.29 95743.03
1561218544.3514228 25.23 95740.46
1561218604.3803282 25.27 95738.47
1561218664.4092336 25.33 95733.13
1561218724.4381392 25.32 95733.89
1561218784.4826446 25.35 95734.61
1561218844.51155 25.36 95730.06
1561218904.5404553 25.27 95727.59
1561218964.569361 25.26 95726.72
1561219024.5982664 25.19 95726.89
1561219084.6271718 25.21 95726.10
1561219144.671677 25.18 95720.21
1561219204.7005827 25.25 95719.55
1561219264.7294881 25.22 95721.11
1561219324.7583935 25.29 95720.53
1561219384.7872992 25.27 95719.25
1561219444.8162043 25.31 95716.75
1561219504.8451097 25.23 95715.16
1561219564.8896153 25.23 95717.61
1561219624.9185207 25.20 95713.68
1561219684.9474263 25.22 95712.78
1561219744.9763315 25.21 95712.88
1561219805.005237 25.22 95708.60
1561219865.0341425 25.24 95708.77
1561219925.0786479 25.22 95711.11
1561219985.1075532 25.24 95708.97
1561220045.1364586 25.26 95701.85
1561220105.1653643 25.26 95709.28
1561220165.1942697 25.31 95701.83
1561220225.223175 25.32 95698.05
1561220285.2676804 25.33 95700.69
1561220345.296586 25.39 95699.84
1561220405.3254914 25.36 95696.38
1561220465.3543968 25.45 95692.22
1561220525.3833025 25.37 95695.85
1561220585.4122078 25.38 95695.92
1561220645.4567132 25.31 95693.36
1561220705.4856186 25.32 95690.75
1561220765.5145242 25.31 95688.64
1561220825.5434294 25.31 95688.14
1561220885.572335 25.32 95684.35
1561220945.6012404 25.29 95684.96
1561221005.6301458 25.27 95682.34
1561221065.6746514 25.24 95677.85
1561221125.7035565 25.27 95682.17
1561221185.7324622 25.27 95680.40
1561221245.7613676 25.25 95678.62
1561221305.790273 25.24 95678.02
1561221365.8191786 25.28 95676.28
1561221425.863684 25.43 95673.03
1561221485.8925893 25.40 95671.58
1561221545.9214947 25.38 95670.24
1561221605.9504004 25.29 95668.56
1561221665.9793057 25.32 95665.28
1561221726.0082111 25.33 95667.29
1561221786.0527165 25.36 95670.07
1561221846.066022 25.35 95672.58
1561221906.1105275 25.31 95669.33
1561221966.139433 25.31 95669.07
1561222026.168338 25.32 95665.61
1561222086.1972437 25.38 95658.16
1561222146.226149 25.38 95657.69
1561222206.2550545 25.38 95659.73
1561222266.2995603 25.24 95660.75
1561222326.3284655 25.28 95659.21
1561222386.3573709 25.30 95660.59
1561222446.3862762 25.33 95660.42
1561222506.4151819 25.31 95657.38
1561222566.4440873 25.31 95658.52
1561222626.4885926 25.34 95651.46
1561222686.517498 25.36 95655.25
1561222746.5464036 25.32 95655.37
1561222806.575309 25.27 95652.78
1561222866.6042144 25.33 95651.46
1561222926.63312 25.24 95650.21
1561222986.6776254 25.27 95649.77
1561223046.7065308 25.25 95650.17
1561223106.7354362 25.29 95649.08
1561223166.7643418 25.27 95648.44
1561223226.793247 25.25 95645.92
1561223286.8221524 25.21 95644.55
1561223346.866658 25.22 95646.92
1561223406.8955636 25.22 95644.14
1561223466.924469 25.28 95643.15
1561223526.9533741 25.26 95647.33
1561223586.9822798 25.24 95645.19
1561223647.0111852 25.25 95641.53
1561223707.0556905 25.32 95639.87
1561223767.0845962 25.26 95642.78
1561223827.1135015 25.24 95644.52
1561223887.142407 25.28 95639.74
1561223947.1713123 25.22 95641.00
1561224007.200218 25.19 95635.64
1561224067.229123 25.24 95636.58
1561224127.2736287 25.22 95637.14
1561224187.302534 25.31 95637.86
1561224247.3314397 25.23 95632.00
1561224307.3603451 25.23 95636.41
1561224367.3892503 25.24 95635.97
1561224427.4181557 25.21 95634.67
1561224487.4626613 25.27 95630.07
1561224547.491567 25.28 95630.42
1561224607.5204723 25.30 95630.40
1561224667.5493774 25.30 95630.71
1561224727.578283 25.27 95627.02
1561224787.6071885 25.31 95631.61
1561224847.651694 25.31 95629.20
1561224907.6805992 25.36 95626.52
1561224967.7095048 25.39 95624.08
1561225027.7384102 25.40 95623.05
1561225087.7673156 25.42 95623.55
1561225147.7962213 25.50 95622.48
1561225207.8407266 25.54 95624.42
1561225267.869632 25.49 95619.57
1561225327.8985374 25.44 95625.02
1561225387.927443 25.39 95623.92
1561225447.9563484 25.36 95620.33
1561225507.9852538 25.31 95621.03
1561225568.0297592 25.36 95616.98
1561225628.0586648 25.35 95615.10
1561225688.0875702 25.38 95617.08
1561225748.1164756 25.40 95612.16
1561225808.1453812 25.35 95616.41
1561225868.1742864 25.38 95618.39
1561225928.218792 25.40 95621.21
1561225988.2476974 25.43 95617.35
1561226048.276603 25.41 95617.72
1561226108.3055081 25.39 95614.03
1561226168.3344135 25.41 95616.48
1561226228.3633192 25.45 95610.19
1561226288.4078243 25.44 95612.03
1561226348.4367301 25.45 95613.11
1561226408.4656353 25.45 95613.27
1561226468.4945407 25.43 95610.39
1561226528.5234463 25.57 95611.64
1561226588.5523517 25.47 95611.87
1561226648.596857 25.47 95611.83
1561226708.6257625 25.43 95609.39
1561226768.654668 25.41 95611.19
1561226828.6835735 25.41 95610.56
1561226888.7124789 25.44 95613.27
1561226948.7413843 25.41 95611.23
1561227008.7858899 25.35 95609.49
1561227068.8147953 25.39 95611.06
1561227128.8437006 25.44 95610.10
1561227188.8726063 25.49 95613.07
1561227248.9015117 25.45 95613.67
1561227308.9304168 25.45 95615.25
1561227368.9749224 25.42 95615.21
1561227429.003828 25.44 95614.82
1561227489.0327332 25.44 95618.49
1561227549.0616388 25.38 95615.67
1561227609.0905442 25.45 95616.25
1561227669.1194496 25.42 95620.20
1561227729.1639552 25.40 95620.63
1561227789.1928604 25.41 95619.10
1561227849.221766 25.45 95617.86
1561227909.2506714 25.44 95622.17
1561227969.2795768 25.43 95616.78
1561228029.3084824 25.38 95619.42
1561228089.3529878 25.43 95619.10
1561228149.3818932 25.49 95617.09
1561228209.4107985 25.53 95617.32
1561228269.4397042 25.42 95619.46
1561228329.4686096 25.40 95621.60
1561228389.497515 25.35 95615.97
1561228449.5420203 25.30 95614.37
1561228509.5709257 25.43 95615.75
1561228569.5998313 25.43 95614.44
1561228629.6287367 25.39 95619.07
1561228689.657642 25.39 95615.44
1561228749.6865475 25.40 95612.33
1561228809.731053 25.46 95614.14
1561228869.7599585 25.54 95615.28
1561228929.788864 25.53 95614.35
1561228989.8177693 25.46 95619.67
1561229049.8466747 25.46 95615.58
1561229109.87558 25.39 95613.80
1561229169.9200854 25.39 95610.52
1561229229.948991 25.37 95608.82
1561229289.9778965 25.37 95613.77
1561229350.0068018 25.41 95613.07
1561229410.0357075 25.49 95609.52
1561229470.0646129 25.43 95611.23
1561229530.1091182 25.40 95608.88
1561229590.1380236 25.43 95612.17
1561229650.1669292 25.45 95609.69
1561229710.1958346 25.41 95608.22
1561229770.22474 25.50 95607.25
1561229830.2536457 25.50 95609.25
1561229890.298151 25.43 95613.41
1561229950.3270564 25.44 95613.44
1561230010.3559618 25.49 95612.87
1561230070.3848674 25.48 95612.67
1561230130.4137728 25.41 95611.53
1561230190.442678 25.43 95616.75
1561230250.4871836 25.45 95614.91
1561230310.5160892 25.42 95612.50
1561230370.5449944 25.42 95612.00
1561230430.5738997 25.37 95615.44
1561230490.6028051 25.38 95611.96
1561230550.6317108 25.31 95611.42
1561230610.6762164 25.38 95609.49
1561230670.7051215 25.40 95607.91
1561230730.734027 25.49 95607.05
1561230790.7629325 25.42 95605.34
1561230850.791838 25.46 95602.60
1561230910.8207433 25.39 95605.87
1561230970.8652487 25.42 95605.97
1561231030.8941543 25.46 95609.16
1561231090.9230597 25.44 95609.92
1561231150.951965 25.45 95607.17
1561231210.9808707 25.51 95607.72
1561231271.009776 25.57 95605.41
1561231331.0542815 25.54 95602.33
1561231391.0831869 25.53 95608.22
1561231451.1120925 25.48 95604.64
1561231511.140998 25.42 95603.96
1561231571.169903 25.39 95602.92
1561231631.1988087 25.43 95602.69
1561231691.2433143 25.48 95605.47
1561231751.2722194 25.44 95608.75
1561231811.301125 25.44 95609.96
1561231871.3300304 25.45 95609.39
1561231931.3589358 25.40 95605.14
1561231991.3878412 25.44 95607.51
1561232051.4323468 25.44 95606.44
1561232111.4612522 25.43 95608.55
1561232171.4901576 25.48 95608.42
1561232231.519063 25.50 95604.03
1561232291.5479686 25.52 95608.25
1561232351.576874 25.46 95605.47
1561232411.6213794 25.43 95605.07
1561232471.6502848 25.35 95605.30
1561232531.6791902 25.38 95605.43
1561232591.7080958 25.42 95604.47
1561232651.7370012 25.42 95606.27
1561232711.7659066 25.47 95609.19
1561232771.810412 25.47 95609.66
1561232831.8393176 25.56 95608.32
1561232891.868223 25.49 95607.35
1561232951.897128 25.49 95607.01
1561233011.926034 25.49 95609.02
1561233071.9549391 25.41 95608.55
1561233131.9994447 25.39 95607.51
1561233192.02835 25.39 95607.94
1561233252.0572555 25.42 95607.41
1561233312.086161 25.38 95608.55
1561233372.1150663 25.38 95609.65
1561233432.143972 25.40 95608.72
1561233492.1728773 25.40 95606.88
1561233552.2173827 25.39 95608.78
1561233612.246288 25.46 95606.94
1561233672.2751937 25.41 95603.70
1561233732.304099 25.51 95602.76
1561233792.3330045 25.55 95603.07
1561233852.36191 25.55 95605.78
1561233912.4064155 25.49 95604.00
1561233972.4353209 25.41 95604.77
1561234032.4642262 25.41 95603.86
1561234092.4931319 25.44 95604.07
1561234152.522037 25.47 95605.67
1561234212.5509427 25.48 95601.79
1561234272.595448 25.47 95604.30
1561234332.6243536 25.49 95604.33
1561234392.653259 25.46 95603.53
1561234452.6821642 25.47 95603.33
1561234512.7110696 25.43 95604.03
1561234572.7399752 25.45 95603.23
1561234632.7688806 25.47 95603.89
1561234692.813386 25.49 95600.52
1561234752.8422914 25.45 95598.10
1561234812.871197 25.41 95605.37
1561234872.9001024 25.46 95603.93
1561234932.9290078 25.50 95602.28
1561234992.9579134 25.42 95602.92
1561235053.0024188 25.36 95603.42
1561235113.0313241 25.32 95603.32
1561235173.0602295 25.33 95604.19
1561235233.0891352 25.36 95605.80
1561235293.1180406 25.38 95605.87
1561235353.1469457 25.39 95607.61
1561235413.1914513 25.34 95606.67
1561235473.220357 25.46 95604.60
1561235533.249262 25.47 95603.39
1561235593.2781677 25.49 95602.33
1561235653.307073 25.41 95602.82
1561235713.3359785 25.40 95600.45
1561235773.380484 25.36 95603.92
1561235833.4093893 25.39 95602.99
1561235893.438295 25.40 95604.39
1561235953.4672003 25.42 95601.15
1561236013.4961057 25.41 95605.94
1561236073.5250113 25.45 95604.36
1561236133.5695167 25.43 95603.63
1561236193.598422 25.35 95604.89
1561236253.6273274 25.34 95604.39
1561236313.656233 25.43 95603.29
1561236373.6851385 25.51 95608.82
1561236433.7140439 25.56 95604.94
1561236493.7585492 25.45 95601.52
1561236553.7874546 25.51 95603.80
1561236613.8163602 25.52 95598.64
1561236673.8452656 25.49 95600.49
1561236733.8741708 25.47 95601.46
1561236793.9030766 25.44 95597.97
1561236853.947582 25.54 95599.38
1561236913.9764874 25.50 95597.71
1561236974.0053928 25.43 95596.83
1561237034.0342982 25.41 95600.64
1561237094.0632036 25.45 95600.01
1561237154.092109 25.46 95599.01
1561237214.1366146 25.46 95603.97
1561237274.16552 25.43 95599.78
1561237334.1944253 25.41 95601.19
1561237394.2233307 25.35 95604.03
1561237454.2522364 25.45 95600.45
1561237514.2811418 25.48 95601.42
1561237574.325647 25.49 95598.41
1561237634.3545525 25.51 95603.83
1561237694.3834581 25.44 95605.57
1561237754.4123635 25.43 95604.20
1561237814.441269 25.41 95606.27
1561237874.4701746 25.48 95604.36
1561237934.51468 25.47 95605.85
1561237994.5435853 25.48 95602.63
1561238054.5724907 25.45 95606.54
1561238114.6013963 25.47 95604.57
1561238174.6303017 25.41 95608.72
1561238234.6592069 25.48 95606.48
1561238294.7037125 25.45 95609.32
1561238354.732618 25.41 95607.51
1561238414.7615232 25.46 95606.14
1561238474.7904286 25.47 95604.13
1561238534.819334 25.50 95609.72
1561238594.8482397 25.56 95602.92
1561238654.8927453 25.54 95607.68
1561238714.9216506 25.45 95602.52
1561238774.9505558 25.45 95604.07
1561238834.9794614 25.53 95605.14
1561238895.0083668 25.44 95602.32
1561238955.0372722 25.42 95604.50
1561239015.0817778 25.44 95600.75
1561239075.1106832 25.47 95604.00
1561239135.1395886 25.49 95602.92
1561239195.168494 25.50 95602.52
1561239255.1973996 25.46 95603.93
1561239315.226305 25.42 95606.67
1561239375.2552104 25.41 95609.39
1561239435.2997158 25.41 95607.61
1561239495.3286214 25.46 95609.79
1561239555.3575268 25.50 95610.42
1561239615.386432 25.45 95611.27
1561239675.4153376 25.43 95609.39
1561239735.444243 25.44 95611.13
1561239795.4887486 25.46 95610.83
1561239855.517654 25.38 95612.86
1561239915.5465593 25.36 95612.23
1561239975.5754647 25.35 95608.71
1561240035.60437 25.37 95611.42
1561240095.6332757 25.40 95606.97
1561240155.677781 25.45 95604.13
1561240215.7066865 25.40 95606.81
1561240275.735592 25.43 95605.71
1561240335.7644975 25.48 95607.49
1561240395.793403 25.50 95606.41
1561240455.8223083 25.45 95605.67
1561240515.8668137 25.46 95608.72
1561240575.895719 25.50 95606.54
1561240635.9246247 25.48 95605.53
1561240695.95353 25.46 95606.78
1561240755.9824355 25.44 95604.90
1561240816.0113409 25.50 95606.88
1561240876.0558465 25.55 95601.32
1561240936.0847518 25.48 95602.25
1561240996.1136572 25.46 95602.69
1561241056.1425629 25.46 95604.87
1561241116.171468 25.53 95605.47
1561241176.2003734 25.50 95603.89
1561241236.244879 25.56 95603.03
1561241296.2737846 25.55 95600.99
1561241356.3026898 25.57 95600.49
1561241416.3315952 25.57 95599.41
1561241476.3605008 25.56 95598.41
1561241536.3894062 25.56 95598.07
1561241596.4339118 25.53 95598.24
1561241656.462817 25.56 95598.78
1561241716.4917226 25.57 95595.46
1561241776.520628 25.55 95598.44
1561241836.5495334 25.51 95601.99
1561241896.578439 25.43 95600.69
1561241956.6073444 25.52 95602.33
1561242016.6518497 25.49 95602.86
1561242076.6807551 25.50 95603.89
1561242136.7096608 25.49 95608.05
1561242196.738566 25.53 95609.05
1561242256.7674716 25.52 95606.91
1561242316.796377 25.49 95610.46
1561242376.8408825 25.54 95612.91
1561242436.869788 25.52 95614.44
1561242496.898693 25.52 95614.78
1561242556.9275985 25.54 95615.05
1561242616.956504 25.59 95615.66
1561242676.9854095 25.51 95616.22
1561242737.0299149 25.50 95614.61
1561242797.0588202 25.57 95614.14
1561242857.0877259 25.60 95615.39
1561242917.1166313 25.58 95616.42
1561242977.1455367 25.56 95615.49
1561243037.1744423 25.59 95616.92
1561243097.2189476 25.51 95617.66
1561243157.247853 25.43 95619.77
1561243217.2767584 25.50 95618.42
1561243277.305664 25.50 95618.30
1561243337.3345695 25.52 95620.30
1561243397.3634746 25.50 95622.78
1561243457.4079802 25.50 95623.82
1561243517.4368858 25.49 95624.75
1561243577.4657912 25.46 95622.68
1561243637.4946966 25.48 95627.90
1561243697.523602 25.47 95630.17
1561243757.5525074 25.57 95633.03
1561243817.597013 25.53 95635.41
1561243877.6259184 25.53 95637.08
1561243937.6548238 25.51 95636.75
1561243997.6837292 25.49 95635.64
1561244057.7126346 25.49 95643.44
1561244117.7415402 25.53 95639.25
1561244177.7860458 25.52 95641.10
1561244237.814951 25.51 95640.63
1561244297.8438563 25.48 95640.63
1561244357.872762 25.53 95641.77
1561244417.9016674 25.55 95640.63
1561244477.9305727 25.49 95641.00
1561244537.9594784 25.53 95641.30
1561244598.0039835 25.46 95644.11
1561244658.0328891 25.52 95643.07
1561244718.0617945 25.54 95644.85
1561244778.0906997 25.55 95646.19
1561244838.1196055 25.53 95644.95
1561244898.1485107 25.54 95647.70
1561244958.177416 25.57 95645.15
1561245018.2219217 25.52 95645.62
1561245078.250827 25.51 95648.57
1561245138.2797325 25.59 95648.91
1561245198.3086379 25.54 95650.21
1561245258.3375435 25.50 95649.83
1561245318.3664489 25.51 95653.08
1561245378.4109545 25.53 95655.19
1561245438.4398596 25.50 95657.47
1561245498.4687653 25.43 95657.36
1561245558.4976707 25.46 95658.83
1561245618.526576 25.44 95658.17
1561245678.5554817 25.45 95661.38
1561245738.584387 25.38 95665.02
1561245798.6288924 25.38 95668.64
1561245858.6577978 25.39 95667.80
1561245918.6867034 25.47 95672.80
1561245978.7156086 25.50 95674.38
1561246038.7445142 25.51 95673.67
1561246098.7734196 25.53 95673.58
1561246158.8179252 25.49 95672.17
1561246218.8468306 25.43 95677.55
1561246278.8757358 25.45 95680.86
1561246338.9046414 25.47 95676.65
1561246398.9335468 25.41 95678.52
1561246458.9624522 25.48 95679.90
1561246519.0069578 25.42 95678.78
1561246579.035863 25.45 95679.73
1561246639.0647686 25.49 95675.41
1561246699.093674 25.56 95679.44
1561246759.1225796 25.58 95674.05
1561246819.151485 25.55 95675.60
1561246879.1959903 25.50 95676.12
1561246939.2248957 25.51 95680.47
1561246999.253801 25.52 95680.85
1561247059.2827067 25.54 95678.60
1561247119.3116121 25.48 95680.53
1561247179.3405173 25.51 95681.55
1561247239.3694232 25.61 95679.58
1561247299.4139285 25.59 95681.78
1561247359.442834 25.59 95685.14
1561247419.4717393 25.47 95679.89
1561247479.5006447 25.49 95681.11
1561247539.52955 25.49 95681.34
1561247599.5584555 25.52 95681.35
1561247659.602961 25.58 95681.42
1561247719.6318667 25.61 95682.77
1561247779.6607718 25.51 95684.39
1561247839.6896772 25.49 95685.96
1561247899.7185829 25.43 95684.21
1561247959.7474883 25.46 95683.28
1561248019.7919936 25.44 95683.28
