1560816094.8269575 25.83 95306.70
1560816154.8558629 25.87 95307.85
1560816214.8847682 25.87 95309.28
1560816274.9136736 25.90 95308.66
1560816334.9581792 25.90 95308.74
1560816394.9870849 25.93 95313.07
1560816455.01599 25.90 95315.10
1560816515.0448954 26.00 95313.92
1560816575.073801 25.97 95313.99
1560816635.1027064 25.95 95311.82
1560816695.1472118 25.88 95315.44
1560816755.1761172 25.87 95317.89
1560816815.2050228 25.90 95317.44
1560816875.2339282 25.92 95320.88
1560816935.2628336 25.88 95316.05
1560816995.291739 25.77 95320.50
1560817055.3206446 25.85 95321.09
1560817115.36515 25.80 95320.05
1560817175.3940554 25.79 95320.25
1560817235.422961 25.76 95321.17
1560817295.4518664 25.72 95323.77
1560817355.4963717 25.81 95324.66
1560817415.5252771 25.80 95328.82
1560817475.5541828 25.76 95325.59
1560817535.5830882 25.78 95326.05
1560817595.6119936 25.72 95323.50
1560817655.6408987 25.74 95323.75
1560817715.6698043 25.74 95322.19
1560817775.71431 25.74 95327.61
1560817835.743215 25.72 95324.57
1560817895.7721205 25.75 95332.20
1560817955.801026 25.70 95331.72
1560818015.8299315 25.74 95329.62
1560818075.858837 25.68 95329.72
1560818135.9033422 25.63 95329.67
1560818195.9322479 25.65 95325.55
1560818255.9611533 25.64 95326.49
1560818315.9900587 25.64 95322.97
1560818376.0189643 25.69 95325.90
1560818436.0634696 25.64 95326.19
1560818496.092375 25.59 95325.78
1560818556.1212804 25.62 95330.25
1560818616.150186 25.61 95323.32
1560818676.1790915 25.62 95323.55
1560818736.2079968 25.68 95322.92
1560818796.2525022 25.67 95320.05
1560818856.2814078 25.70 95320.77
1560818916.3103132 25.70 95320.27
1560818976.3392186 25.69 95320.84
1560819036.368124 25.66 95317.27
1560819096.3970294 25.71 95316.51
1560819156.441535 25.71 95317.11
1560819216.4704401 25.72 95321.39
1560819276.499346 25.67 95319.35
1560819336.5282512 25.64 95315.67
1560819396.5571566 25.61 95320.41
1560819456.5860622 25.57 95316.67
1560819516.6305673 25.67 95319.17
1560819576.659473 25.65 95319.59
1560819636.6883783 25.65 95316.41
1560819696.7172837 25.63 95321.61
1560819756.7461894 25.64 95321.24
1560819816.7750947 25.63 95319.89
1560819876.8196 25.59 95322.07
1560819936.8485055 25.61 95321.58
1560819996.8774111 25.61 95323.36
1560820056.9063165 25.68 95323.49
1560820116.935222 25.64 95320.96
1560820176.9641275 25.60 95321.05
1560820237.008633 25.57 95328.00
1560820297.0375383 25.55 95322.18
1560820357.0664437 25.57 95324.35
1560820417.095349 25.51 95327.82
1560820477.1242547 25.57 95324.18
1560820537.1531599 25.53 95326.74
1560820597.1976655 25.53 95325.53
1560820657.226571 25.58 95326.28
1560820717.2554762 25.58 95323.37
1560820777.2843816 25.56 95324.55
1560820837.3132873 25.59 95323.94
1560820897.3421926 25.52 95321.99
1560820957.386698 25.54 95321.82
1560821017.4156034 25.54 95319.78
1560821077.444509 25.57 95321.19
1560821137.4734144 25.49 95324.99
1560821197.5023198 25.51 95325.48
1560821257.5312254 25.53 95325.03
1560821317.5757308 25.51 95325.88
1560821377.6046362 25.50 95322.40
1560821437.6335416 25.57 95324.18
1560821497.6624472 25.54 95327.00
1560821557.6913526 25.58 95326.38
1560821617.7202578 25.52 95326.05
1560821677.7647634 25.49 95329.00
1560821737.7936687 25.52 95328.85
1560821797.8225741 25.46 95329.41
1560821857.8514798 25.44 95329.25
1560821917.880385 25.49 95331.91
1560821977.9092906 25.50 95332.51
1560822037.9537961 25.54 95331.96
1560822097.9827015 25.51 95335.92
1560822158.0116067 25.54 95336.21
1560822218.0405123 25.55 95331.25
1560822278.0694177 25.55 95337.64
1560822338.098323 25.51 95336.32
1560822398.1428287 25.54 95334.91
1560822458.171734 25.48 95337.58
1560822518.2006395 25.43 95337.56
1560822578.2295449 25.48 95333.06
1560822638.2584505 25.53 95339.03
1560822698.287356 25.53 95332.89
1560822758.3318613 25.51 95328.49
1560822818.3607666 25.53 95329.99
1560822878.3896723 25.52 95327.38
1560822938.4185777 25.53 95328.58
1560822998.4474828 25.50 95326.69
1560823058.4763887 25.51 95323.24
1560823118.520894 25.44 95320.89
1560823178.5497994 25.44 95323.07
1560823238.5787048 25.46 95320.04
1560823298.6076102 25.43 95318.85
1560823358.6365156 25.46 95320.91
1560823418.665421 25.44 95320.22
1560823478.7099266 25.47 95325.19
1560823538.7388318 25.50 95317.82
1560823598.7677374 25.49 95318.59
1560823658.7966428 25.50 95315.80
1560823718.8255482 25.47 95318.60
1560823778.8544538 25.51 95313.89
1560823838.8989592 25.49 95315.07
1560823898.9278646 25.50 95313.60
1560823958.95677 25.47 95310.74
1560824018.9856756 25.47 95313.64
1560824079.014581 25.50 95312.25
1560824139.0434864 25.53 95309.50
1560824199.0879917 25.46 95306.25
1560824259.1168973 25.42 95313.23
1560824319.1458027 25.41 95304.93
1560824379.1747081 25.40 95305.94
1560824439.2036138 25.37 95303.75
1560824499.232519 25.47 95306.21
1560824559.2614243 25.52 95302.57
1560824619.30593 25.48 95299.48
1560824679.3348355 25.42 95297.00
1560824739.3637407 25.49 95300.28
1560824799.392646 25.46 95301.80
1560824859.4215517 25.45 95299.99
1560824919.450457 25.42 95300.44
1560824979.4949627 25.42 95298.67
1560825039.5238678 25.41 95296.57
1560825099.5527735 25.42 95297.46
1560825159.5816789 25.49 95297.86
1560825219.6105843 25.45 95299.13
1560825279.63949 25.44 95298.86
1560825339.6839952 25.40 95298.07
1560825399.7129006 25.38 95296.38
1560825459.741806 25.39 95296.41
1560825519.7707117 25.44 95295.45
1560825579.799617 25.39 95294.60
1560825639.8285224 25.38 95292.29
1560825699.8730278 25.34 95292.82
1560825759.9019332 25.31 95297.00
1560825819.9308388 25.30 95292.53
1560825879.959744 25.31 95295.71
1560825939.9886494 25.38 95297.04
1560826000.017555 25.38 95298.42
1560826060.0464604 25.38 95295.88
1560826120.090966 25.39 95294.36
1560826180.1198711 25.35 95294.45
1560826240.1487768 25.35 95293.98
1560826300.1776822 25.41 95297.47
1560826360.2065876 25.39 95295.27
1560826420.2354932 25.33 95292.99
1560826480.2799985 25.28 95292.64
1560826540.308904 25.34 95292.88
1560826600.3378093 25.39 95292.69
1560826660.366715 25.34 95291.77
1560826720.3956203 25.40 95288.47
1560826780.4245257 25.32 95284.82
1560826840.469031 25.33 95287.16
1560826900.4979367 25.32 95281.97
1560826960.526842 25.31 95286.27
1560827020.5557475 25.28 95283.03
1560827080.584653 25.33 95282.41
1560827140.6135583 25.32 95282.41
1560827200.6424637 25.32 95283.08
1560827260.6869693 25.36 95279.46
1560827320.715875 25.28 95276.67
1560827380.74478 25.30 95280.28
1560827440.7736855 25.29 95278.94
1560827500.802591 25.31 95278.60
1560827560.8314965 25.38 95276.49
1560827620.8760018 25.31 95275.39
1560827680.9049072 25.32 95274.14
1560827740.9338126 25.29 95275.40
1560827800.9627182 25.29 95273.35
1560827860.9916236 25.28 95271.42
1560827921.0205293 25.24 95271.03
1560827981.0494347 25.28 95272.16
1560828041.09394 25.31 95274.72
1560828101.1228454 25.26 95276.14
1560828161.1517508 25.31 95274.82
1560828221.1806564 25.29 95277.88
1560828281.2095616 25.26 95275.75
1560828341.238467 25.24 95276.09
1560828401.2829726 25.36 95274.33
1560828461.311878 25.29 95277.54
1560828521.3407836 25.40 95274.01
1560828581.3696887 25.34 95274.37
1560828641.3985944 25.34 95275.54
1560828701.4274998 25.34 95279.06
1560828761.4564052 25.34 95273.14
1560828821.4853108 25.29 95277.03
1560828881.5298162 25.29 95272.18
1560828941.5587215 25.34 95279.66
1560829001.587627 25.32 95274.78
1560829061.6165326 25.30 95276.20
1560829121.645438 25.26 95274.57
1560829181.6743433 25.24 95271.53
1560829241.7032487 25.31 95271.07
1560829301.7477543 25.38 95275.49
1560829361.7766597 25.37 95274.42
1560829421.805565 25.33 95272.27
1560829481.8344705 25.34 95274.81
1560829541.863376 25.29 95277.03
1560829601.8922813 25.29 95275.42
1560829661.9367867 25.31 95280.58
1560829721.9656925 25.25 95280.21
1560829781.9945977 25.28 95277.41
1560829842.023503 25.29 95274.80
1560829902.0524085 25.31 95277.50
1560829962.081314 25.30 95274.32
1560830022.1258194 25.30 95270.41
1560830082.1547248 25.28 95271.08
1560830142.1836302 25.27 95272.13
1560830202.2125359 25.26 95269.66
1560830262.2414412 25.27 95274.27
1560830322.2703464 25.31 95273.39
1560830382.2992523 25.29 95275.57
1560830442.3437576 25.32 95272.30
1560830502.372663 25.31 95276.92
1560830562.4015684 25.36 95276.47
1560830622.430474 25.34 95278.92
1560830682.4593792 25.39 95276.28
1560830742.4882846 25.31 95281.01
1560830802.5327902 25.35 95280.52
1560830862.5616956 25.35 95280.12
1560830922.5906012 25.33 95279.69
1560830982.6195064 25.31 95280.85
1560831042.648412 25.28 95284.44
1560831102.6773174 25.29 95279.99
1560831162.7062228 25.26 95280.89
1560831222.7507281 25.28 95282.70
1560831282.7796338 25.28 95282.86
1560831342.8085392 25.30 95279.71
1560831402.8374445 25.28 95283.10
1560831462.8663502 25.32 95283.88
1560831522.8952553 25.28 95282.03
1560831582.939761 25.26 95286.55
1560831642.9686663 25.30 95281.55
1560831702.997572 25.29 95281.25
1560831763.0264773 25.30 95282.83
1560831823.0553825 25.26 95280.89
1560831883.084288 25.32 95278.33
1560831943.1287937 25.35 95279.22
1560832003.157699 25.32 95278.96
1560832063.1866043 25.32 95283.55
1560832123.2155097 25.32 95281.35
1560832183.2444153 25.36 95282.46
1560832243.2733207 25.35 95278.02
1560832303.302226 25.28 95283.53
1560832363.3467314 25.28 95282.43
1560832423.375637 25.28 95284.38
1560832483.4045424 25.27 95281.97
1560832543.4334478 25.30 95283.96
1560832603.4623535 25.31 95280.67
1560832663.4912589 25.31 95279.77
1560832723.5357642 25.28 95278.58
1560832783.5646696 25.29 95280.45
1560832843.5935752 25.33 95277.25
1560832903.6224806 25.36 95274.13
1560832963.651386 25.32 95277.52
1560833023.6802914 25.31 95275.75
1560833083.7091968 25.31 95280.51
1560833143.7537024 25.31 95275.83
1560833203.7826078 25.29 95276.74
1560833263.8115132 25.37 95274.69
1560833323.8404186 25.32 95275.45
1560833383.869324 25.30 95273.28
1560833443.8982296 25.27 95270.75
1560833503.9427352 25.23 95269.90
1560833563.9716403 25.24 95273.25
1560833624.0005457 25.24 95273.71
1560833684.0294514 25.28 95267.47
1560833744.0583568 25.28 95271.58
1560833804.0872622 25.37 95275.26
1560833864.1317675 25.30 95273.15
1560833924.1606731 25.28 95272.49
1560833984.1895785 25.27 95276.48
1560834044.218484 25.27 95276.71
1560834104.247389 25.38 95272.58
1560834164.276295 25.43 95270.05
1560834224.3052 25.46 95269.10
1560834284.3497057 25.45 95265.22
1560834344.378611 25.40 95265.03
1560834404.4075165 25.40 95264.64
1560834464.4364219 25.32 95259.89
1560834524.4653273 25.37 95258.80
1560834584.494233 25.34 95256.73
1560834644.5387383 25.32 95253.07
1560834704.5676436 25.29 95251.71
1560834764.596549 25.32 95257.04
1560834824.6254547 25.36 95257.16
1560834884.65436 25.31 95253.64
1560834944.6832654 25.33 95257.60
1560835004.7277708 25.40 95251.14
1560835064.7566764 25.33 95250.82
1560835124.7855818 25.32 95250.85
1560835184.8144872 25.34 95247.36
1560835244.8433928 25.29 95244.97
1560835304.872298 25.24 95246.31
1560835364.9168036 25.27 95246.76
1560835424.945709 25.27 95244.99
1560835484.9746146 25.32 95243.86
1560835545.00352 25.27 95239.23
1560835605.0324252 25.29 95242.63
1560835665.0613308 25.29 95237.82
1560835725.1058364 25.27 95239.00
1560835785.1347418 25.24 95239.11
1560835845.163647 25.22 95238.92
1560835905.1925526 25.21 95241.53
1560835965.221458 25.21 95241.21
1560836025.2503633 25.25 95241.11
1560836085.279269 25.19 95238.66
1560836145.323774 25.23 95236.64
1560836205.3526797 25.19 95238.00
1560836265.3815851 25.21 95238.63
1560836325.4104905 25.21 95237.46
1560836385.4393961 25.21 95236.88
1560836445.4683015 25.21 95236.61
1560836505.512807 25.26 95232.07
1560836565.5417123 25.30 95231.65
1560836625.570618 25.30 95229.95
1560836685.5995233 25.27 95231.71
1560836745.6284287 25.28 95228.82
1560836805.657334 25.28 95229.92
1560836865.6862395 25.25 95226.05
1560836925.730745 25.26 95229.63
1560836985.7596502 25.25 95230.74
1560837045.7885559 25.20 95226.25
1560837105.8174613 25.21 95228.18
1560837165.8463666 25.24 95226.39
1560837225.8752723 25.22 95227.38
1560837285.9197779 25.24 95224.52
1560837345.948683 25.22 95228.05
1560837405.9775884 25.18 95220.46
1560837466.006494 25.20 95220.55
1560837526.0353994 25.22 95219.01
1560837586.0643048 25.22 95217.13
1560837646.0932105 25.28 95218.35
1560837706.1377158 25.24 95217.33
1560837766.1666212 25.18 95216.72
1560837826.1955266 25.21 95215.80
1560837886.2244322 25.16 95216.19
1560837946.2533376 25.16 95211.85
1560838006.2822428 25.19 95215.35
1560838066.3267484 25.20 95213.03
1560838126.355654 25.24 95212.47
1560838186.3845592 25.24 95213.41
1560838246.4134645 25.22 95209.31
1560838306.44237 25.18 95213.47
1560838366.4712756 25.15 95213.72
1560838426.500181 25.19 95213.67
1560838486.5290864 25.18 95213.21
1560838546.5579917 25.15 95210.24
1560838606.6024973 25.17 95214.99
1560838666.6314027 25.16 95214.05
1560838726.6603081 25.11 95216.78
1560838786.6892138 25.16 95213.38
1560838846.718119 25.18 95218.39
1560838906.7470243 25.20 95217.14
1560838966.79153 25.19 95216.08
1560839026.8204355 25.20 95218.88
1560839086.849341 25.17 95217.86
1560839146.8782463 25.11 95216.61
1560839206.9071517 25.13 95220.22
1560839266.936057 25.17 95217.92
1560839326.9649625 25.14 95217.03
1560839387.0094678 25.18 95218.89
1560839447.0383735 25.22 95212.55
1560839507.0672789 25.24 95217.16
1560839567.0961843 25.22 95217.50
1560839627.12509 25.22 95213.62
1560839687.1539953 25.17 95215.82
1560839747.1985006 25.17 95215.58
1560839807.227406 25.18 95216.25
1560839867.2563117 25.19 95218.35
1560839927.285217 25.20 95213.63
1560839987.3141224 25.22 95217.50
1560840047.3430278 25.30 95215.89
1560840107.3719332 25.28 95215.16
1560840167.4164388 25.27 95217.08
1560840227.4453442 25.26 95219.25
1560840287.4742498 25.25 95216.18
1560840347.503155 25.25 95218.13
1560840407.5320604 25.28 95216.53
1560840467.5609658 25.21 95217.54
1560840527.6054714 25.27 95219.22
1560840587.6343768 25.29 95220.58
1560840647.6632822 25.32 95221.24
1560840707.6921875 25.27 95216.41
1560840767.7210932 25.24 95215.82
1560840827.7499986 25.25 95215.55
1560840887.778904 25.32 95215.88
1560840947.8234093 25.26 95213.10
1560841007.852315 25.27 95215.21
1560841067.8812203 25.21 95214.93
1560841127.9101257 25.18 95211.03
1560841187.9390314 25.22 95212.49
1560841247.9679365 25.14 95213.15
1560841308.012442 25.19 95212.60
1560841368.0413475 25.22 95214.22
1560841428.0702531 25.16 95208.70
1560841488.0991585 25.16 95211.11
1560841548.1280637 25.16 95206.99
1560841608.1569693 25.19 95210.42
1560841668.1858747 25.15 95208.53
1560841728.2303803 25.13 95206.00
1560841788.2592854 25.20 95206.37
1560841848.288191 25.20 95202.86
1560841908.3170965 25.17 95201.14
1560841968.3460019 25.19 95200.45
1560842028.3749075 25.17 95200.92
1560842088.4194129 25.13 95198.35
1560842148.4483182 25.12 95199.72
1560842208.4772236 25.18 95197.38
1560842268.5061293 25.17 95201.27
1560842328.5350347 25.16 95200.57
1560842388.56394 25.16 95202.47
1560842448.5928452 25.19 95205.07
1560842508.6373508 25.18 95206.91
1560842568.6662564 25.18 95201.03
1560842628.6951616 25.16 95201.30
1560842688.7240672 25.14 95207.00
1560842748.7529726 25.16 95205.58
1560842808.781878 25.20 95202.75
1560842868.8107834 25.20 95206.37
1560842928.8552887 25.15 95206.96
1560842988.8841944 25.17 95207.78
1560843048.9130998 25.16 95207.26
1560843108.9420052 25.19 95207.14
1560843168.9709108 25.19 95208.14
1560843228.9998162 25.19 95208.42
1560843289.0443215 25.17 95210.46
1560843349.073227 25.19 95210.25
1560843409.1021326 25.19 95207.24
1560843469.131038 25.16 95208.33
1560843529.1599433 25.19 95210.66
1560843589.188849 25.16 95209.94
1560843649.2177541 25.20 95210.35
1560843709.2622597 25.18 95204.57
1560843769.291165 25.18 95209.86
1560843829.3200705 25.13 95210.55
1560843889.3489761 25.18 95211.53
1560843949.3778813 25.11 95211.86
1560844009.406787 25.09 95215.05
1560844069.4356923 25.11 95215.48
1560844129.4801977 25.09 95215.56
1560844189.509103 25.15 95218.57
1560844249.5380087 25.16 95219.88
1560844309.566914 25.12 95221.19
1560844369.5958195 25.17 95225.39
1560844429.624725 25.14 95223.23
1560844489.6692302 25.09 95222.99
1560844549.6981359 25.13 95226.67
1560844609.7270412 25.15 95222.25
1560844669.7559466 25.13 95225.11
1560844729.7848523 25.10 95222.28
1560844789.8137574 25.11 95222.57
1560844849.8426628 25.11 95219.92
1560844909.8871684 25.13 95222.92
1560844969.916074 25.16 95223.55
1560845029.9449792 25.10 95223.11
1560845089.9738846 25.15 95222.08
1560845150.0027902 25.15 95224.10
1560845210.0316956 25.13 95225.07
1560845270.060601 25.08 95226.24
1560845330.1051064 25.08 95222.78
1560845390.134012 25.07 95224.33
1560845450.1629174 25.10 95224.72
1560845510.1918228 25.08 95223.56
1560845570.2207284 25.11 95225.96
1560845630.2496338 25.07 95227.24
1560845690.278539 25.11 95221.80
1560845750.3230445 25.06 95220.96
1560845810.3519502 25.11 95221.30
1560845870.3808556 25.06 95225.43
1560845930.409761 25.11 95226.02
1560845990.4386663 25.03 95223.38
1560846050.4675717 25.07 95222.78
1560846110.5120773 25.02 95226.02
1560846170.5409827 25.03 95225.89
1560846230.569888 25.10 95224.35
1560846290.5987935 25.08 95227.60
1560846350.627699 25.02 95224.96
1560846410.6566045 25.00 95226.07
1560846470.68551 25.01 95224.25
1560846530.7300153 25.04 95221.57
1560846590.7589207 25.08 95220.28
1560846650.787826 25.19 95220.42
1560846710.8167317 25.18 95220.07
1560846770.845637 25.13 95218.58
1560846830.8745425 25.11 95223.41
1560846890.9034479 25.09 95223.85
1560846950.9323533 25.06 95223.80
1560847010.9612586 25.00 95225.22
1560847071.005764 24.98 95223.57
1560847131.0346699 25.03 95224.14
1560847191.063575 25.06 95223.46
1560847251.0924804 24.99 95226.64
1560847311.121386 25.04 95227.69
1560847371.1502914 24.98 95228.71
1560847431.1791968 25.05 95224.97
1560847491.2237022 25.10 95227.46
1560847551.2526078 25.14 95227.54
1560847611.2815132 25.12 95223.71
1560847671.3104186 25.05 95227.48
1560847731.3393242 24.95 95224.41
1560847791.3682294 25.00 95225.16
1560847851.3971348 25.06 95226.27
1560847911.4416404 25.05 95218.38
1560847971.470546 25.03 95219.36
1560848031.4994514 24.96 95223.53
1560848091.5283566 25.01 95222.72
1560848151.5572622 24.96 95222.90
1560848211.5861676 24.96 95225.01
1560848271.615073 24.93 95221.78
1560848331.6595786 24.98 95223.00
1560848391.688484 25.04 95221.23
1560848451.7173893 25.08 95223.08
1560848511.7462947 24.98 95224.16
1560848571.7752004 24.95 95220.23
1560848631.8041058 24.89 95220.82
1560848691.8330112 24.84 95223.41
1560848751.8775165 24.82 95219.03
1560848811.906422 24.84 95216.72
1560848871.9353275 24.95 95216.82
1560848931.9642327 24.91 95218.71
1560848991.993138 24.99 95219.24
1560849052.0220437 25.02 95221.27
1560849112.050949 25.04 95222.10
1560849172.0954547 24.96 95222.67
1560849232.12436 24.95 95225.17
1560849292.1532655 24.89 95227.34
1560849352.1821709 24.95 95230.46
1560849412.2110763 24.93 95228.66
1560849472.239982 24.98 95232.92
1560849532.2688873 24.94 95230.57
1560849592.3133926 24.91 95231.92
1560849652.342298 24.97 95232.73
1560849712.3712037 24.94 95233.24
1560849772.400109 24.93 95239.53
1560849832.4290144 24.99 95235.80
1560849892.45792 25.04 95238.63
1560849952.4868252 25.02 95238.70
1560850012.5313308 24.99 95243.33
1560850072.5602362 24.90 95243.99
1560850132.5891416 24.88 95246.50
1560850192.618047 24.88 95250.02
1560850252.6469524 24.84 95246.82
1560850312.675858 24.89 95249.88
1560850372.7047634 24.93 95250.27
1560850432.7492688 24.92 95249.97
1560850492.7781742 24.90 95250.48
1560850552.8070798 24.90 95253.35
1560850612.8359852 24.92 95254.19
1560850672.8648906 24.92 95253.35
1560850732.8937962 24.87 95258.52
1560850792.9227014 24.80 95255.99
1560850852.9516068 24.79 95260.44
1560850912.9961123 24.77 95258.91
1560850973.0250177 24.77 95260.35
1560851033.0539234 24.86 95261.25
1560851093.0828288 24.89 95262.96
1560851153.111734 24.89 95268.78
1560851213.1406395 24.86 95268.59
1560851273.169545 24.85 95270.53
1560851333.2140503 24.86 95272.39
1560851393.2429557 24.86 95270.05
1560851453.2718613 24.83 95274.35
1560851513.3007667 24.90 95275.86
1560851573.329672 24.87 95280.39
1560851633.3585777 24.77 95284.02
1560851693.387483 24.75 95284.66
1560851753.4319885 24.77 95284.19
1560851813.4608939 24.80 95280.74
1560851873.4897995 24.85 95284.97
1560851933.518705 24.79 95288.13
1560851993.54761 24.83 95287.46
1560852053.5765157 24.81 95288.46
1560852113.605421 24.83 95288.05
1560852173.6343265 24.85 95287.42
1560852233.678832 24.94 95288.03
1560852293.7077374 24.97 95292.50
1560852353.7366428 24.92 95289.94
1560852413.7655482 24.87 95296.47
1560852473.7944539 24.83 95297.99
1560852533.8233593 24.92 95297.97
1560852593.8522646 24.95 95295.39
1560852653.89677 25.02 95302.89
1560852713.9256756 24.99 95299.32
1560852773.954581 24.99 95303.30
1560852833.9834864 24.96 95304.64
1560852894.0123916 24.93 95307.20
1560852954.0412974 24.98 95305.11
1560853014.0702026 24.96 95306.52
1560853074.1147082 24.98 95306.85
1560853134.1436136 24.97 95307.12
1560853194.172519 24.92 95311.99
1560853254.2014244 25.00 95308.55
1560853314.2303298 24.95 95313.58
1560853374.2592354 24.93 95314.63
1560853434.2881408 24.97 95316.75
1560853494.3170462 24.99 95313.41
1560853554.3615515 25.06 95313.42
1560853614.3904572 25.08 95316.80
1560853674.4193625 25.01 95320.53
1560853734.448268 25.03 95322.27
1560853794.4771736 24.92 95322.96
1560853854.5060787 24.94 95324.82
1560853914.534984 24.94 95325.63
1560853974.5638897 24.99 95325.28
1560854034.6083953 25.00 95324.67
1560854094.6373005 25.03 95326.07
1560854154.666206 25.01 95327.11
1560854214.6951115 25.02 95327.35
1560854274.724017 25.00 95325.85
1560854334.7529223 24.96 95330.38
1560854394.781828 25.00 95328.69
1560854454.8107333 24.97 95332.82
1560854514.8552387 24.96 95333.61
1560854574.884144 24.96 95330.61
1560854634.9130497 25.02 95332.39
1560854694.941955 24.91 95329.85
1560854754.9708602 24.90 95334.83
1560854814.999766 24.86 95335.64
1560854875.0286713 24.93 95338.71
1560854935.0731769 24.90 95339.49
1560854995.1020823 24.90 95337.78
1560855055.1309874 24.88 95336.44
1560855115.159893 24.90 95338.01
1560855175.1887984 24.87 95338.17
1560855235.2177038 24.89 95338.67
1560855295.2466094 24.92 95334.60
1560855355.2911148 24.95 95340.81
1560855415.3200202 24.99 95337.25
1560855475.3489256 25.01 95339.86
1560855535.3778312 24.93 95344.99
1560855595.4067366 24.95 95344.92
1560855655.435642 25.04 95349.39
1560855715.4645474 25.10 95348.47
1560855775.509053 25.21 95347.32
1560855835.5379584 25.17 95351.33
1560855895.5668638 25.08 95349.25
1560855955.5957692 25.15 95350.00
1560856015.6246746 25.21 95347.94
1560856075.65358 25.08 95354.23
1560856135.6824856 25.03 95350.50
1560856195.7269912 25.00 95355.78
1560856255.7558963 24.98 95352.61
1560856315.7848017 24.98 95353.69
1560856375.8137074 25.01 95356.89
1560856435.8426127 25.02 95356.92
1560856495.8715181 24.98 95359.37
1560856555.9004238 24.97 95359.24
1560856615.9449291 25.00 95358.63
1560856675.9738345 25.03 95357.22
1560856736.00274 24.97 95358.07
1560856796.0316455 25.04 95354.38
1560856856.060551 25.00 95357.22
1560856916.089456 25.03 95358.69
1560856976.1183617 25.03 95361.64
1560857036.1628673 24.98 95362.52
1560857096.1917727 24.95 95362.92
1560857156.2206779 24.98 95367.63
1560857216.2495832 24.97 95365.92
1560857276.2784889 24.94 95364.92
1560857336.3073943 24.93 95365.00
1560857396.3362997 24.92 95363.50
1560857456.380805 24.92 95365.83
1560857516.4097106 24.95 95367.50
1560857576.438616 24.98 95370.31
1560857636.4675214 24.97 95373.46
1560857696.496427 25.04 95371.80
1560857756.5253325 25.03 95372.50
1560857816.5542376 25.09 95375.98
1560857876.5987432 25.04 95378.63
1560857936.6276488 25.01 95379.50
1560857996.656554 25.00 95374.19
1560858056.6854596 25.00 95380.71
1560858116.714365 24.96 95382.55
1560858176.7432704 25.00 95378.87
1560858236.7721758 24.95 95381.11
1560858296.8166811 24.99 95383.92
1560858356.8455868 24.98 95386.30
1560858416.8744922 25.02 95385.02
1560858476.9033976 25.02 95391.11
1560858536.9323032 25.02 95389.94
1560858596.9612086 24.98 95393.39
1560858656.990114 25.00 95394.42
1560858717.0346193 24.98 95393.39
1560858777.063525 24.98 95394.63
1560858837.0924304 25.07 95391.41
1560858897.1213357 25.02 95395.09
1560858957.1502414 25.03 95395.60
1560859017.1791465 25.06 95398.16
1560859077.208052 25.01 95401.21
1560859137.2525575 25.03 95401.85
1560859197.2814627 24.95 95403.19
1560859257.3103685 24.96 95407.34
1560859317.3392737 24.97 95405.17
1560859377.368179 25.01 95406.03
1560859437.3970847 24.99 95406.37
1560859497.42599 24.97 95407.81
1560859557.4704955 24.90 95406.31
1560859617.4994009 24.92 95407.98
1560859677.5283065 25.01 95407.44
1560859737.5572119 25.05 95409.21
1560859797.5861173 25.10 95408.89
1560859857.6150227 25.06 95411.38
1560859917.6439283 25.03 95413.05
1560859977.6884336 25.04 95412.25
1560860037.717339 25.08 95411.88
1560860097.7462447 25.06 95414.72
1560860157.7751498 25.11 95411.14
1560860217.8040552 25.11 95413.11
1560860277.8329608 25.12 95417.53
1560860337.8618662 25.16 95417.79
1560860397.9063716 25.11 95420.74
1560860457.935277 25.07 95417.20
1560860517.9641826 25.12 95421.27
1560860577.993088 25.05 95422.62
1560860638.0219934 25.09 95426.00
1560860698.050899 25.07 95426.47
1560860758.0798044 25.02 95422.35
1560860818.1243098 25.04 95429.25
1560860878.1532152 25.07 95430.41
1560860938.1821208 25.10 95431.55
1560860998.2110262 25.08 95430.14
1560861058.2399313 25.10 95432.11
1560861118.2688372 25.06 95435.36
1560861178.2977424 25.10 95434.00
1560861238.342248 25.05 95435.27
1560861298.3555534 25.06 95441.32
1560861358.4000585 25.17 95440.34
1560861418.4289641 25.14 95436.53
1560861478.4578695 25.15 95436.50
1560861538.486775 25.11 95440.88
1560861598.5156806 25.11 95439.28
1560861658.544586 25.18 95435.59
1560861718.573491 25.17 95437.10
1560861778.6179967 25.10 95439.47
1560861838.6469023 25.13 95434.96
1560861898.6758077 25.12 95441.96
1560861958.704713 25.15 95443.42
1560862018.7336185 25.18 95442.99
1560862078.762524 25.26 95441.57
1560862138.8070295 25.24 95441.21
1560862198.8359349 25.22 95441.21
1560862258.8648403 25.20 95440.60
1560862318.8937457 25.22 95442.38
1560862378.922651 25.23 95438.57
1560862438.9515567 25.18 95442.92
1560862498.980462 25.16 95440.71
1560862559.0249674 25.19 95440.54
1560862619.0538728 25.19 95441.38
1560862679.0827785 25.16 95444.06
1560862739.1116838 25.22 95438.42
1560862799.1405892 25.16 95436.73
1560862859.1694949 25.20 95437.60
1560862919.1984 25.25 95435.04
1560862979.2429056 25.15 95439.85
1560863039.271811 25.18 95439.84
1560863099.3007166 25.13 95443.89
1560863159.329622 25.12 95441.55
1560863219.3585272 25.15 95442.11
1560863279.3874328 25.18 95441.58
1560863339.4319384 25.23 95444.69
1560863399.4608438 25.19 95443.11
1560863459.489749 25.21 95443.32
1560863519.5186543 25.16 95445.43
1560863579.54756 25.12 95444.53
1560863639.5764654 25.18 95442.11
1560863699.605371 25.21 95444.32
1560863759.649876 25.17 95441.17
1560863819.6787817 25.14 95443.63
1560863879.7076871 25.22 95441.21
1560863939.7365925 25.21 95440.24
1560863999.7654982 25.17 95437.67
1560864059.7944036 25.29 95437.75
1560864119.838909 25.23 95439.67
1560864179.8678143 25.23 95435.61
1560864239.89672 25.22 95438.36
1560864299.925625 25.26 95435.71
1560864359.9545307 25.29 95434.67
1560864419.983436 25.22 95436.52
1560864480.0123415 25.22 95433.75
1560864540.056847 25.23 95437.09
1560864600.0857522 25.16 95438.30
1560864660.1146579 25.15 95438.00
1560864720.1435633 25.16 95434.96
1560864780.1724687 25.11 95434.09
1560864840.2013743 25.14 95435.03
1560864900.24588 25.16 95434.78
1560864960.274785 25.16 95432.95
1560865020.3036904 25.19 95434.75
1560865080.332596 25.20 95432.54
1560865140.3615015 25.22 95432.84
1560865200.3904068 25.20 95433.75
1560865260.4193125 25.18 95427.73
1560865320.4638178 25.17 95427.79
1560865380.4927232 25.20 95428.96
1560865440.5216286 25.26 95429.82
1560865500.5505338 25.30 95428.91
1560865560.5794396 25.29 95429.35
1560865620.6083448 25.20 95428.36
1560865680.6528504 25.31 95428.57
1560865740.681756 25.32 95431.75
1560865800.7106612 25.36 95432.41
1560865860.7395666 25.37 95431.78
1560865920.768472 25.46 95430.05
1560865980.7973776 25.48 95430.71
1560866040.841883 25.45 95430.95
1560866100.8707883 25.36 95430.27
1560866160.8996937 25.40 95429.16
1560866220.9285994 25.36 95427.63
1560866280.9575047 25.35 95427.63
1560866340.9864101 25.33 95426.06
1560866401.0153158 25.30 95430.28
1560866461.0598211 25.32 95427.63
1560866521.0887265 25.37 95428.60
1560866581.117632 25.42 95430.09
1560866641.1465375 25.55 95426.64
1560866701.1754427 25.61 95430.61
1560866761.2043483 25.61 95429.50
1560866821.2488537 25.61 95425.72
1560866881.2777593 25.58 95420.67
1560866941.3066647 25.66 95414.21
1560867001.3355699 25.70 95415.67
1560867061.3644755 25.69 95416.38
1560867121.3933809 25.58 95417.89
1560867181.4378865 25.63 95412.72
1560867241.4667916 25.61 95407.74
1560867301.4964979 25.59 95406.38
1560867361.520203 25.60 95405.00
1560867421.5571084 25.64 95402.77
1560867481.586014 25.66 95405.21
1560867541.6149194 25.62 95401.58
1560867601.6594248 25.59 95396.89
1560867661.6883302 25.60 95394.17
1560867721.7172358 25.59 95392.71
1560867781.7461412 25.67 95388.10
1560867841.7750463 25.66 95390.17
1560867901.803952 25.60 95388.66
1560867961.8484576 25.64 95389.14
1560868021.8773627 25.65 95387.57
1560868081.9062684 25.67 95385.02
1560868141.9351737 25.65 95378.12
1560868201.9640791 25.64 95378.92
1560868261.9929845 25.70 95379.24
1560868322.03749 25.90 95377.00
1560868382.0663953 25.92 95373.74
1560868442.095301 25.89 95377.32
1560868502.1242063 25.97 95371.21
1560868562.1531117 26.03 95373.96
1560868622.197617 25.77 95371.03
1560868682.2265227 25.90 95365.95
1560868742.255428 26.00 95365.92
1560868802.2843335 25.95 95367.70
1560868862.313239 25.97 95360.32
1560868922.3577445 25.87 95357.42
1560868982.3866498 25.90 95360.82
1560869042.4155552 25.85 95357.16
1560869102.4444609 25.83 95356.91
1560869162.4889662 25.91 95353.32
1560869222.5178716 26.02 95350.36
1560869282.546777 26.16 95350.52
1560869342.5756826 26.06 95352.22
1560869402.620188 25.95 95348.00
1560869462.6490934 25.95 95349.34
1560869522.6779988 26.03 95348.72
1560869582.7069044 26.08 95349.07
1560869642.7514098 26.03 95343.09
1560869702.7803152 25.93 95345.00
1560869762.8092206 26.08 95345.21
1560869822.8381262 26.21 95345.96
1560869882.8826315 26.09 95343.22
1560869942.911537 26.13 95342.60
1560870002.9404423 26.28 95338.88
1560870062.9849477 26.30 95337.02
1560870123.013853 26.39 95333.93
1560870183.0427587 26.09 95335.85
1560870243.071664 26.37 95334.21
1560870303.1161697 26.56 95326.25
1560870363.1450748 26.28 95324.16
1560870423.1739805 26.42 95324.99
1560870483.218486 26.44 95325.58
1560870543.2473915 26.40 95318.27
1560870603.2762966 26.11 95317.71
1560870663.3052022 26.09 95313.50
1560870723.3497078 26.25 95313.35
1560870783.378613 26.29 95311.24
1560870843.4075186 26.42 95307.05
1560870903.452024 26.28 95308.00
1560870963.4809296 26.35 95302.59
1560871023.509835 26.12 95301.65
1560871083.5387404 26.20 95295.86
1560871143.5832458 26.20 95296.53
1560871203.6121514 26.03 95293.83
1560871263.6410568 26.19 95292.99
1560871323.6855621 26.10 95285.71
1560871383.7144675 25.97 95286.57
1560871443.7433732 26.02 95286.10
1560871503.7722785 26.05 95282.23
1560871563.816784 26.09 95278.28
1560871623.8456893 26.02 95273.88
1560871683.874595 26.14 95273.19
1560871743.9191 26.18 95268.50
1560871803.9480057 26.14 95273.25
1560871863.976911 26.09 95275.03
1560871924.0058165 26.19 95262.22
1560871984.0503218 26.29 95266.64
1560872044.0792274 26.24 95260.00
1560872104.1081328 26.18 95263.36
1560872164.1526382 26.06 95265.94
1560872224.1815436 26.02 95265.50
1560872284.2104492 26.10 95254.32
1560872344.2393546 26.11 95253.60
1560872404.2838602 26.00 95253.52
1560872464.3127656 25.86 95252.11
1560872524.341671 25.70 95254.26
1560872584.3705764 25.65 95259.92
1560872644.415082 25.59 95253.62
1560872704.4439871 25.56 95249.96
1560872764.472893 25.54 95251.82
1560872824.5017982 25.54 95246.14
1560872884.5307035 25.42 95242.13
1560872944.5752091 25.41 95240.80
1560873004.6041145 25.41 95237.96
1560873064.63302 25.39 95237.96
1560873124.6619253 25.41 95235.14
1560873184.706431 25.41 95230.46
1560873244.7353363 25.34 95227.95
1560873304.7642417 25.35 95226.14
1560873364.793147 25.44 95223.32
1560873424.8376524 25.46 95222.13
1560873484.850958 25.46 95217.78
1560873544.8954635 25.47 95215.33
1560873604.9243689 25.48 95213.85
1560873664.9532743 25.56 95214.13
1560873724.9821799 25.52 95211.05
1560873785.0110853 25.50 95206.34
1560873845.0555906 25.48 95208.25
1560873905.084496 25.46 95211.08
1560873965.1134017 25.39 95214.80
1560874025.142307 25.40 95212.99
1560874085.1712122 25.41 95210.54
1560874145.200118 25.39 95206.44
1560874205.2446234 25.46 95203.42
1560874265.2735288 25.40 95203.21
1560874325.3024342 25.35 95197.72
1560874385.3313396 25.31 95197.01
1560874445.360245 25.35 95196.96
1560874505.3891504 25.33 95195.69
1560874565.433656 25.36 95193.46
1560874625.4625614 25.41 95198.63
1560874685.4914668 25.41 95192.36
1560874745.5203722 25.35 95187.88
1560874805.5492778 25.34 95192.14
1560874865.5781832 25.31 95192.25
1560874925.6226885 25.32 95185.46
1560874985.651594 25.28 95179.02
1560875045.6804996 25.32 95175.42
1560875105.709405 25.35 95171.85
1560875165.7383103 25.33 95173.71
1560875225.767216 25.34 95174.24
1560875285.8117213 25.37 95170.94
1560875345.8406267 25.33 95172.16
1560875405.869532 25.37 95170.10
1560875465.8984377 25.29 95166.50
1560875525.9273431 25.32 95163.21
1560875585.9562483 25.30 95160.21
1560875646.0007539 25.33 95159.55
1560875706.0296595 25.37 95149.78
1560875766.058565 25.40 95147.22
1560875826.08747 25.40 95153.98
1560875886.1163754 25.37 95150.52
1560875946.145281 25.35 95147.69
1560876006.1897867 25.38 95147.13
1560876066.218692 25.35 95148.75
1560876126.2475972 25.33 95150.28
1560876186.2765028 25.31 95146.91
1560876246.3054082 25.30 95148.15
1560876306.3343136 25.30 95142.90
1560876366.378819 25.38 95143.05
1560876426.4077246 25.35 95136.38
1560876486.43663 25.32 95133.28
1560876546.4655354 25.32 95127.25
1560876606.494441 25.38 95133.21
1560876666.5233462 25.41 95130.11
1560876726.5678518 25.42 95129.39
1560876786.5967572 25.44 95135.28
1560876846.6256628 25.40 95132.32
1560876906.6545682 25.43 95130.69
1560876966.6834733 25.41 95130.38
1560877026.712379 25.33 95126.46
1560877086.7568846 25.41 95127.10
1560877146.78579 25.40 95127.30
1560877206.8146954 25.39 95126.61
1560877266.843601 25.37 95124.82
1560877326.8725061 25.35 95122.05
1560877386.9014115 25.39 95122.22
1560877446.9459171 25.45 95126.42
1560877506.9748223 25.44 95119.88
1560877567.003728 25.40 95119.37
1560877627.0326333 25.39 95119.64
1560877687.061539 25.34 95115.16
1560877747.0904443 25.38 95114.96
1560877807.1349497 25.44 95116.27
1560877867.163855 25.42 95115.61
1560877927.1927605 25.39 95110.17
1560877987.221666 25.34 95111.32
1560878047.2505715 25.35 95113.08
1560878107.279477 25.39 95107.47
1560878167.3239822 25.37 95108.75
1560878227.3528879 25.44 95108.13
1560878287.3817933 25.46 95104.07
1560878347.4106987 25.45 95104.61
1560878407.4396043 25.48 95105.10
1560878467.4685094 25.45 95100.75
1560878527.513015 25.43 95101.11
1560878587.5419204 25.45 95098.55
1560878647.570826 25.51 95096.43
1560878707.5997312 25.55 95096.66
1560878767.6286366 25.49 95093.73
1560878827.6575422 25.48 95092.53
1560878887.7020476 25.44 95091.89
1560878947.7309532 25.44 95090.49
1560879007.7598584 25.42 95087.26
1560879067.788764 25.37 95081.24
1560879127.8176694 25.36 95079.10
1560879187.8465748 25.37 95079.57
1560879247.8910801 25.44 95083.63
1560879307.9199858 25.43 95078.85
1560879367.9488912 25.47 95083.17
1560879427.9777966 25.57 95082.18
1560879488.0067022 25.53 95083.02
1560879548.0356076 25.44 95080.22
1560879608.080113 25.42 95083.98
1560879668.1090183 25.43 95086.17
1560879728.137924 25.48 95084.19
1560879788.1668293 25.49 95085.92
1560879848.1957347 25.47 95085.28
1560879908.22464 25.47 95087.62
1560879968.2691455 25.46 95090.41
1560880028.298051 25.56 95086.51
1560880088.3269563 25.52 95091.49
1560880148.355862 25.51 95089.36
1560880208.3847673 25.48 95090.72
1560880268.4136727 25.54 95090.41
1560880328.4581783 25.51 95092.75
1560880388.4870834 25.46 95092.46
1560880448.515989 25.49 95090.55
1560880508.5448945 25.47 95092.30
1560880568.5737998 25.52 95089.92
1560880628.6027055 25.51 95090.07
1560880688.6472108 25.49 95090.11
1560880748.6761162 25.43 95086.11
1560880808.7050216 25.44 95084.74
1560880868.7339272 25.41 95085.99
1560880928.7628326 25.41 95085.09
1560880988.791738 25.43 95083.16
1560881048.8362434 25.44 95080.04
1560881108.865149 25.43 95082.33
1560881168.8940544 25.44 95082.02
1560881228.9229598 25.45 95080.78
1560881288.9518652 25.40 95078.60
1560881348.9807706 25.42 95081.07
1560881409.0252762 25.45 95081.91
1560881469.0541813 25.55 95086.62
1560881529.0830872 25.48 95082.89
1560881589.1119924 25.45 95079.00
1560881649.1408978 25.44 95081.35
1560881709.1698034 25.42 95078.35
1560881769.2143085 25.35 95079.14
1560881829.2432141 25.35 95080.21
1560881889.2721195 25.32 95081.35
1560881949.301025 25.31 95080.96
1560882009.3299305 25.30 95080.05
1560882069.3744361 25.31 95083.57
1560882129.4033413 25.32 95078.89
1560882189.4322467 25.28 95080.64
1560882249.4611523 25.32 95079.57
1560882309.4900577 25.39 95077.14
1560882369.518963 25.33 95079.93
1560882429.5478687 25.34 95078.25
1560882489.592374 25.36 95078.43
1560882549.6212795 25.36 95077.26
1560882609.6501849 25.32 95073.64
1560882669.6790903 25.41 95071.87
1560882729.707996 25.33 95072.10
1560882789.736901 25.27 95071.41
1560882849.7814066 25.27 95068.39
1560882909.8103123 25.27 95064.45
1560882969.8392174 25.31 95068.10
1560883029.8681228 25.27 95069.50
1560883089.8970284 25.30 95069.38
1560883149.9259338 25.29 95069.55
1560883209.9704394 25.24 95070.69
1560883269.9993446 25.29 95070.42
1560883330.0282502 25.30 95071.28
1560883390.0571556 25.30 95070.89
1560883450.086061 25.31 95071.78
1560883510.1149666 25.39 95067.10
1560883570.159472 25.37 95066.35
1560883630.1883774 25.33 95063.22
1560883690.2172828 25.30 95064.09
1560883750.2461884 25.31 95061.27
1560883810.2750938 25.25 95060.78
1560883870.303999 25.21 95061.21
1560883930.3485045 25.22 95060.41
1560883990.37741 25.23 95065.32
1560884050.4063156 25.26 95064.09
1560884110.435221 25.28 95059.92
1560884170.464126 25.29 95064.77
1560884230.4930317 25.27 95058.60
1560884290.5375373 25.32 95059.92
1560884350.5664427 25.31 95060.03
1560884410.5953481 25.27 95060.53
1560884470.6242535 25.30 95059.57
1560884530.653159 25.32 95055.28
1560884590.6820643 25.28 95057.25
1560884650.72657 25.26 95057.57
1560884710.7554753 25.21 95054.42
1560884770.7843807 25.24 95058.55
1560884830.813286 25.22 95054.17
1560884890.8421917 25.25 95057.94
1560884950.871097 25.23 95055.91
1560885010.9000025 25.19 95049.55
1560885070.9445078 25.18 95054.44
1560885130.9734135 25.18 95051.43
1560885191.0023189 25.23 95049.72
1560885251.0312243 25.23 95052.44
1560885311.06013 25.26 95051.44
1560885371.089035 25.21 95053.25
1560885431.1335406 25.20 95054.97
1560885491.162446 25.25 95049.74
1560885551.1913514 25.24 95050.61
1560885611.220257 25.23 95050.06
1560885671.2491622 25.26 95049.64
1560885731.2780678 25.31 95051.03
1560885791.3225734 25.32 95049.71
1560885851.3358786 25.31 95050.86
1560885911.380384 25.34 95050.07
1560885971.4092894 25.28 95049.78
1560886031.438195 25.25 95052.92
1560886091.4671004 25.18 95049.59
1560886151.4960058 25.21 95048.89
1560886211.5249114 25.21 95046.29
1560886271.5694168 25.21 95049.97
1560886331.5983222 25.23 95050.33
1560886391.6272275 25.22 95050.10
1560886451.6561332 25.19 95050.38
1560886511.6850386 25.23 95056.64
1560886571.7139437 25.24 95056.64
1560886631.7584493 25.19 95056.85
1560886691.787355 25.20 95058.14
1560886751.81626 25.22 95060.20
1560886811.8451657 25.23 95054.80
1560886871.8740711 25.27 95057.42
1560886931.9029765 25.32 95056.30
1560886991.947482 25.41 95059.25
1560887051.9763873 25.36 95057.25
1560887112.005293 25.28 95058.99
1560887172.0341983 25.24 95058.55
1560887232.0631037 25.22 95058.74
1560887292.0920093 25.21 95058.03
1560887352.1209147 25.18 95059.16
1560887412.16542 25.18 95061.97
1560887472.1943254 25.18 95063.35
1560887532.223231 25.19 95061.66
1560887592.2521365 25.22 95065.25
1560887652.2810419 25.21 95061.95
1560887712.3099473 25.17 95063.08
1560887772.3544528 25.19 95064.03
1560887832.3833582 25.23 95068.57
1560887892.4122636 25.31 95067.00
1560887952.4411688 25.27 95062.48
1560888012.4700744 25.29 95066.27
1560888072.4989798 25.22 95068.23
1560888132.5434852 25.21 95064.96
1560888192.5723908 25.18 95066.66
1560888252.6012962 25.17 95064.75
1560888312.6302016 25.17 95064.92
1560888372.659107 25.19 95069.69
1560888432.6880126 25.21 95069.14
1560888492.732518 25.20 95068.82
1560888552.7614233 25.23 95070.41
1560888612.7903287 25.17 95072.11
1560888672.8192344 25.21 95072.92
1560888732.8481398 25.19 95070.53
1560888792.8770452 25.24 95074.11
1560888852.9059508 25.20 95072.36
1560888912.9504561 25.21 95072.49
1560888972.9793615 25.28 95073.71
1560889033.008267 25.28 95074.72
1560889093.0371726 25.38 95077.28
1560889153.0660777 25.41 95081.30
1560889213.094983 25.33 95074.25
1560889273.1394887 25.29 95079.16
1560889333.168394 25.32 95076.25
1560889393.1972997 25.26 95077.14
1560889453.2262049 25.20 95078.62
1560889513.2551105 25.26 95077.60
1560889573.284016 25.21 95081.42
1560889633.3285213 25.15 95078.99
1560889693.3574266 25.16 95078.61
1560889753.3863323 25.14 95080.00
1560889813.4152377 25.27 95083.78
1560889873.444143 25.24 95081.34
1560889933.4730487 25.23 95085.89
1560889993.5175538 25.22 95086.17
1560890053.5464594 25.19 95082.94
1560890113.5753648 25.22 95085.83
1560890173.6042702 25.23 95083.55
1560890233.6331758 25.22 95080.04
1560890293.662081 25.26 95083.57
1560890353.6909864 25.32 95088.03
1560890413.735492 25.25 95082.60
1560890473.7643976 25.24 95089.33
1560890533.7933028 25.22 95085.39
1560890593.8222084 25.25 95084.44
1560890653.8511138 25.25 95087.39
1560890713.8800192 25.24 95086.08
1560890773.9245248 25.24 95083.98
1560890833.95343 25.22 95089.14
1560890893.9823356 25.24 95089.10
1560890954.011241 25.20 95089.06
1560891014.0401464 25.22 95090.52
1560891074.069052 25.25 95092.36
1560891134.1135573 25.23 95092.99
1560891194.1424627 25.17 95097.08
1560891254.1713681 25.16 95097.45
1560891314.2002738 25.17 95096.03
1560891374.2291791 25.12 95096.50
1560891434.2580845 25.18 95095.70
1560891494.28699 25.20 95096.96
1560891554.3314955 25.25 95098.66
1560891614.360401 25.20 95096.62
1560891674.3893063 25.21 95096.64
1560891734.4182117 25.22 95097.28
1560891794.447117 25.26 95095.00
1560891854.4760225 25.26 95095.88
1560891914.5205278 25.40 95099.86
1560891974.5494337 25.30 95098.39
1560892034.5783389 25.29 95098.71
1560892094.6072443 25.28 95099.38
1560892154.6361496 25.22 95101.22
1560892214.6650553 25.26 95102.50
1560892274.7095606 25.28 95098.91
1560892334.738466 25.25 95101.34
1560892394.7673714 25.20 95101.71
1560892454.796277 25.20 95101.77
1560892514.8251824 25.21 95101.21
1560892574.8540878 25.18 95103.00
1560892634.8829935 25.18 95099.27
1560892694.9274988 25.18 95100.51
1560892754.9564042 25.28 95102.33
1560892814.9853096 25.22 95099.89
1560892875.0142152 25.20 95099.42
1560892935.0431204 25.18 95098.60
1560892995.0720258 25.14 95100.67
1560893055.1165314 25.20 95101.10
1560893115.1454368 25.16 95103.53
1560893175.1743424 25.16 95102.86
1560893235.2032475 25.15 95100.80
1560893295.2321532 25.22 95099.72
1560893355.2610586 25.24 95100.54
1560893415.305564 25.27 95100.42
1560893475.3344693 25.28 95105.84
1560893535.363375 25.25 95103.52
1560893595.3922803 25.25 95105.46
1560893655.4211857 25.29 95106.36
1560893715.4500914 25.33 95105.43
1560893775.4945967 25.26 95110.07
1560893835.523502 25.28 95109.62
1560893895.5524075 25.26 95110.94
1560893955.5813131 25.25 95113.89
1560894015.6102185 25.24 95113.03
1560894075.6391237 25.24 95117.60
1560894135.668029 25.25 95117.91
1560894195.7125347 25.18 95120.42
1560894255.7414403 25.14 95123.46
1560894315.7703454 25.13 95125.14
1560894375.7992508 25.24 95123.89
1560894435.8281565 25.26 95122.95
1560894495.8570619 25.22 95123.47
1560894555.9015675 25.19 95127.24
1560894615.9304726 25.20 95126.57
1560894675.9593782 25.14 95128.44
1560894735.9882836 25.17 95128.82
1560894796.017189 25.14 95130.39
1560894856.0460947 25.16 95130.41
1560894916.0906 25.21 95129.11
1560894976.1195054 25.18 95129.22
1560895036.1484108 25.18 95129.92
1560895096.1773164 25.15 95134.92
1560895156.2062218 25.20 95132.89
1560895216.2351272 25.25 95137.24
1560895276.2640326 25.29 95134.88
1560895336.3085382 25.31 95130.38
1560895396.3374436 25.33 95132.88
1560895456.366349 25.37 95135.28
1560895516.3952544 25.39 95132.53
1560895576.4241598 25.35 95132.92
1560895636.4530652 25.37 95134.02
1560895696.4975708 25.44 95135.94
1560895756.5264764 25.39 95131.46
1560895816.5553815 25.35 95135.14
1560895876.584287 25.35 95132.42
1560895936.6131926 25.39 95136.95
1560895996.642098 25.41 95140.25
1560896056.6710033 25.41 95135.40
1560896116.7155087 25.44 95137.42
1560896176.744414 25.42 95138.36
1560896236.7733197 25.41 95135.69
1560896296.802225 25.44 95138.28
1560896356.8311307 25.46 95134.92
1560896416.8600361 25.41 95135.46
1560896476.8889413 25.42 95141.61
1560896536.933447 25.41 95139.92
1560896596.9623523 25.38 95144.06
1560896656.9912577 25.40 95144.53
1560896717.020163 25.47 95147.71
1560896777.0490685 25.52 95144.57
1560896837.077974 25.49 95150.53
1560896897.1224797 25.48 95143.14
1560896957.1513848 25.45 95148.35
1560897017.1802902 25.41 95146.28
1560897077.2091959 25.48 95152.13
1560897137.2381012 25.46 95151.66
1560897197.2670066 25.48 95152.02
1560897257.2959123 25.44 95156.36
1560897317.3404176 25.41 95161.34
1560897377.369323 25.44 95158.44
1560897437.3982284 25.42 95161.91
1560897497.427134 25.42 95158.12
1560897557.4560394 25.42 95159.69
1560897617.4849448 25.41 95161.64
1560897677.5294502 25.46 95158.29
1560897737.5583558 25.49 95159.24
1560897797.5872612 25.51 95157.02
1560897857.6161664 25.48 95160.49
1560897917.645072 25.46 95158.52
1560897977.6739774 25.44 95160.71
1560898037.718483 25.45 95161.74
1560898097.7473884 25.41 95163.85
1560898157.7762935 25.44 95169.49
1560898217.8051991 25.43 95160.52
1560898277.8341045 25.48 95164.07
1560898337.86301 25.40 95165.19
1560898397.9075153 25.37 95167.25
1560898457.936421 25.36 95169.86
1560898517.9653263 25.32 95167.89
1560898577.9942317 25.37 95170.86
1560898638.0231373 25.41 95171.21
1560898698.0520427 25.38 95172.80
1560898758.080948 25.42 95175.69
1560898818.1254535 25.44 95172.10
1560898878.154359 25.39 95175.91
1560898938.1832645 25.42 95172.30
1560898998.21217 25.48 95174.78
1560899058.2410753 25.51 95174.05
1560899118.2699807 25.45 95176.71
1560899178.3144863 25.45 95174.90
1560899238.3433917 25.44 95175.11
1560899298.3722973 25.40 95175.00
1560899358.4012024 25.42 95173.11
1560899418.4301078 25.45 95174.67
1560899478.4590135 25.51 95168.77
1560899538.503519 25.42 95172.78
1560899598.5324242 25.38 95167.35
1560899658.5613296 25.38 95169.22
1560899718.5902352 25.40 95172.92
1560899778.6191406 25.42 95172.14
1560899838.648046 25.35 95169.24
1560899898.6925514 25.35 95170.31
1560899958.721457 25.36 95171.81
1560900018.7503624 25.33 95172.33
1560900078.7792678 25.37 95168.66
1560900138.8081734 25.34 95173.57
1560900198.8370788 25.38 95176.65
1560900258.865984 25.36 95179.24
1560900318.9104896 25.34 95178.18
1560900378.9393952 25.31 95177.19
1560900438.9683003 25.35 95181.66
1560900498.997206 25.32 95182.97
1560900559.0261111 25.35 95181.16
1560900619.0550168 25.34 95179.08
1560900679.0995224 25.36 95182.39
1560900739.1284275 25.36 95179.91
1560900799.157333 25.42 95183.66
1560900859.1862385 25.46 95178.21
1560900919.215144 25.44 95182.14
1560900979.2440493 25.44 95182.60
1560901039.2885547 25.42 95188.08
1560901099.3174603 25.43 95188.64
1560901159.3463657 25.36 95185.70
1560901219.375271 25.40 95188.49
1560901279.4041767 25.38 95188.60
1560901339.433082 25.41 95190.46
1560901399.4619875 25.41 95191.10
1560901459.5064929 25.37 95187.00
1560901519.5353985 25.32 95194.52
1560901579.5643039 25.35 95191.83
1560901639.593209 25.34 95189.63
1560901699.622115 25.37 95190.61
1560901759.65102 25.35 95190.56
1560901819.6955256 25.38 95191.11
1560901879.724431 25.36 95192.28
1560901939.7533364 25.39 95189.60
1560901999.7822418 25.40 95191.23
1560902059.8111472 25.41 95186.94
1560902119.8400528 25.37 95184.16
1560902179.884558 25.39 95187.92
1560902239.9134636 25.39 95185.96
1560902299.942369 25.39 95186.69
1560902359.9712746 25.46 95183.30
1560902420.00018 25.41 95184.43
