1560038514.8308103 23.83 95381.00
1560038574.859716 23.86 95382.45
1560038634.8886213 23.85 95382.65
1560038694.9175267 23.84 95382.67
1560038754.962032 23.86 95387.00
1560038814.9909377 23.85 95385.39
1560038875.019843 23.78 95385.03
1560038935.0487485 23.75 95382.08
1560038995.0776541 23.75 95378.21
1560039055.1065593 23.76 95382.92
1560039115.1354647 23.83 95380.38
1560039175.16437 23.85 95377.38
1560039235.1932757 23.85 95382.39
1560039295.222181 23.86 95383.92
1560039355.2510865 23.81 95384.17
1560039415.2799919 23.85 95383.66
1560039475.3244975 23.84 95381.94
1560039535.3534029 23.86 95385.42
1560039595.3823082 23.84 95382.44
1560039655.4112139 23.82 95382.38
1560039715.440119 23.83 95383.01
1560039775.4690244 23.91 95382.30
1560039835.49793 23.92 95383.17
1560039895.5268354 23.87 95380.39
1560039955.5557408 23.86 95379.41
1560040015.5846465 23.82 95380.14
1560040075.6135519 23.88 95376.78
1560040135.6580572 23.88 95377.78
1560040195.6869626 23.88 95378.46
1560040255.7158682 23.84 95376.67
1560040315.7447734 23.84 95376.94
1560040375.773679 23.82 95380.41
1560040435.8025844 23.80 95377.60
1560040495.8314898 23.77 95379.11
1560040555.8603952 23.78 95379.99
1560040615.8893008 23.80 95379.79
1560040675.9182062 23.72 95376.66
1560040735.9627116 23.80 95376.46
1560040795.991617 23.89 95375.82
1560040856.0205226 23.90 95376.49
1560040916.049428 23.85 95376.44
1560040976.0783331 23.89 95375.85
1560041036.107239 23.84 95378.44
1560041096.1361442 23.89 95376.99
1560041156.1650496 23.89 95379.86
1560041216.1939552 23.87 95378.52
1560041276.2228606 23.81 95385.04
1560041336.267366 23.77 95385.53
1560041396.2962713 23.77 95387.73
1560041456.3251767 23.81 95387.61
1560041516.3540823 23.89 95387.77
1560041576.3829877 23.89 95383.86
1560041636.4118931 23.92 95386.28
1560041696.4407988 23.93 95389.35
1560041756.469704 23.86 95390.86
1560041816.4986093 23.91 95387.38
1560041876.527515 23.96 95384.95
1560041936.5564203 23.87 95383.56
1560041996.6009257 23.86 95386.60
1560042056.629831 23.81 95383.67
1560042116.6587367 23.89 95383.87
1560042176.687642 23.90 95385.60
1560042236.7165475 23.88 95380.62
1560042296.7454531 23.90 95386.27
1560042356.7743585 23.90 95383.57
1560042416.8032637 23.89 95383.77
1560042476.8321693 23.87 95388.70
1560042536.8610747 23.93 95386.49
1560042596.9055803 23.91 95379.86
1560042656.9344854 23.99 95381.68
1560042716.963391 23.93 95384.91
1560042776.9922965 23.90 95386.61
1560042837.0212018 23.84 95386.25
1560042897.0501075 23.85 95388.63
1560042957.0790129 23.83 95382.61
1560043017.107918 23.84 95387.16
1560043077.136824 23.84 95392.17
1560043137.165729 23.95 95389.56
1560043197.1946344 23.94 95385.32
1560043257.22354 23.93 95387.49
1560043317.2524455 23.95 95383.01
1560043377.2969508 23.93 95382.41
1560043437.3258562 23.85 95387.33
1560043497.3547618 23.88 95388.41
1560043557.3836672 23.93 95387.85
1560043617.4125726 23.88 95388.07
1560043677.4414778 23.87 95388.57
1560043737.4703836 23.82 95392.66
1560043797.4992888 23.88 95390.14
1560043857.5281942 23.89 95389.21
1560043917.5570998 23.86 95394.38
1560043977.6016052 23.81 95393.02
1560044037.6305106 23.89 95393.05
1560044097.659416 23.92 95395.53
1560044157.6883216 23.92 95397.30
1560044217.717227 23.99 95394.91
1560044277.7461324 23.99 95400.42
1560044337.7750378 23.93 95398.60
1560044397.8039434 24.00 95400.10
1560044457.8328485 23.98 95398.99
1560044517.8617542 23.94 95395.57
1560044577.8906596 23.97 95400.62
1560044637.935165 23.94 95396.33
1560044697.9640703 24.00 95393.51
1560044757.992976 24.00 95396.35
1560044818.0218813 24.04 95393.96
1560044878.0507867 23.96 95392.36
1560044938.0796924 23.97 95392.83
1560044998.1085978 23.92 95395.30
1560045058.137503 23.91 95393.32
1560045118.1664085 23.94 95393.74
1560045178.195314 23.93 95397.36
1560045238.2398195 23.90 95391.92
1560045298.268725 23.86 95393.50
1560045358.2976303 23.92 95392.69
1560045418.3265357 23.95 95389.22
1560045478.355441 23.91 95390.05
1560045538.3843467 23.94 95387.16
1560045598.413252 23.93 95389.75
1560045658.4421575 23.98 95383.96
1560045718.471063 23.94 95389.32
1560045778.4999683 23.91 95385.57
1560045838.5288737 23.94 95385.61
1560045898.573379 23.92 95385.34
1560045958.602285 23.92 95382.27
1560046018.63119 23.98 95382.35
1560046078.6600955 23.97 95383.39
1560046138.6890008 24.06 95382.41
1560046198.7179065 23.97 95381.91
1560046258.7468119 23.95 95377.00
1560046318.7757173 23.91 95374.78
1560046378.8046227 23.95 95375.43
1560046438.8335283 23.89 95377.32
1560046498.8780336 23.83 95374.33
1560046558.906939 23.93 95374.49
1560046618.9358447 23.98 95374.00
1560046678.9647498 24.00 95374.32
1560046738.9936552 23.96 95374.43
1560046799.0225608 23.96 95377.27
1560046859.0514662 24.01 95377.85
1560046919.0803716 23.98 95376.44
1560046979.1092772 23.98 95377.78
1560047039.1381824 23.93 95374.19
1560047099.182688 23.97 95370.57
1560047159.2115934 23.92 95366.88
1560047219.240499 23.92 95368.14
1560047279.2694044 23.91 95366.54
1560047339.2983096 23.90 95365.71
1560047399.3272152 23.98 95366.82
1560047459.3561206 23.89 95368.33
1560047519.385026 23.93 95366.82
1560047579.4139316 23.97 95367.05
1560047639.442837 23.95 95366.02
1560047699.4717424 23.96 95363.75
1560047759.5006478 24.03 95365.93
1560047819.5295532 23.99 95370.50
1560047879.5740588 23.96 95372.76
1560047939.6029642 23.99 95371.71
1560047999.6318698 23.96 95369.92
1560048059.660775 24.01 95367.33
1560048119.6896803 23.97 95369.52
1560048179.718586 23.95 95368.15
1560048239.7474914 23.92 95372.09
1560048299.7763968 23.87 95366.86
1560048359.8053024 23.92 95364.24
1560048419.8342075 23.96 95364.61
1560048479.863113 23.89 95367.33
1560048539.9076185 23.86 95366.46
1560048599.9365237 23.87 95367.03
1560048659.9654295 23.88 95364.42
1560048719.9943347 23.93 95360.70
1560048780.02324 23.93 95360.93
1560048840.0521457 23.93 95359.19
1560048900.081051 23.88 95363.42
1560048960.1099565 23.84 95363.75
1560049020.1388621 23.87 95359.35
1560049080.1677673 23.95 95360.33
1560049140.212273 23.97 95356.93
1560049200.2411783 23.89 95361.50
1560049260.2700837 23.88 95359.42
1560049320.2989893 23.81 95357.03
1560049380.3278944 23.81 95360.97
1560049440.3568 23.77 95359.22
1560049500.3857055 23.70 95355.52
1560049560.4146109 23.70 95356.42
1560049620.4435165 23.68 95354.68
1560049680.472422 23.67 95352.17
1560049740.501327 23.69 95350.38
1560049800.5458326 23.64 95347.69
1560049860.5747383 23.73 95347.42
1560049920.6036437 23.79 95352.51
1560049980.632549 23.70 95353.69
1560050040.6614544 23.68 95349.17
1560050100.6903598 23.67 95350.50
1560050160.7192652 23.68 95348.74
1560050220.7481709 23.58 95345.83
1560050280.7770762 23.60 95347.38
1560050340.8059816 23.62 95347.61
1560050400.834887 23.66 95344.57
1560050460.8793926 23.61 95343.01
1560050520.908298 23.62 95346.28
1560050580.9372034 23.57 95342.57
1560050640.9661086 23.59 95342.40
1560050700.9950142 23.58 95344.60
1560050761.0239196 23.58 95338.46
1560050821.052825 23.66 95341.79
1560050881.0817306 23.62 95337.30
1560050941.110636 23.65 95344.72
1560051001.1395414 23.70 95344.84
1560051061.168447 23.63 95344.08
1560051121.1973522 23.60 95346.64
1560051181.2418578 23.57 95348.90
1560051241.2707632 23.59 95346.84
1560051301.2996686 23.61 95347.21
1560051361.3285742 23.61 95348.02
1560051421.3574793 23.69 95351.25
1560051481.386385 23.68 95350.98
1560051541.4152904 23.64 95351.47
1560051601.4441957 23.68 95352.17
1560051661.4731014 23.60 95353.09
1560051721.5020068 23.61 95350.55
1560051781.530912 23.63 95352.89
1560051841.5598176 23.69 95354.05
1560051901.588723 23.67 95353.55
1560051961.6176283 23.70 95351.52
1560052021.662134 23.71 95353.19
1560052081.6910393 23.66 95351.17
1560052141.7199447 23.70 95349.35
1560052201.74885 23.71 95347.68
1560052261.7777557 23.77 95350.74
1560052321.8066611 23.78 95345.86
1560052381.8355665 23.74 95348.16
1560052441.864472 23.72 95342.55
1560052501.8933773 23.63 95340.75
1560052561.9222827 23.57 95342.39
1560052621.9511883 23.54 95338.75
1560052681.995694 23.62 95336.60
1560052742.024599 23.59 95336.06
1560052802.0535045 23.54 95337.32
1560052862.08241 23.56 95337.15
1560052922.1113155 23.60 95336.29
1560052982.1402209 23.63 95332.37
1560053042.1691265 23.71 95332.39
1560053102.1980317 23.67 95331.85
1560053162.226937 23.67 95331.41
1560053222.2558424 23.64 95327.77
1560053282.284748 23.63 95328.69
1560053342.3136535 23.64 95327.76
1560053402.3581588 23.66 95328.71
1560053462.3870642 23.66 95330.64
1560053522.4159698 23.60 95322.11
1560053582.4448752 23.61 95325.52
1560053642.4737806 23.56 95320.13
1560053702.5026863 23.58 95321.80
1560053762.5315917 23.62 95317.94
1560053822.5604968 23.69 95321.00
1560053882.5894024 23.70 95316.63
1560053942.6183078 23.69 95317.53
1560054002.6472132 23.64 95320.05
1560054062.6761189 23.69 95323.28
1560054122.7206242 23.63 95322.69
1560054182.7495296 23.58 95321.27
1560054242.778435 23.62 95323.15
1560054302.8073406 23.59 95324.98
1560054362.836246 23.66 95323.77
1560054422.8651514 23.63 95325.35
1560054482.8940568 23.70 95325.55
1560054542.9229622 23.59 95323.24
1560054602.9518676 23.59 95322.01
1560054662.9807732 23.55 95322.83
1560054723.0096786 23.51 95320.32
1560054783.054184 23.53 95316.02
1560054843.0830894 23.56 95321.00
1560054903.111995 23.58 95320.83
1560054963.1409004 23.62 95320.32
1560055023.1698058 23.59 95319.64
1560055083.1987114 23.54 95321.79
1560055143.2276165 23.56 95317.59
1560055203.256522 23.59 95314.80
1560055263.2854276 23.54 95313.55
1560055323.314333 23.56 95318.72
1560055383.3432384 23.51 95322.11
1560055443.372144 23.49 95326.58
1560055503.4010491 23.56 95324.57
1560055563.4299548 23.68 95327.58
1560055623.4744601 23.58 95324.07
1560055683.5033655 23.57 95322.36
1560055743.5322711 23.58 95323.14
1560055803.5611763 23.56 95319.66
1560055863.5900817 23.59 95316.90
1560055923.6189873 23.62 95318.38
1560055983.6478927 23.59 95323.21
1560056043.676798 23.55 95323.42
1560056103.7057037 23.54 95323.19
1560056163.734609 23.58 95326.44
1560056223.7635145 23.58 95326.64
1560056283.79242 23.60 95330.39
1560056343.8213253 23.57 95324.21
1560056403.865831 23.63 95329.57
1560056463.894736 23.59 95326.51
1560056523.9236417 23.60 95329.11
1560056583.952547 23.63 95328.63
1560056643.9814525 23.73 95331.07
1560056704.010358 23.83 95327.78
1560056764.0392635 23.90 95328.21
1560056824.0681689 23.79 95327.64
1560056884.0970743 23.73 95323.15
1560056944.1259797 23.74 95326.46
1560057004.154885 23.74 95323.89
1560057064.1993906 23.73 95324.99
1560057124.2282963 23.68 95323.97
1560057184.2572014 23.68 95323.74
1560057244.2861068 23.59 95323.35
1560057304.3150125 23.49 95322.27
1560057364.3439178 23.54 95323.35
1560057424.3728232 23.52 95321.32
1560057484.4017289 23.58 95320.50
1560057544.430634 23.62 95318.21
1560057604.4595394 23.55 95317.58
1560057664.488445 23.50 95316.07
1560057724.5329506 23.53 95318.65
1560057784.561856 23.54 95315.61
1560057844.5907612 23.51 95317.27
1560057904.6196666 23.54 95312.85
1560057964.6485722 23.56 95310.61
1560058024.6774776 23.62 95312.07
1560058084.706383 23.57 95311.02
1560058144.7352886 23.54 95312.55
1560058204.7641938 23.47 95317.89
1560058264.7930994 23.47 95312.25
1560058324.8220048 23.51 95309.13
1560058384.8665104 23.52 95309.80
1560058444.8954158 23.52 95309.57
1560058504.924321 23.48 95311.46
1560058564.9532266 23.45 95312.05
1560058624.982132 23.50 95312.77
1560058685.0110373 23.46 95313.32
1560058745.039943 23.43 95309.10
1560058805.0688484 23.39 95309.55
1560058865.0977535 23.44 95312.91
1560058925.1266592 23.47 95308.72
1560058985.1555645 23.50 95308.39
1560059045.18447 23.55 95306.38
1560059105.2289755 23.53 95303.80
1560059165.257881 23.49 95310.36
1560059225.2867863 23.59 95303.96
1560059285.3156917 23.50 95310.42
1560059345.3445973 23.55 95307.08
1560059405.3735027 23.55 95311.58
1560059465.4024081 23.57 95309.68
1560059525.4313138 23.55 95312.41
1560059585.460219 23.47 95312.72
1560059645.4891243 23.52 95310.47
1560059705.51803 23.47 95311.66
1560059765.5469353 23.51 95309.36
1560059825.5758407 23.59 95310.56
1560059885.6047463 23.58 95308.96
1560059945.6336517 23.63 95306.00
1560060005.662557 23.53 95306.21
1560060065.7070625 23.52 95308.33
1560060125.735968 23.60 95303.82
1560060185.7648735 23.57 95303.85
1560060245.7937787 23.51 95307.36
1560060305.822684 23.50 95307.89
1560060365.8515897 23.50 95306.72
1560060425.880495 23.48 95305.78
1560060485.9094005 23.53 95304.13
1560060545.938306 23.56 95304.64
1560060605.9672115 23.55 95309.14
1560060665.9961166 23.50 95307.57
1560060726.0250223 23.51 95307.42
1560060786.0695279 23.50 95310.46
1560060846.0984333 23.49 95312.76
1560060906.1273384 23.46 95311.18
1560060966.1562443 23.44 95312.25
1560061026.1851494 23.44 95311.48
1560061086.2140548 23.47 95311.66
1560061146.2429605 23.45 95312.55
1560061206.2718658 23.47 95311.05
1560061266.3007712 23.47 95311.99
1560061326.3296769 23.48 95307.46
1560061386.358582 23.48 95310.35
1560061446.3874874 23.50 95308.07
1560061506.431993 23.47 95310.22
1560061566.4608984 23.41 95307.39
1560061626.4898038 23.46 95308.45
1560061686.5187092 23.46 95310.35
1560061746.5476148 23.45 95308.71
1560061806.5765202 23.43 95310.67
1560061866.6054256 23.36 95309.44
1560061926.634331 23.43 95309.27
1560061986.6632366 23.46 95310.41
1560062046.6921418 23.45 95311.78
1560062106.7210474 23.47 95308.75
1560062166.7499528 23.52 95308.39
1560062226.7788582 23.48 95313.02
1560062286.8233635 23.50 95313.67
1560062346.8522692 23.46 95311.08
1560062406.8811746 23.51 95312.60
1560062466.91008 23.47 95315.66
1560062526.9389856 23.51 95316.53
1560062586.967891 23.47 95317.57
1560062646.9967964 23.41 95316.27
1560062707.0257015 23.36 95313.44
1560062767.0546072 23.44 95312.91
1560062827.0835125 23.45 95314.39
1560062887.112418 23.47 95314.10
1560062947.1413236 23.43 95312.17
1560063007.170229 23.40 95309.76
1560063067.2147343 23.47 95312.25
1560063127.2436397 23.43 95310.74
1560063187.2725453 23.44 95310.98
1560063247.3014507 23.50 95310.80
1560063307.3303561 23.47 95310.65
1560063367.3592615 23.40 95306.78
1560063427.388167 23.39 95310.02
1560063487.4170723 23.36 95311.38
1560063547.445978 23.37 95315.72
1560063607.4748833 23.36 95313.49
1560063667.5037887 23.36 95315.11
1560063727.5326943 23.47 95317.73
1560063787.5615995 23.43 95315.08
1560063847.590505 23.43 95317.75
1560063907.6194105 23.42 95319.32
1560063967.648316 23.45 95318.35
1560064027.6928215 23.43 95318.91
1560064087.7217267 23.37 95321.29
1560064147.7506323 23.38 95317.16
1560064207.7795377 23.45 95316.55
1560064267.808443 23.38 95316.16
1560064327.8373487 23.35 95315.41
1560064387.866254 23.40 95316.13
1560064447.8951592 23.40 95317.10
1560064507.9240649 23.35 95316.52
1560064567.9529703 23.34 95316.94
1560064627.9818757 23.39 95316.13
1560064688.0107813 23.44 95319.52
1560064748.0396867 23.42 95319.88
1560064808.084192 23.41 95316.91
1560064868.1130974 23.40 95321.21
1560064928.142003 23.40 95320.64
1560064988.1709085 23.39 95319.57
1560065048.1998138 23.42 95319.48
1560065108.228719 23.42 95316.30
1560065168.2576246 23.38 95319.16
1560065228.28653 23.36 95315.45
1560065288.3154354 23.28 95314.85
1560065348.344341 23.31 95313.26
1560065408.3732464 23.34 95310.50
1560065468.4021516 23.30 95311.39
1560065528.4310575 23.31 95311.79
1560065588.4755628 23.29 95316.99
1560065648.5044682 23.31 95315.03
1560065708.5333736 23.41 95314.60
1560065768.562279 23.33 95312.43
1560065828.5911844 23.34 95312.64
1560065888.6200898 23.36 95314.88
1560065948.6489954 23.40 95312.19
1560066008.6779008 23.33 95315.21
1560066068.7068062 23.35 95314.57
1560066128.7357116 23.34 95316.14
1560066188.7646172 23.34 95317.01
1560066248.7935224 23.33 95315.80
1560066308.822428 23.28 95319.15
1560066368.8513334 23.30 95318.86
1560066428.8958387 23.31 95321.30
1560066488.9247441 23.28 95318.55
1560066548.9536498 23.28 95323.22
1560066608.9825552 23.28 95316.12
1560066669.0114605 23.27 95317.21
1560066729.0403662 23.29 95314.32
1560066789.0692716 23.30 95315.53
1560066849.098177 23.26 95313.17
1560066909.1270823 23.26 95312.90
1560066969.1559877 23.32 95308.92
1560067029.1848931 23.32 95310.50
1560067089.2137988 23.32 95310.06
1560067149.2427042 23.37 95306.01
1560067209.2716095 23.36 95305.64
1560067269.3005147 23.35 95300.74
1560067329.3294203 23.37 95302.74
1560067389.3583257 23.34 95302.70
1560067449.4028313 23.31 95308.96
1560067509.4317365 23.30 95308.65
1560067569.460642 23.29 95309.41
1560067629.4895475 23.34 95310.87
1560067689.518453 23.33 95310.80
1560067749.5473585 23.28 95309.98
1560067809.576264 23.32 95311.89
1560067869.6051693 23.36 95311.64
1560067929.634075 23.37 95310.52
1560067989.66298 23.31 95313.13
1560068049.6918855 23.28 95317.15
1560068109.720791 23.31 95314.89
1560068169.7496965 23.33 95317.47
1560068229.778602 23.29 95321.25
1560068289.8231072 23.25 95320.44
1560068349.8520129 23.27 95321.25
1560068409.8809183 23.29 95322.32
1560068469.9098237 23.25 95323.21
1560068529.9387293 23.30 95325.40
1560068589.9676347 23.29 95324.10
1560068649.9965398 23.27 95324.82
1560068710.0254455 23.30 95323.86
1560068770.0543509 23.26 95326.25
1560068830.0832562 23.34 95329.78
1560068890.1121619 23.28 95326.36
1560068950.1410673 23.29 95324.83
1560069010.1699724 23.37 95325.10
1560069070.1988783 23.28 95330.66
1560069130.2277834 23.27 95328.12
1560069190.272289 23.26 95327.42
1560069250.3011944 23.22 95327.07
1560069310.3300998 23.26 95324.61
1560069370.3590052 23.28 95323.99
1560069430.3879106 23.25 95324.05
1560069490.4168162 23.22 95322.43
1560069550.4457216 23.23 95322.67
1560069610.474627 23.26 95324.52
1560069670.5035322 23.18 95328.45
1560069730.532438 23.19 95330.35
1560069790.5613432 23.24 95332.91
1560069850.5902488 23.25 95335.46
1560069910.6191542 23.24 95336.22
1560069970.6480596 23.25 95335.05
1560070030.692565 23.29 95336.71
1560070090.7214704 23.34 95335.39
1560070150.750376 23.30 95335.41
1560070210.7792814 23.23 95336.64
1560070270.8081868 23.28 95338.80
1560070330.8370922 23.21 95341.78
1560070390.8659978 23.22 95344.18
1560070450.894903 23.23 95342.62
1560070510.9238086 23.19 95341.10
1560070570.952714 23.19 95342.67
1560070630.9816194 23.21 95345.38
1560070691.010525 23.24 95342.39
1560070751.0394304 23.23 95345.19
1560070811.0683355 23.23 95345.82
1560070871.0972412 23.24 95347.89
1560070931.1261466 23.20 95346.41
1560070991.155052 23.21 95350.61
1560071051.1839576 23.22 95348.38
1560071111.212863 23.24 95352.73
1560071171.2573683 23.24 95353.00
1560071231.2862737 23.24 95353.83
1560071291.3151793 23.24 95354.94
1560071351.3440847 23.25 95355.67
1560071411.3729901 23.27 95360.44
1560071471.4018955 23.23 95358.69
1560071531.430801 23.19 95361.88
1560071591.4597063 23.23 95361.36
1560071651.488612 23.19 95360.67
1560071711.5175173 23.21 95365.63
1560071771.5464227 23.23 95369.37
1560071831.5753284 23.24 95368.74
1560071891.6042337 23.24 95371.08
1560071951.633139 23.21 95379.21
1560072011.6620445 23.19 95382.96
1560072071.7065501 23.25 95381.49
1560072131.7354555 23.19 95384.03
1560072191.7643607 23.21 95384.50
1560072251.793266 23.21 95388.91
1560072311.8221717 23.23 95391.85
1560072371.851077 23.17 95390.85
1560072431.8799827 23.18 95393.72
1560072491.908888 23.22 95396.08
1560072551.9377933 23.23 95396.19
1560072611.9666986 23.22 95395.46
1560072671.9956043 23.21 95399.41
1560072732.0245097 23.21 95397.42
1560072792.053415 23.22 95396.92
1560072852.0823207 23.26 95399.51
1560072912.111226 23.22 95399.49
1560072972.1557314 23.22 95402.63
1560073032.1846368 23.23 95404.19
1560073092.2135425 23.21 95404.39
1560073152.2424479 23.29 95408.16
1560073212.271353 23.23 95412.91
1560073272.3002589 23.18 95410.94
1560073332.329164 23.17 95413.10
1560073392.3580694 23.16 95415.97
1560073452.386975 23.22 95415.64
1560073512.4158804 23.17 95418.88
1560073572.4447858 23.11 95415.86
1560073632.4736915 23.18 95419.41
1560073692.5025966 23.17 95423.14
1560073752.531502 23.19 95426.99
1560073812.5604076 23.12 95425.82
1560073872.589313 23.05 95426.53
1560073932.6182184 23.09 95427.32
1560073992.647124 23.08 95431.46
1560074052.6760292 23.11 95431.88
1560074112.7049346 23.13 95432.16
1560074172.7494402 23.12 95435.25
1560074232.7783456 23.11 95434.97
1560074292.8072512 23.12 95434.82
1560074352.8361564 23.14 95437.63
1560074412.865062 23.10 95436.17
1560074472.8939674 23.11 95438.78
1560074532.9228728 23.11 95445.15
1560074592.9517784 23.10 95445.41
1560074652.9806838 23.18 95445.50
1560074713.009589 23.19 95450.91
1560074773.0384948 23.15 95452.38
1560074833.0674 23.17 95456.39
1560074893.0963054 23.12 95453.19
1560074953.1252108 23.16 95455.53
1560075013.1541164 23.08 95454.20
1560075073.1830218 23.11 95458.13
1560075133.2275271 23.20 95459.82
1560075193.2564325 23.19 95460.55
1560075253.2853382 23.20 95462.32
1560075313.3142436 23.16 95462.53
1560075373.3431487 23.18 95463.01
1560075433.3720546 23.18 95466.61
1560075493.4009597 23.15 95470.42
1560075553.4298651 23.18 95472.62
1560075613.4587708 23.21 95474.07
1560075673.4876761 23.14 95473.10
1560075733.5165813 23.17 95477.68
1560075793.5454872 23.14 95475.66
1560075853.5743923 23.19 95480.57
1560075913.6032977 23.10 95482.60
1560075973.6322033 23.08 95480.88
1560076033.6611087 23.13 95485.62
1560076093.705614 23.07 95486.61
1560076153.7345195 23.14 95488.77
1560076213.763425 23.15 95488.94
1560076273.7923305 23.16 95490.78
1560076333.821236 23.17 95492.66
1560076393.8501415 23.18 95493.21
1560076453.879047 23.17 95489.99
1560076513.907952 23.15 95494.94
1560076573.9368577 23.19 95495.24
1560076633.965763 23.19 95497.21
1560076693.9946685 23.16 95497.89
1560076754.023574 23.10 95498.85
1560076814.0524795 23.06 95498.28
1560076874.0813847 23.10 95500.04
1560076934.1102903 23.10 95500.88
1560076994.1391957 23.21 95501.42
1560077054.168101 23.19 95507.25
1560077114.1970067 23.17 95504.67
1560077174.225912 23.19 95509.49
1560077234.2548175 23.18 95510.64
1560077294.283723 23.15 95515.99
1560077354.3282282 23.18 95519.72
1560077414.3571339 23.17 95522.44
1560077474.3860393 23.23 95527.43
1560077534.414945 23.19 95522.39
1560077594.44385 23.20 95525.27
1560077654.4727554 23.18 95524.82
1560077714.5016608 23.16 95527.17
1560077774.5305665 23.14 95526.13
1560077834.5594718 23.12 95528.24
1560077894.5883772 23.18 95529.75
1560077954.6172829 23.16 95526.84
1560078014.646188 23.17 95528.55
1560078074.6750934 23.19 95530.97
1560078134.703999 23.14 95532.42
1560078194.7329044 23.21 95530.52
1560078254.7618098 23.20 95531.77
1560078314.8063152 23.22 95529.75
1560078374.8352208 23.22 95535.57
1560078434.8641262 23.18 95536.83
1560078494.8930316 23.15 95532.47
1560078554.9219372 23.13 95535.39
1560078614.9508426 23.17 95535.79
1560078674.979748 23.13 95540.96
1560078735.0086534 23.18 95540.60
1560078795.0375588 23.20 95545.39
1560078855.0664642 23.21 95551.77
1560078915.0953698 23.23 95548.82
1560078975.1242752 23.18 95551.94
1560079035.1531806 23.17 95553.96
1560079095.182086 23.18 95554.85
1560079155.2109914 23.21 95555.34
1560079215.255497 23.17 95559.64
1560079275.2844021 23.20 95559.96
1560079335.313308 23.21 95564.28
1560079395.3422132 23.20 95563.84
1560079455.3711185 23.20 95566.40
1560079515.4000242 23.20 95566.47
1560079575.4289296 23.19 95570.27
1560079635.457835 23.20 95571.58
1560079695.4867406 23.20 95572.67
1560079755.5156457 23.25 95577.69
1560079815.5445514 23.26 95580.89
1560079875.5734565 23.20 95579.85
1560079935.6023622 23.20 95580.92
1560079995.6312675 23.18 95579.80
1560080055.660173 23.20 95586.08
1560080115.7046783 23.20 95586.25
1560080175.733584 23.19 95588.85
1560080235.746889 23.20 95586.75
1560080295.7757947 23.21 95592.00
1560080355.8203003 23.22 95593.82
1560080415.8492055 23.20 95597.60
1560080475.878111 23.20 95598.03
1560080535.9070165 23.20 95595.53
1560080595.935922 23.26 95597.41
1560080655.9648273 23.25 95599.53
1560080715.993733 23.26 95602.69
1560080776.022638 23.21 95604.55
1560080836.0515437 23.20 95603.93
1560080896.080449 23.18 95604.32
1560080956.1093545 23.22 95606.72
1560081016.13826 23.19 95607.46
1560081076.1671655 23.29 95608.91
1560081136.196071 23.28 95603.97
1560081196.2249763 23.21 95609.89
1560081256.2694817 23.21 95607.99
1560081316.2983873 23.23 95607.36
1560081376.3272927 23.27 95611.40
1560081436.356198 23.24 95607.97
1560081496.3851037 23.20 95607.94
1560081556.4140089 23.24 95607.64
1560081616.4429142 23.21 95610.32
1560081676.4718199 23.25 95614.78
1560081736.5007253 23.20 95617.95
1560081796.5296307 23.21 95620.19
1560081856.5585363 23.28 95619.32
1560081916.5874414 23.24 95620.82
1560081976.6163468 23.29 95623.52
1560082036.6452525 23.33 95619.76
1560082096.6741579 23.29 95616.85
1560082156.7186635 23.28 95619.65
1560082216.7475686 23.27 95618.64
1560082276.776474 23.24 95621.49
1560082336.8053796 23.20 95622.95
1560082396.834285 23.29 95621.53
1560082456.8631904 23.28 95622.75
1560082516.892096 23.23 95617.24
1560082576.9210014 23.24 95622.22
1560082636.9499066 23.22 95623.74
1560082696.9788122 23.28 95623.63
1560082757.0077176 23.31 95624.55
1560082817.036623 23.28 95623.15
1560082877.0655286 23.31 95623.42
1560082937.094434 23.29 95621.92
1560082997.1389394 23.36 95625.28
1560083057.1678448 23.46 95624.32
1560083117.1967504 23.38 95623.17
1560083177.2256558 23.36 95621.35
1560083237.2545612 23.32 95626.94
1560083297.2834666 23.36 95624.19
1560083357.312372 23.34 95622.77
1560083417.3412774 23.35 95626.39
1560083477.370183 23.44 95627.03
1560083537.3990884 23.42 95625.21
1560083597.4279938 23.47 95625.10
1560083657.4568992 23.43 95621.78
1560083717.4858048 23.42 95621.54
1560083777.51471 23.48 95625.39
1560083837.5436156 23.41 95624.74
1560083897.572521 23.48 95628.17
1560083957.6014264 23.53 95630.78
1560084017.630332 23.51 95630.33
1560084077.6748374 23.43 95630.03
1560084137.7037427 23.52 95628.74
1560084197.7326481 23.54 95631.75
1560084257.7615538 23.55 95633.57
1560084317.790459 23.58 95632.52
1560084377.8193645 23.65 95630.61
1560084437.84827 23.55 95630.13
1560084497.8771753 23.53 95632.82
1560084557.9060807 23.55 95629.83
1560084617.9349864 23.61 95631.96
1560084677.9638917 23.61 95627.67
1560084737.9927971 23.64 95629.93
1560084798.0217023 23.68 95627.20
1560084858.066208 23.68 95626.24
1560084918.0951135 23.66 95626.58
1560084978.1240187 23.67 95622.08
1560085038.1529243 23.68 95627.53
1560085098.1818297 23.64 95625.19
1560085158.210735 23.59 95625.22
1560085218.2396405 23.63 95629.13
1560085278.268546 23.61 95628.08
1560085338.2974515 23.65 95626.47
1560085398.326357 23.67 95625.02
1560085458.3552623 23.65 95625.81
1560085518.3841677 23.72 95629.42
1560085578.413073 23.66 95626.82
1560085638.4575787 23.70 95627.04
1560085698.4864843 23.67 95623.68
1560085758.5153894 23.65 95626.41
1560085818.5442948 23.69 95624.90
1560085878.5732005 23.66 95626.54
1560085938.6021059 23.71 95623.85
1560085998.6310112 23.69 95623.67
1560086058.6599169 23.69 95625.13
1560086118.688822 23.66 95621.64
1560086178.7177274 23.68 95621.19
1560086238.746633 23.74 95619.73
1560086298.7755384 23.74 95621.33
1560086358.8200438 23.72 95620.92
1560086418.8489492 23.71 95621.35
1560086478.8778548 23.72 95619.88
1560086538.9067602 23.68 95618.49
1560086598.9356656 23.68 95622.59
1560086658.9645712 23.62 95615.40
1560086718.9934766 23.70 95612.03
1560086779.022382 23.64 95607.24
1560086839.0512874 23.71 95609.92
1560086899.0801928 23.69 95612.78
1560086959.1090982 23.67 95611.66
1560087019.1380038 23.70 95609.02
1560087079.1825094 23.67 95609.23
1560087139.2114146 23.57 95604.82
1560087199.2247198 23.56 95601.27
1560087259.2692254 23.55 95605.10
1560087319.298131 23.58 95603.69
1560087379.3270364 23.55 95602.10
1560087439.3559418 23.54 95600.82
1560087499.3848472 23.51 95602.39
1560087559.4137526 23.54 95598.21
1560087619.442658 23.67 95601.88
1560087679.4715636 23.69 95597.75
1560087739.500469 23.76 95597.67
1560087799.5293744 23.68 95593.97
1560087859.5582798 23.63 95593.25
1560087919.6027853 23.65 95595.72
1560087979.6316907 23.64 95594.55
1560088039.6605961 23.74 95591.85
1560088099.6895018 23.68 95594.55
1560088159.718407 23.68 95594.97
1560088219.7473123 23.74 95591.52
1560088279.776218 23.78 95592.02
1560088339.8051233 23.77 95584.42
1560088399.8340287 23.79 95586.97
1560088459.8629344 23.82 95581.64
1560088519.8918395 23.73 95586.74
1560088579.9207451 23.72 95582.02
1560088639.9652505 23.76 95588.60
1560088699.9941561 23.75 95581.50
1560088760.0230615 23.76 95583.05
1560088820.0519667 23.80 95583.71
1560088880.0808723 23.81 95582.11
1560088940.1097777 23.79 95584.30
1560089000.138683 23.80 95583.67
1560089060.1675887 23.83 95584.23
1560089120.196494 23.86 95576.94
1560089180.2253993 23.82 95575.97
1560089240.2543051 23.83 95579.35
1560089300.2988105 23.85 95578.50
1560089360.3277159 23.89 95576.39
1560089420.3566213 23.91 95570.89
1560089480.3855264 23.86 95573.67
1560089540.414432 23.84 95570.32
1560089600.4433374 23.84 95566.10
1560089660.4722428 23.81 95566.32
1560089720.5011485 23.82 95566.89
1560089780.5300539 23.80 95562.47
1560089840.5589592 23.87 95562.82
1560089900.6034646 23.95 95559.35
1560089960.6323702 23.93 95556.38
1560090020.6612756 23.91 95555.19
1560090080.690181 23.86 95553.72
1560090140.7190866 23.85 95551.92
1560090200.7479918 23.83 95547.30
1560090260.7768972 23.81 95548.49
1560090320.8058028 23.84 95551.14
1560090380.8347082 23.86 95549.66
1560090440.8636136 23.86 95546.21
1560090500.908119 23.86 95544.64
1560090560.9370246 23.90 95540.79
1560090620.96593 23.90 95540.60
1560090680.9948354 23.83 95538.52
1560090741.023741 23.84 95535.88
1560090801.0526464 23.89 95530.30
1560090861.0815516 23.92 95533.22
1560090921.1104572 23.96 95532.57
1560090981.1393626 23.90 95532.91
1560091041.168268 23.90 95531.67
1560091101.1971736 23.88 95531.24
1560091161.241679 23.85 95527.91
1560091221.2705843 23.88 95528.57
1560091281.2994897 23.86 95530.78
1560091341.3283954 23.86 95531.19
1560091401.3573008 23.86 95529.11
1560091461.3862062 23.82 95528.89
1560091521.4151115 23.81 95526.66
1560091581.444017 23.82 95523.38
1560091641.4729223 23.83 95519.41
1560091701.501828 23.86 95523.00
1560091761.5307333 23.87 95520.41
1560091821.5596387 23.87 95514.63
1560091881.604144 23.82 95515.80
1560091941.6330495 23.81 95513.60
1560092001.661955 23.84 95512.50
1560092061.6908605 23.82 95511.03
1560092121.719766 23.78 95510.54
1560092181.7486713 23.77 95504.66
1560092241.7775767 23.82 95505.08
1560092301.806482 23.83 95505.96
1560092361.8353877 23.85 95505.17
1560092421.864293 23.84 95498.45
1560092481.8931985 23.85 95501.83
1560092541.9377038 23.81 95499.27
1560092601.9666095 23.77 95501.78
1560092661.9955149 23.79 95505.77
1560092722.0244203 23.82 95500.35
1560092782.053326 23.83 95496.78
1560092842.0822313 23.83 95496.94
1560092902.1111364 23.84 95497.64
1560092962.140042 23.81 95493.10
1560093022.1689475 23.85 95491.85
1560093082.1978528 23.81 95485.68
1560093142.2423582 23.85 95490.41
1560093202.2712638 23.88 95485.35
1560093262.3001692 23.80 95485.50
1560093322.3290746 23.85 95485.89
1560093382.3579803 23.87 95481.33
1560093442.3868854 23.81 95479.10
1560093502.415791 23.83 95478.94
1560093562.4446964 23.88 95475.83
1560093622.4736018 23.87 95477.19
1560093682.5025072 23.80 95481.17
1560093742.5314128 23.75 95478.03
1560093802.5759182 23.80 95475.19
1560093862.6048236 23.74 95469.85
1560093922.633729 23.71 95469.07
1560093982.6626346 23.77 95463.06
1560094042.69154 23.72 95460.49
1560094102.7204454 23.70 95459.58
1560094162.749351 23.76 95452.53
1560094222.7782562 23.80 95455.29
1560094282.8071616 23.80 95451.45
1560094342.836067 23.79 95449.50
1560094402.8649726 23.82 95445.91
1560094462.909478 23.82 95449.92
1560094522.9383833 23.85 95442.72
1560094582.9672887 23.82 95444.91
1560094642.9961944 23.78 95436.92
1560094703.0250998 23.80 95437.19
1560094763.0540051 23.83 95441.01
1560094823.0829108 23.85 95440.25
1560094883.111816 23.86 95438.25
1560094943.1407213 23.85 95438.05
1560095003.169627 23.85 95437.32
1560095063.2141325 23.85 95434.91
1560095123.2430377 23.83 95432.69
1560095183.271943 23.82 95434.00
1560095243.3008487 23.82 95433.13
1560095303.329754 23.83 95428.25
1560095363.3586595 23.86 95426.92
1560095423.3875651 23.85 95423.78
1560095483.4164705 23.86 95421.19
1560095543.445376 23.85 95422.52
1560095603.4742813 23.84 95421.99
1560095663.5031867 23.79 95421.46
1560095723.532092 23.81 95418.07
1560095783.5609977 23.78 95416.42
1560095843.605503 23.79 95413.39
1560095903.6344085 23.79 95408.94
1560095963.6633139 23.77 95408.33
1560096023.6922195 23.80 95404.34
1560096083.721125 23.82 95400.67
1560096143.75003 23.83 95398.40
1560096203.778936 23.82 95397.77
1560096263.807841 23.80 95393.28
1560096323.8367465 23.81 95394.92
1560096383.865652 23.78 95392.94
1560096443.9101572 23.77 95396.98
1560096503.9390628 23.76 95387.57
1560096563.9679682 23.76 95391.43
1560096623.9968736 23.77 95387.93
1560096684.0257792 23.81 95388.71
1560096744.0546846 23.85 95384.39
1560096804.0835898 23.84 95384.92
1560096864.1124957 23.85 95385.12
1560096924.1414008 23.82 95387.75
1560096984.1703062 23.83 95382.11
1560097044.1992118 23.84 95380.28
1560097104.2437172 23.85 95375.77
1560097164.2726226 23.82 95376.97
1560097224.301528 23.78 95373.64
1560097284.3304336 23.77 95371.34
1560097344.359339 23.80 95368.94
1560097404.3882444 23.78 95365.40
1560097464.41715 23.78 95365.14
1560097524.4460554 23.85 95365.19
1560097584.4749606 23.85 95364.08
1560097644.5038662 23.78 95364.27
1560097704.5483718 23.83 95363.58
1560097764.5772772 23.79 95361.42
1560097824.6061823 23.79 95360.60
1560097884.635088 23.84 95359.57
1560097944.6639934 23.79 95359.63
1560098004.6928988 23.77 95356.38
1560098064.7218044 23.87 95357.14
1560098124.7507098 23.85 95358.67
1560098184.779615 23.80 95357.33
1560098244.8085206 23.82 95353.32
1560098304.8530262 23.81 95350.52
1560098364.8819315 23.82 95352.49
1560098424.910837 23.83 95349.16
1560098484.9397423 23.87 95347.19
1560098544.9686477 23.85 95349.16
1560098604.997553 23.82 95346.91
1560098665.0264587 23.79 95348.07
1560098725.0553641 23.79 95342.27
1560098785.0842695 23.82 95338.57
1560098845.1131747 23.84 95340.61
1560098905.1420805 23.83 95341.77
1560098965.186586 23.78 95341.69
1560099025.2154913 23.80 95342.30
1560099085.2443967 23.77 95343.66
1560099145.273302 23.82 95343.34
1560099205.3022075 23.82 95339.00
1560099265.3311129 23.83 95340.77
1560099325.3600185 23.81 95340.83
1560099385.388924 23.78 95339.69
1560099445.4178293 23.82 95340.40
1560099505.4467347 23.82 95338.89
1560099565.4912403 23.82 95336.16
1560099625.5201457 23.81 95336.76
1560099685.549051 23.81 95334.42
1560099745.5779567 23.78 95329.53
1560099805.6068618 23.82 95330.38
1560099865.6357672 23.82 95331.72
1560099925.6646729 23.89 95333.11
1560099985.6935782 23.88 95330.53
1560100045.7224836 23.86 95330.03
1560100105.7513893 23.90 95327.70
1560100165.7802947 23.85 95323.88
1560100225.8092 23.89 95325.22
1560100285.8381054 23.88 95324.69
1560100345.8670108 23.83 95323.44
1560100405.9115164 23.86 95323.42
1560100465.9404218 23.82 95322.37
1560100525.9693272 23.80 95324.17
1560100585.9982326 23.83 95331.28
1560100646.027138 23.86 95324.52
1560100706.0560436 23.85 95325.61
1560100766.084949 23.83 95327.52
1560100826.1138544 23.78 95326.27
1560100886.1427596 23.81 95330.58
1560100946.1716652 23.85 95328.06
1560101006.2161708 23.84 95327.39
1560101066.2450762 23.85 95324.95
1560101126.2739818 23.87 95323.25
1560101186.302887 23.87 95318.82
1560101246.3317924 23.88 95320.52
1560101306.3606977 23.90 95317.71
1560101366.3896034 23.90 95315.82
1560101426.4185088 23.87 95314.60
1560101486.4474142 23.85 95316.53
1560101546.4763196 23.88 95314.50
1560101606.5208251 23.85 95314.27
1560101666.5497305 23.81 95317.42
1560101726.578636 23.83 95317.63
1560101786.6075416 23.88 95315.00
1560101846.6364467 23.85 95313.92
1560101906.665352 23.86 95315.37
1560101966.6942577 23.84 95312.36
1560102026.7231631 23.88 95307.69
1560102086.7520685 23.88 95308.26
1560102146.7809741 23.88 95307.86
1560102206.8098793 23.86 95308.99
1560102266.854385 23.86 95302.14
1560102326.8832903 23.81 95303.21
1560102386.912196 23.80 95301.40
1560102446.9411013 23.77 95302.33
1560102506.9700065 23.78 95300.72
1560102566.998912 23.76 95302.60
1560102627.0278175 23.79 95303.27
1560102687.0567229 23.81 95308.21
1560102747.0856285 23.82 95301.17
1560102807.114534 23.84 95304.98
1560102867.1590393 23.81 95304.21
1560102927.1879447 23.80 95306.57
1560102987.2168503 23.83 95304.24
1560103047.2457557 23.91 95298.21
1560103107.274661 23.82 95300.57
1560103167.3035662 23.80 95297.66
1560103227.3324718 23.84 95295.53
1560103287.3613772 23.82 95293.76
1560103347.3902829 23.88 95291.39
1560103407.4191883 23.92 95292.60
1560103467.4480937 23.89 95294.53
1560103527.492599 23.93 95295.25
1560103587.5215044 23.91 95292.30
1560103647.55041 23.94 95297.45
1560103707.5793154 23.94 95292.61
1560103767.6082206 23.98 95292.67
1560103827.6371264 23.88 95287.46
1560103887.6660316 23.86 95287.52
1560103947.694937 23.85 95284.54
1560104007.7238426 23.83 95283.04
1560104067.752748 23.81 95282.17
1560104127.7972534 23.83 95280.10
1560104187.8261588 23.89 95283.19
1560104247.8550644 23.88 95281.14
1560104307.8839698 23.88 95279.78
1560104367.9128752 23.89 95280.98
1560104427.9417806 23.89 95276.17
1560104487.9706862 23.88 95279.14
1560104547.9995914 23.84 95279.10
1560104608.028497 23.81 95276.07
1560104668.0574024 23.86 95278.33
1560104728.0863078 23.85 95279.44
1560104788.1152134 23.85 95279.87
1560104848.1441188 23.90 95276.94
1560104908.1886241 23.91 95278.51
1560104968.2175295 23.92 95282.09
1560105028.2464352 23.90 95278.55
1560105088.2753406 23.90 95282.99
1560105148.304246 23.90 95279.28
1560105208.3331513 23.91 95280.55
1560105268.3620567 23.94 95283.46
1560105328.3909621 23.88 95281.78
1560105388.4198678 23.90 95281.61
1560105448.4487731 23.93 95279.72
1560105508.4932785 23.92 95280.72
1560105568.522184 23.89 95276.97
1560105628.5510895 23.86 95277.91
1560105688.579995 23.90 95277.74
1560105748.6089003 23.92 95276.74
1560105808.637806 23.96 95273.71
1560105868.666711 23.90 95278.11
1560105928.6956165 23.91 95276.50
1560105988.7245219 23.92 95271.96
1560106048.7534275 23.95 95273.91
1560106108.7979329 23.94 95275.24
1560106168.8268383 23.93 95274.34
1560106228.8557436 23.94 95272.07
1560106288.8846493 23.93 95271.50
1560106348.9135547 23.90 95274.64
1560106408.94246 23.87 95271.69
1560106468.9713655 23.90 95270.46
1560106529.000271 23.93 95275.01
1560106589.0291762 23.98 95279.38
1560106649.0580819 23.94 95275.41
1560106709.1025875 23.91 95273.37
1560106769.1314926 23.92 95274.91
1560106829.160398 23.90 95275.77
1560106889.1893036 23.94 95279.92
1560106949.218209 23.93 95277.98
1560107009.2471144 23.89 95276.34
1560107069.27602 23.86 95274.13
1560107129.3049252 23.93 95271.94
1560107189.3338308 23.91 95277.01
1560107249.3627362 23.96 95271.24
1560107309.4072418 23.97 95275.51
1560107369.4361472 23.94 95276.74
1560107429.4650524 23.91 95275.44
1560107489.493958 23.99 95277.88
1560107549.5228634 23.89 95276.67
1560107609.5517688 23.94 95278.52
1560107669.5806744 23.96 95275.24
1560107729.6095798 23.89 95276.47
1560107789.6384852 23.86 95277.57
1560107849.6673908 23.84 95280.31
1560107909.696296 23.87 95274.80
1560107969.7408016 23.90 95278.78
1560108029.769707 23.88 95280.05
1560108089.7986126 23.85 95284.14
1560108149.8275177 23.90 95281.08
1560108209.8564231 23.92 95278.14
1560108269.8853285 23.98 95280.39
1560108329.9142342 23.98 95278.25
1560108389.9431396 23.99 95273.71
1560108449.972045 23.95 95280.35
1560108510.0009503 23.94 95280.62
1560108570.045456 23.98 95282.83
1560108630.0587611 24.00 95283.23
1560108690.0876667 23.95 95284.36
1560108750.1321723 23.95 95283.66
1560108810.1610775 23.94 95282.86
1560108870.189983 24.00 95286.24
1560108930.2188885 24.01 95284.89
1560108990.247794 24.01 95285.00
1560109050.2766993 23.98 95283.42
1560109110.305605 23.96 95290.41
1560109170.33451 23.99 95284.16
1560109230.3634157 23.99 95282.72
1560109290.392321 24.01 95286.33
1560109350.4368267 23.98 95285.57
1560109410.465732 24.02 95285.90
1560109470.4946373 23.99 95281.99
1560109530.523543 24.00 95285.36
1560109590.5524483 23.99 95287.40
1560109650.5813537 24.02 95289.81
1560109710.6102593 24.00 95293.55
1560109770.6391647 24.03 95288.31
1560109830.6680698 24.03 95289.88
1560109890.6969757 23.98 95294.95
1560109950.741481 23.95 95296.02
1560110010.7703865 23.93 95296.21
1560110070.7992918 23.98 95295.18
1560110130.828197 24.00 95292.78
1560110190.8571026 23.96 95297.96
1560110250.886008 23.92 95300.78
1560110310.9149137 24.01 95297.36
1560110370.943819 24.02 95299.39
1560110430.9727244 23.97 95301.42
1560110491.0016296 23.98 95302.46
1560110551.0461352 24.01 95302.20
1560110611.0750408 23.98 95303.80
1560110671.1039462 24.00 95306.47
1560110731.1328516 23.97 95303.39
1560110791.161757 23.97 95302.57
1560110851.1906624 24.01 95304.53
1560110911.2195678 23.95 95310.08
1560110971.2484734 23.95 95308.57
1560111031.2773788 23.92 95312.27
1560111091.3062842 23.94 95315.82
1560111151.3507895 23.94 95310.75
1560111211.3796952 23.97 95309.91
1560111271.4086006 23.90 95314.64
1560111331.437506 23.92 95314.44
1560111391.4664116 23.91 95319.12
1560111451.495317 23.93 95314.25
1560111511.5242221 23.92 95312.94
1560111571.5531278 23.93 95315.35
1560111631.5820332 23.89 95318.75
1560111691.6109385 23.96 95317.46
1560111751.6554441 23.93 95319.63
1560111811.6843495 23.95 95320.76
1560111871.713255 23.92 95321.06
1560111931.7421603 23.92 95321.16
1560111991.771066 23.95 95322.22
1560112051.7999713 23.94 95323.77
1560112111.8288767 23.91 95323.30
1560112171.8577821 23.90 95323.13
1560112231.8866875 23.91 95319.25
1560112291.915593 23.97 95314.75
1560112351.9444985 23.92 95321.72
1560112411.9890037 23.93 95319.09
1560112472.0179093 23.90 95317.05
1560112532.0468147 23.89 95317.58
1560112592.0757203 23.85 95324.05
1560112652.1046257 23.86 95321.58
1560112712.133531 24.01 95322.74
1560112772.1624367 23.93 95322.13
1560112832.1913419 23.89 95321.89
1560112892.2202473 23.91 95322.76
1560112952.2491527 23.88 95322.28
1560113012.2780583 23.95 95321.77
1560113072.3225636 23.96 95321.16
1560113132.351469 23.94 95323.70
1560113192.3803744 23.90 95324.83
1560113252.40928 23.91 95323.36
1560113312.4381855 23.90 95324.86
1560113372.4670908 23.88 95322.85
1560113432.4959965 23.92 95324.07
1560113492.5249016 23.94 95326.17
1560113552.553807 23.89 95325.33
1560113612.5827127 23.87 95323.66
1560113672.611618 23.89 95325.33
1560113732.6405234 23.89 95323.49
1560113792.669429 23.86 95322.14
1560113852.7139344 23.86 95320.25
1560113912.7428398 23.87 95323.22
1560113972.7717452 23.85 95324.28
1560114032.8006508 23.94 95328.44
1560114092.8295562 23.96 95329.51
1560114152.8584616 23.92 95324.46
1560114212.887367 23.95 95331.61
1560114272.9162724 23.94 95331.51
1560114332.9451778 23.95 95331.68
1560114392.9740834 23.93 95329.58
1560114453.0185888 23.94 95328.21
1560114513.0474942 23.91 95329.53
1560114573.0763996 23.88 95326.19
1560114633.1053052 23.89 95332.44
1560114693.1342106 23.90 95331.41
1560114753.1631157 23.86 95332.53
1560114813.1920216 23.88 95329.36
1560114873.2209268 23.91 95329.44
1560114933.2498322 23.96 95329.01
1560114993.2787375 23.94 95329.11
1560115053.3076432 23.96 95326.84
1560115113.3521485 23.97 95328.11
1560115173.381054 23.96 95329.35
1560115233.4099593 23.92 95329.91
1560115293.438865 23.92 95327.17
1560115353.4677703 23.86 95328.16
1560115413.4966757 23.81 95330.25
1560115473.5255814 23.83 95330.12
1560115533.5544865 23.87 95333.34
1560115593.583392 23.91 95334.21
1560115653.6122975 23.91 95332.82
1560115713.6568031 23.86 95332.77
1560115773.6857083 23.91 95333.28
1560115833.7146137 23.90 95333.14
1560115893.7435193 23.91 95337.82
1560115953.7724247 23.89 95337.44
1560116013.80133 23.88 95335.21
1560116073.8302357 23.90 95338.35
1560116133.859141 23.83 95338.00
1560116193.8880463 23.90 95334.48
1560116253.916952 23.87 95337.85
1560116313.9458573 23.92 95334.82
1560116373.990363 23.91 95338.82
1560116434.019268 23.86 95338.61
1560116494.0481737 23.89 95338.02
1560116554.077079 23.84 95338.60
1560116614.1059844 23.83 95340.33
1560116674.13489 23.80 95342.23
1560116734.1637955 23.77 95339.28
1560116794.1927009 23.80 95342.10
1560116854.2216065 23.79 95337.05
1560116914.2505116 23.87 95338.48
1560116974.279417 23.89 95338.45
1560117034.3239226 23.84 95335.86
1560117094.3528278 23.82 95337.46
1560117154.3817334 23.82 95337.24
1560117214.4106388 23.78 95340.19
1560117274.4395442 23.80 95340.19
1560117334.4684498 23.79 95341.42
1560117394.4973552 23.86 95344.55
1560117454.5262604 23.83 95344.17
1560117514.5551662 23.78 95346.40
1560117574.5840714 23.80 95344.21
1560117634.6129768 23.87 95345.92
1560117694.6418824 23.91 95345.46
1560117754.6707878 23.81 95345.01
1560117814.6996932 23.80 95346.60
1560117874.7441986 23.84 95351.86
1560117934.7731042 23.84 95351.72
1560117994.8020096 23.86 95352.27
1560118054.830915 23.88 95349.89
1560118114.8598204 23.83 95350.46
1560118174.888726 23.79 95355.46
1560118234.9176311 23.82 95354.33
1560118294.9465368 23.84 95352.89
1560118354.9754422 23.86 95353.60
1560118415.0043476 23.88 95354.67
1560118475.0332532 23.86 95353.74
1560118535.0777586 23.87 95356.81
1560118595.106664 23.85 95358.50
1560118655.1355693 23.88 95357.68
1560118715.164475 23.91 95361.33
1560118775.1933804 23.86 95359.71
1560118835.2222857 23.80 95362.24
1560118895.2511911 23.83 95367.55
1560118955.2800965 23.82 95368.22
1560119015.309002 23.80 95366.00
1560119075.3379076 23.81 95370.38
1560119135.366813 23.83 95367.39
1560119195.4113183 23.80 95368.51
1560119255.4402237 23.76 95367.30
1560119315.4691293 23.78 95366.50
1560119375.4980347 23.81 95368.82
1560119435.52694 23.86 95367.46
1560119495.5558453 23.85 95370.76
1560119555.584751 23.79 95369.64
1560119615.6136563 23.82 95367.35
1560119675.6425617 23.78 95371.08
1560119735.6714673 23.78 95373.25
1560119795.7003727 23.84 95372.67
1560119855.7292783 23.75 95372.90
1560119915.7737834 23.78 95371.64
1560119975.802689 23.81 95374.49
1560120035.8315945 23.82 95372.19
1560120095.8604999 23.77 95373.77
1560120155.8894053 23.72 95370.25
1560120215.9183109 23.76 95373.97
1560120275.947216 23.72 95373.66
1560120335.9761217 23.72 95369.99
1560120396.005027 23.74 95371.16
1560120456.0339324 23.75 95376.50
1560120516.062838 23.81 95372.49
1560120576.1073434 23.77 95377.35
1560120636.1362488 23.75 95379.01
1560120696.1651542 23.79 95382.63
1560120756.1940598 23.69 95382.60
1560120816.222965 23.76 95388.83
1560120876.2518706 23.84 95385.49
1560120936.280776 23.83 95384.44
1560120996.3096814 23.84 95386.82
1560121056.3385868 23.77 95387.27
1560121116.3674924 23.72 95384.38
1560121176.3963978 23.74 95392.89
1560121236.4409032 23.84 95386.19
1560121296.4698086 23.81 95393.79
1560121356.483114 23.77 95398.72
1560121416.5276196 23.82 95392.66
1560121476.556525 23.81 95392.35
1560121536.5854306 23.73 95393.26
1560121596.6143358 23.70 95397.08
1560121656.6432412 23.73 95394.25
1560121716.6721468 23.68 95390.07
1560121776.7010522 23.76 95394.57
1560121836.7299576 23.76 95392.17
1560121896.7588632 23.79 95397.15
1560121956.7877684 23.76 95395.24
1560122016.8166738 23.80 95398.53
1560122076.8455791 23.70 95397.52
1560122136.890085 23.67 95400.95
1560122196.9189901 23.71 95399.83
1560122256.9478955 23.66 95403.32
1560122316.976801 23.66 95399.38
1560122377.0057065 23.63 95397.16
1560122437.034612 23.71 95399.23
1560122497.0635173 23.71 95402.24
1560122557.092423 23.68 95401.72
1560122617.121328 23.65 95403.14
1560122677.1502335 23.65 95401.34
1560122737.1791391 23.62 95403.57
1560122797.2236447 23.61 95402.60
1560122857.25255 23.57 95404.03
1560122917.2814555 23.58 95404.08
1560122977.310361 23.59 95400.32
1560123037.3392663 23.69 95403.83
1560123097.3681717 23.71 95399.07
1560123157.3970773 23.71 95402.00
1560123217.4259827 23.71 95401.10
1560123277.454888 23.68 95402.18
1560123337.4837935 23.73 95400.40
1560123397.512699 23.73 95405.44
1560123457.5416043 23.74 95407.82
1560123517.5861096 23.72 95407.32
1560123577.6150155 23.72 95412.05
1560123637.6439207 23.69 95407.67
1560123697.672826 23.77 95408.80
1560123757.7017317 23.73 95408.12
1560123817.730637 23.72 95409.25
1560123877.7595422 23.77 95407.42
1560123937.788448 23.72 95409.05
1560123997.8173532 23.74 95408.52
1560124057.8462586 23.78 95407.24
1560124117.8751643 23.70 95409.53
1560124177.9196694 23.68 95412.17
1560124237.948575 23.77 95413.44
1560124297.9774804 23.78 95411.14
1560124358.0063858 23.80 95414.16
1560124418.0352914 23.78 95414.25
1560124478.0641968 23.78 95412.32
1560124538.0931025 23.77 95408.96
1560124598.1220078 23.76 95406.79
1560124658.150913 23.69 95415.17
1560124718.1798184 23.70 95410.67
1560124778.208724 23.74 95412.89
1560124838.2376294 23.76 95416.32
