1559692917.9972107 25.30 95723.68
1559692978.026116 25.29 95723.61
1559693038.0706215 25.30 95722.64
1559693098.099527 25.33 95723.02
1559693158.1284323 25.31 95724.76
1559693218.1573377 25.32 95724.63
1559693278.186243 25.30 95727.50
1559693338.2151484 25.30 95725.42
1559693398.244054 25.29 95721.10
1559693458.2885597 25.27 95720.42
1559693518.3174648 25.26 95721.03
1559693578.3463702 25.26 95720.16
1559693638.3752759 25.27 95723.44
1559693698.4041812 25.28 95729.83
1559693758.4330866 25.28 95730.57
1559693818.4619923 25.28 95736.03
1559693878.5064976 25.27 95733.32
1559693938.535403 25.29 95741.59
1559693998.5643084 25.28 95736.60
1559694058.593214 25.28 95737.21
1559694118.6221194 25.30 95735.00
1559694178.6510246 25.28 95737.53
1559694238.6955302 25.29 95739.91
1559694298.7244358 25.30 95740.69
1559694358.7533412 25.29 95737.41
1559694418.7822464 25.33 95735.97
1559694478.811152 25.29 95736.67
1559694538.8400574 25.31 95737.48
1559694598.8689628 25.30 95742.00
1559694658.8978684 25.28 95735.36
1559694718.9267738 25.25 95734.35
1559694778.9712791 25.25 95739.77
1559694839.0001845 25.24 95736.56
1559694899.0290902 25.24 95737.06
1559694959.0579956 25.26 95736.89
1559695019.086901 25.25 95741.64
1559695079.115806 25.25 95743.65
1559695139.1447117 25.27 95740.32
1559695199.1892173 25.27 95736.96
1559695259.2181227 25.29 95741.78
1559695319.247028 25.25 95736.96
1559695379.2759335 25.26 95738.33
1559695439.304839 25.26 95736.22
1559695499.3337443 25.26 95739.07
1559695559.37825 25.25 95736.46
1559695619.4071553 25.25 95737.36
1559695679.4360607 25.23 95738.49
1559695739.464966 25.23 95735.75
1559695799.4938717 25.22 95738.39
1559695859.522777 25.21 95740.83
1559695919.5516825 25.22 95743.57
1559695979.5961878 25.23 95741.03
1559696039.6250935 25.23 95741.87
1559696099.6539989 25.24 95745.63
1559696159.6829042 25.23 95743.85
1559696219.7118099 25.25 95745.16
1559696279.740715 25.25 95742.82
1559696339.7696204 25.24 95744.11
1559696399.814126 25.23 95745.49
1559696459.8430314 25.20 95745.11
1559696519.871937 25.24 95746.77
1559696579.9008422 25.21 95746.35
1559696639.9297478 25.24 95744.02
1559696699.9586532 25.22 95743.03
1559696759.9875586 25.24 95742.75
1559696820.032064 25.23 95740.71
1559696880.0609696 25.20 95736.34
1559696940.089875 25.22 95743.41
1559697000.1187804 25.22 95738.39
1559697060.147686 25.21 95738.49
1559697120.1765914 25.20 95741.76
1559697180.2054965 25.21 95741.36
1559697240.2500021 25.21 95746.35
1559697300.2789075 25.20 95748.32
1559697360.3078132 25.22 95746.92
1559697420.3367186 25.19 95746.98
1559697480.3656237 25.19 95745.97
1559697540.3945293 25.23 95748.87
1559697600.439035 25.23 95750.00
1559697660.46794 25.21 95750.97
1559697720.4968457 25.23 95750.67
1559697780.525751 25.19 95749.82
1559697840.5546565 25.19 95750.36
1559697900.583562 25.18 95756.58
1559697960.6124675 25.15 95752.28
1559698020.656973 25.18 95755.82
1559698080.6858783 25.20 95751.46
1559698140.7147837 25.18 95749.18
1559698200.7436893 25.18 95748.45
1559698260.7725947 25.21 95751.20
1559698320.8014998 25.19 95750.66
1559698380.8304055 25.24 95748.43
1559698440.874911 25.23 95751.17
1559698500.9038165 25.23 95748.13
1559698560.9327219 25.22 95751.84
1559698620.9616272 25.20 95751.46
1559698680.9905326 25.18 95750.79
1559698741.019438 25.20 95748.66
1559698801.0483437 25.21 95751.07
1559698861.0928488 25.18 95754.71
1559698921.1217544 25.18 95746.78
1559698981.1506598 25.18 95748.68
1559699041.1795654 25.20 95748.15
1559699101.2084708 25.24 95748.10
1559699161.2373762 25.21 95750.57
1559699221.2662814 25.20 95744.88
1559699281.310787 25.21 95748.56
1559699341.3396926 25.24 95747.60
1559699401.368598 25.18 95746.27
1559699461.3975034 25.18 95742.49
1559699521.4264088 25.18 95743.80
1559699581.4553142 25.18 95743.92
1559699641.4842196 25.18 95742.52
1559699701.5287251 25.18 95745.33
1559699761.5576308 25.19 95745.85
1559699821.586536 25.18 95745.30
1559699881.6154413 25.18 95744.03
1559699941.644347 25.16 95743.15
1559700001.6732523 25.16 95740.88
1559700061.7021577 25.20 95741.42
1559700121.746663 25.18 95737.34
1559700181.7755687 25.16 95738.71
1559700241.804474 25.16 95738.20
1559700301.8333795 25.16 95738.07
1559700361.8622851 25.17 95737.20
1559700421.8911903 25.16 95740.71
1559700481.9200957 25.15 95747.42
1559700541.9646013 25.16 95743.15
1559700601.993507 25.16 95741.54
1559700662.0224123 25.15 95742.58
1559700722.0513175 25.15 95739.17
1559700782.080223 25.15 95736.05
1559700842.1091285 25.16 95736.96
1559700902.1380339 25.15 95740.10
1559700962.1825395 25.14 95739.70
1559701022.2114449 25.17 95739.77
1559701082.2403502 25.17 95740.17
1559701142.2692556 25.15 95739.77
1559701202.2981613 25.13 95740.57
1559701262.3270667 25.17 95743.63
1559701322.355972 25.14 95738.69
1559701382.4004774 25.17 95739.88
1559701442.4293828 25.17 95734.82
1559701502.4582884 25.17 95737.71
1559701562.4871938 25.17 95737.00
1559701622.516099 25.14 95737.09
1559701682.5450046 25.15 95735.25
1559701742.57391 25.16 95734.62
1559701802.6184156 25.16 95728.92
1559701862.647321 25.17 95733.42
1559701922.6762264 25.16 95733.72
1559701982.7051318 25.16 95730.94
1559702042.7340372 25.18 95734.39
1559702102.7629428 25.15 95734.38
1559702162.7918482 25.14 95732.74
1559702222.8207536 25.13 95729.02
1559702282.865259 25.14 95729.79
1559702342.8941646 25.13 95730.92
1559702402.92307 25.12 95727.31
1559702462.9519753 25.12 95724.60
1559702522.980881 25.15 95724.11
1559702583.0097861 25.15 95720.50
1559702643.0386915 25.15 95719.15
1559702703.083197 25.14 95718.52
1559702763.1121025 25.11 95717.67
1559702823.141008 25.15 95716.51
1559702883.1699133 25.13 95714.30
1559702943.198819 25.10 95712.71
1559703003.2277243 25.09 95710.50
1559703063.2566297 25.14 95710.92
1559703123.301135 25.12 95709.04
1559703183.3300407 25.14 95712.06
1559703243.358946 25.16 95709.69
1559703303.3878515 25.13 95704.75
1559703363.416757 25.13 95707.57
1559703423.4456625 25.11 95702.11
1559703483.4745677 25.11 95702.28
1559703543.503473 25.11 95697.63
1559703603.5323787 25.10 95694.47
1559703663.5768843 25.13 95692.35
1559703723.6057897 25.16 95689.44
1559703783.6346948 25.16 95686.93
1559703843.6636004 25.16 95679.90
1559703903.6925058 25.16 95680.51
1559703963.7214112 25.11 95683.07
1559704023.7503169 25.11 95680.53
1559704083.7948222 25.12 95680.53
1559704143.8237276 25.13 95684.58
1559704203.852633 25.14 95685.58
1559704263.8815386 25.12 95684.21
1559704323.9104438 25.13 95684.17
1559704383.9393494 25.14 95686.99
1559704443.9682548 25.13 95677.62
1559704504.0127604 25.13 95676.45
1559704564.0416658 25.12 95675.44
1559704624.070571 25.12 95676.07
1559704684.0994766 25.09 95680.02
1559704744.128382 25.09 95676.85
1559704804.1572874 25.09 95678.28
1559704864.186193 25.10 95673.36
1559704924.2306983 25.07 95672.32
1559704984.2596037 25.07 95668.53
1559705044.2885091 25.07 95660.94
1559705104.3174148 25.08 95661.21
1559705164.3463202 25.10 95661.35
1559705224.3752255 25.12 95656.44
1559705284.4041312 25.07 95657.26
1559705344.4330363 25.07 95661.07
1559705404.477542 25.06 95665.82
1559705464.5064473 25.08 95665.69
1559705524.5353525 25.09 95663.11
1559705584.5642583 25.10 95662.69
1559705644.5931635 25.08 95665.25
1559705704.622069 25.08 95662.21
1559705764.6509745 25.06 95659.30
1559705824.6954799 25.07 95661.41
1559705884.7243853 25.07 95659.43
1559705944.7532907 25.05 95661.24
1559706004.7821963 25.05 95654.48
1559706064.8111017 25.10 95657.74
1559706124.840007 25.07 95660.41
1559706184.8689125 25.07 95662.11
1559706244.913418 25.08 95659.38
1559706304.9423234 25.08 95653.49
1559706364.9712288 25.11 95656.70
1559706425.0001345 25.10 95654.05
1559706485.0290396 25.10 95652.64
1559706545.057945 25.09 95654.75
1559706605.0868506 25.11 95652.52
1559706665.1313562 25.09 95649.07
1559706725.1602614 25.09 95647.60
1559706785.1891668 25.10 95647.30
1559706845.2180724 25.08 95648.66
1559706905.2469778 25.07 95649.89
1559706965.2758832 25.05 95651.97
1559707025.3047888 25.03 95646.91
1559707085.3336942 25.05 95646.08
1559707145.3781996 25.08 95647.63
1559707205.407105 25.08 95645.78
1559707265.4360106 25.07 95646.05
1559707325.464916 25.06 95643.97
1559707385.4938211 25.05 95644.67
1559707445.522727 25.06 95645.47
1559707505.5516322 25.07 95642.94
1559707565.5961378 25.05 95646.01
1559707625.6250432 25.05 95640.89
1559707685.6539483 25.07 95645.18
1559707745.682854 25.09 95641.07
1559707805.7117593 25.07 95638.75
1559707865.7406647 25.07 95639.99
1559707925.7695704 25.05 95639.89
1559707985.7984757 25.05 95631.72
1559708045.842981 25.08 95635.49
1559708105.8718865 25.08 95633.97
1559708165.9007921 25.07 95636.64
1559708225.9296975 25.07 95633.57
1559708285.958603 25.06 95635.11
1559708345.9875083 25.05 95638.68
1559708406.0164137 25.04 95639.96
1559708466.0609193 25.04 95634.10
1559708526.0898247 25.06 95636.61
1559708586.11873 25.05 95627.64
1559708646.1476355 25.05 95626.03
1559708706.1765409 25.04 95620.38
1559708766.2054465 25.03 95613.96
1559708826.2343519 25.04 95614.03
1559708886.2788572 25.06 95617.24
1559708946.3077626 25.05 95616.60
1559709006.3366683 25.04 95609.41
1559709066.3655736 25.09 95609.11
1559709126.394479 25.06 95607.44
1559709186.4233847 25.07 95606.57
1559709246.4522898 25.05 95602.52
1559709306.4811954 25.02 95596.59
1559709366.5257008 25.02 95599.53
1559709426.5546064 25.02 95596.32
1559709486.5835118 25.03 95598.10
1559709546.612417 25.04 95597.80
1559709606.6413226 25.02 95591.91
1559709666.670228 25.02 95592.75
1559709726.6991334 25.00 95593.64
1559709786.7436388 25.01 95592.67
1559709846.7725441 25.00 95590.46
1559709906.8014498 25.01 95592.57
1559709966.8303552 25.01 95587.82
1559710026.8592606 25.00 95586.95
1559710086.8881662 25.00 95585.44
1559710146.9170716 25.00 95584.21
1559710206.9459767 25.02 95588.89
1559710266.9904823 25.02 95587.25
1559710327.019388 25.01 95587.99
1559710387.0482934 25.01 95588.16
1559710447.0771985 25.01 95585.55
1559710507.1061041 25.01 95590.00
1559710567.1350095 25.02 95587.25
1559710627.163915 24.99 95584.00
1559710687.2084205 24.97 95584.80
1559710747.221726 24.99 95579.05
1559710807.2662313 25.02 95581.27
1559710867.2951367 25.03 95581.21
1559710927.3240423 25.02 95581.24
1559710987.3529477 25.07 95578.46
1559711047.381853 25.04 95580.90
1559711107.4107585 25.08 95577.83
1559711167.4396641 25.06 95577.10
1559711227.4841695 25.07 95580.21
1559711287.5130749 25.05 95579.50
1559711347.5419805 25.06 95575.49
1559711407.5708857 25.03 95572.80
1559711467.599791 25.04 95571.10
1559711527.6286967 25.06 95567.69
1559711587.657602 25.03 95570.07
1559711647.7021074 24.99 95574.67
1559711707.7310128 25.00 95568.72
1559711767.7599185 25.02 95570.00
1559711827.7888238 25.01 95567.92
1559711887.8177292 24.98 95567.25
1559711947.8466349 24.99 95568.45
1559712007.8755403 25.02 95567.99
1559712067.9200456 24.98 95570.19
1559712127.948951 24.99 95566.44
1559712187.9778564 24.98 95570.25
1559712248.006762 25.00 95564.27
1559712308.0356672 24.97 95556.60
1559712368.0645728 24.98 95557.24
1559712428.0934782 24.99 95555.24
1559712488.1379836 24.99 95552.29
1559712548.1668892 25.00 95551.82
1559712608.1957943 25.01 95552.75
1559712668.2247 24.99 95554.10
1559712728.2536054 25.01 95551.12
1559712788.2825108 24.97 95552.75
1559712848.3114164 24.95 95550.47
1559712908.3403218 24.94 95549.07
1559712968.3848271 24.95 95548.74
1559713028.4137325 24.97 95545.30
1559713088.4426382 24.97 95546.13
1559713148.4715436 24.99 95543.92
1559713208.500449 24.94 95547.10
1559713268.5293543 24.93 95547.07
1559713328.5582597 24.93 95545.59
1559713388.6027653 24.93 95540.11
1559713448.6316707 24.96 95541.17
1559713508.660576 24.96 95542.32
1559713568.6894815 24.97 95542.11
1559713628.718387 24.97 95538.97
1559713688.7472925 24.96 95533.82
1559713748.776198 24.96 95534.32
1559713808.8051033 24.95 95531.08
1559713868.8496087 24.94 95530.21
1559713928.8785143 24.94 95525.99
1559713988.9074197 24.95 95529.47
1559714048.936325 24.93 95532.55
1559714108.9652307 24.95 95531.55
1559714168.9941359 24.93 95535.32
1559714229.0230412 24.92 95533.42
1559714289.0519466 24.96 95538.50
1559714349.096452 24.96 95536.00
1559714409.1253579 24.93 95534.22
1559714469.154263 24.91 95534.88
1559714529.1831684 24.89 95534.68
1559714589.212074 24.89 95538.69
1559714649.2409794 24.90 95541.21
1559714709.2698848 24.91 95539.74
1559714769.3143902 24.94 95533.45
1559714829.3432958 24.93 95531.54
1559714889.3722012 24.92 95530.44
1559714949.4011066 24.91 95528.42
1559715009.4300122 24.91 95527.86
1559715069.4589174 24.91 95527.35
1559715129.4878228 24.91 95525.12
1559715189.5167284 24.90 95525.28
1559715249.561234 24.91 95529.10
1559715309.5901394 24.92 95530.84
1559715369.6190445 24.91 95527.46
1559715429.6479502 24.92 95526.76
1559715489.6768556 24.88 95524.41
1559715549.705761 24.90 95530.63
1559715609.7346666 24.88 95526.25
1559715669.763572 24.92 95525.32
1559715729.8080773 24.92 95525.49
1559715789.8369827 24.92 95523.61
1559715849.8658884 24.89 95523.41
1559715909.8947937 24.91 95522.61
1559715969.9236991 24.92 95520.60
1559716029.9526045 24.91 95524.45
1559716089.98151 24.91 95523.17
1559716150.0260155 24.93 95522.98
1559716210.054921 24.93 95522.28
1559716270.083826 24.91 95520.67
1559716330.1127317 24.91 95521.67
1559716390.141637 24.88 95521.10
1559716450.1705425 24.86 95517.99
1559716510.199448 24.89 95522.14
1559716570.2283535 24.89 95521.30
1559716630.2728589 24.88 95519.32
1559716690.3017642 24.87 95519.89
1559716750.3306699 24.88 95519.16
1559716810.3595753 24.86 95520.92
1559716870.3884807 24.85 95516.35
1559716930.417386 24.85 95513.67
1559716990.4462914 24.85 95510.50
1559717050.4751968 24.85 95507.95
1559717110.5197024 24.86 95510.25
1559717170.548608 24.85 95503.86
1559717230.5775132 24.85 95503.64
1559717290.6064186 24.88 95505.21
1559717350.6353242 24.89 95504.17
1559717410.6642296 24.92 95501.17
1559717470.693135 24.87 95503.64
1559717530.7220407 24.86 95505.07
1559717590.766546 24.87 95506.35
1559717650.7954514 24.84 95503.67
1559717710.8243568 24.87 95504.14
1559717770.8532622 24.88 95504.71
1559717830.8821678 24.86 95502.67
1559717890.911073 24.86 95503.07
1559717950.9399786 24.86 95503.00
1559718010.968884 24.84 95500.66
1559718070.9977894 24.86 95503.77
1559718131.026695 24.84 95500.72
1559718191.0712004 24.85 95502.77
1559718251.1001058 24.86 95499.52
1559718311.1290112 24.86 95500.09
1559718371.1579168 24.84 95496.75
1559718431.1868222 24.85 95498.45
1559718491.2157276 24.84 95493.36
1559718551.2446327 24.85 95496.28
1559718611.2735384 24.84 95491.39
1559718671.318044 24.84 95489.02
1559718731.3469493 24.84 95487.35
1559718791.3758545 24.84 95487.17
1559718851.4047601 24.85 95486.88
1559718911.4336655 24.84 95483.00
1559718971.462571 24.84 95485.50
1559719031.4914765 24.82 95486.31
1559719091.520382 24.82 95486.47
1559719151.5648873 24.82 95486.35
1559719211.5937927 24.85 95487.05
1559719271.6226983 24.84 95489.19
1559719331.6516037 24.84 95488.96
1559719391.680509 24.84 95490.89
1559719451.7094145 24.83 95488.22
1559719511.7383199 24.82 95489.19
1559719571.7672253 24.83 95484.37
1559719631.8117306 24.86 95487.01
1559719691.8406365 24.83 95485.64
1559719751.8695416 24.82 95485.34
1559719811.898447 24.81 95479.85
1559719871.9273527 24.81 95481.09
1559719931.956258 24.83 95481.86
1559719991.9851635 24.82 95482.13
1559720052.014069 24.82 95485.34
1559720112.0585744 24.86 95487.96
1559720172.0874798 24.85 95486.08
1559720232.1163852 24.82 95485.00
1559720292.1452909 24.84 95491.69
1559720352.1741962 24.83 95487.82
1559720412.2031014 24.84 95488.72
1559720472.232007 24.82 95489.52
1559720532.2609124 24.81 95491.28
1559720592.305418 24.81 95492.73
1559720652.3343232 24.83 95492.66
1559720712.3632286 24.82 95495.88
1559720772.3921342 24.84 95500.26
1559720832.4210396 24.82 95495.67
1559720892.449945 24.82 95495.61
1559720952.4788506 24.83 95496.91
1559721012.5077558 24.80 95493.89
1559721072.5522614 24.80 95499.25
1559721132.5811667 24.80 95502.96
1559721192.6100724 24.83 95503.20
1559721252.6389778 24.82 95506.58
1559721312.667883 24.81 95506.00
1559721372.6967885 24.82 95506.41
1559721432.725694 24.82 95509.08
1559721492.7545993 24.82 95508.58
1559721552.799105 24.80 95506.60
1559721612.8280103 24.81 95509.96
1559721672.8569157 24.78 95505.94
1559721732.885821 24.79 95509.51
1559721792.9147267 24.79 95509.25
1559721852.9436321 24.78 95508.94
1559721912.9725375 24.78 95509.78
1559721973.001443 24.80 95511.09
1559722033.0459485 24.77 95506.03
1559722093.074854 24.79 95501.78
1559722153.1037593 24.80 95507.47
1559722213.1326647 24.84 95501.66
1559722273.16157 24.81 95498.99
1559722333.1904755 24.83 95495.85
1559722393.219381 24.81 95497.58
1559722453.2482865 24.78 95494.57
1559722513.2927918 24.79 95500.15
1559722573.3216972 24.80 95499.35
1559722633.3506029 24.77 95499.01
1559722693.3795083 24.77 95498.85
1559722753.4084136 24.77 95496.94
1559722813.4373193 24.76 95497.30
1559722873.4662244 24.74 95497.71
1559722933.4951298 24.76 95500.61
1559722993.5396354 24.78 95498.91
1559723053.5685406 24.75 95497.00
1559723113.5974464 24.76 95499.04
1559723173.6263516 24.77 95498.98
1559723233.655257 24.72 95503.22
1559723293.6841626 24.75 95501.68
1559723353.713068 24.77 95498.28
1559723413.7419734 24.77 95495.10
1559723473.7864788 24.77 95500.95
1559723533.8153844 24.75 95495.57
1559723593.8442898 24.76 95498.14
1559723653.8731952 24.76 95496.13
1559723713.9021008 24.75 95496.33
1559723773.9310062 24.74 95498.24
1559723833.9599113 24.74 95499.21
1559723893.988817 24.74 95499.38
1559723954.0177224 24.76 95500.05
1559724014.062228 24.77 95498.11
1559724074.091133 24.76 95498.91
1559724134.1200387 24.77 95498.14
1559724194.1489441 24.75 95502.96
1559724254.1778495 24.71 95499.57
1559724314.2067552 24.75 95502.58
1559724374.2356606 24.77 95501.12
1559724434.264566 24.75 95501.92
1559724494.2934713 24.76 95502.32
1559724554.3223767 24.73 95504.69
1559724614.3668823 24.73 95506.66
1559724674.3957877 24.74 95510.94
1559724734.424693 24.75 95511.99
1559724794.4535985 24.75 95512.28
1559724854.482504 24.75 95507.71
1559724914.5114095 24.75 95510.98
1559724974.540315 24.73 95516.92
1559725034.5692203 24.70 95514.02
1559725094.6137257 24.69 95514.67
1559725154.642631 24.70 95516.49
1559725214.6715367 24.71 95515.62
1559725274.700442 24.71 95520.21
1559725334.7293475 24.76 95522.89
1559725394.7582529 24.74 95526.19
1559725454.7871585 24.76 95528.21
1559725514.8160636 24.74 95526.66
1559725574.8449693 24.71 95533.08
1559725634.8894749 24.73 95532.75
1559725694.91838 24.72 95532.47
1559725754.9472854 24.70 95534.67
1559725814.976191 24.74 95531.38
1559725875.0050964 24.70 95532.91
1559725935.0340018 24.74 95535.32
1559725995.0629075 24.71 95534.99
1559726055.0918126 24.69 95532.30
1559726115.1363182 24.68 95530.22
1559726175.1652236 24.69 95532.03
1559726235.1941292 24.68 95533.50
1559726295.2230346 24.69 95534.75
1559726355.2519398 24.70 95535.41
1559726415.2808454 24.70 95541.77
1559726475.3097508 24.68 95545.24
1559726535.3386562 24.65 95542.13
1559726595.3831615 24.67 95542.89
1559726655.4120674 24.70 95548.59
1559726715.4409726 24.69 95549.63
1559726775.469878 24.69 95554.37
1559726835.4987836 24.70 95557.11
1559726895.527689 24.68 95552.39
1559726955.5565941 24.69 95555.44
1559727015.5855 24.66 95555.13
1559727075.6144052 24.64 95554.75
1559727135.6589108 24.65 95559.17
1559727195.6878161 24.65 95563.28
1559727255.7167213 24.63 95560.88
1559727315.745627 24.66 95562.42
1559727375.7745323 24.64 95564.02
1559727435.8034377 24.64 95569.64
1559727495.8323433 24.66 95576.86
1559727555.8612487 24.68 95572.16
1559727615.905754 24.66 95573.92
1559727675.9346595 24.67 95572.25
1559727735.963565 24.68 95576.47
1559727795.9924705 24.65 95579.81
1559727856.021376 24.63 95576.25
1559727916.0502813 24.62 95577.36
1559727976.0791867 24.62 95582.14
1559728036.108092 24.62 95583.88
1559728096.1369977 24.63 95581.77
1559728156.181503 24.62 95582.41
1559728216.2104084 24.62 95584.71
1559728276.2393138 24.62 95583.88
1559728336.2682195 24.65 95586.36
1559728396.2971249 24.64 95585.75
1559728456.3260303 24.61 95588.25
1559728516.354936 24.63 95590.10
1559728576.3838413 24.64 95590.71
1559728636.4127464 24.63 95594.47
1559728696.457252 24.62 95596.25
1559728756.4861577 24.63 95602.67
1559728816.5150628 24.61 95605.85
1559728876.5439684 24.62 95608.61
1559728936.5728738 24.60 95609.35
1559728996.6017792 24.61 95608.99
1559729056.6306846 24.63 95613.17
1559729116.6595902 24.68 95611.02
1559729176.7040956 24.64 95610.10
1559729236.733001 24.66 95610.80
1559729296.7619064 24.64 95617.11
1559729356.790812 24.61 95614.40
1559729416.8197174 24.62 95611.46
1559729476.8486226 24.63 95617.05
1559729536.8775284 24.62 95613.33
1559729596.9064336 24.62 95617.65
1559729656.935339 24.63 95617.11
1559729716.9798446 24.59 95620.00
1559729777.0087497 24.62 95622.16
1559729837.0376554 24.65 95620.60
1559729897.0665607 24.63 95620.72
1559729957.0954661 24.65 95617.62
1559730017.1243718 24.63 95623.80
1559730077.1532772 24.60 95621.32
1559730137.1821826 24.63 95626.14
1559730197.211088 24.64 95625.47
1559730257.2399933 24.61 95625.71
1559730317.2688987 24.59 95624.02
1559730377.3134043 24.61 95624.07
1559730437.34231 24.63 95625.31
1559730497.371215 24.60 95623.15
1559730557.4001205 24.61 95620.02
1559730617.4290261 24.65 95621.80
1559730677.4579315 24.64 95627.38
1559730737.486837 24.62 95625.67
1559730797.5157425 24.61 95625.13
1559730857.560248 24.62 95626.11
1559730917.5891533 24.61 95628.64
1559730977.6180587 24.59 95629.44
1559731037.6469643 24.63 95632.10
1559731097.6758697 24.59 95632.14
1559731157.7047749 24.57 95634.94
1559731217.7336805 24.58 95637.09
1559731277.7625859 24.60 95641.55
1559731337.7914913 24.61 95642.08
1559731397.8359966 24.61 95643.69
1559731457.8649023 24.60 95644.52
1559731517.8938076 24.56 95645.91
1559731577.922713 24.60 95644.89
1559731637.9516187 24.60 95640.71
1559731697.980524 24.59 95638.16
1559731758.0094295 24.59 95645.59
1559731818.0383346 24.58 95645.45
1559731878.0672402 24.58 95648.19
1559731938.1117458 24.57 95643.77
1559731998.1406512 24.61 95647.53
1559732058.1695564 24.60 95646.96
1559732118.198462 24.62 95644.39
1559732178.2273674 24.60 95647.63
1559732238.2562728 24.62 95649.24
1559732298.2851784 24.61 95649.77
1559732358.3140838 24.58 95651.93
1559732418.3429892 24.55 95654.36
1559732478.3874946 24.59 95655.72
1559732538.4164002 24.58 95658.82
1559732598.4453056 24.60 95656.10
1559732658.474211 24.61 95656.23
1559732718.5031164 24.59 95657.69
1559732778.5320218 24.57 95657.99
1559732838.5609272 24.56 95658.64
1559732898.5898328 24.63 95662.08
1559732958.6343384 24.61 95663.02
1559733018.6632435 24.62 95659.44
1559733078.692149 24.61 95659.88
1559733138.7210546 24.62 95660.28
1559733198.74996 24.60 95659.73
1559733258.7788653 24.61 95659.30
1559733318.807771 24.60 95658.27
1559733378.8366761 24.59 95662.53
1559733438.8655818 24.59 95660.53
1559733498.910087 24.57 95664.87
1559733558.9389927 24.59 95666.08
1559733618.9678981 24.57 95665.54
1559733678.9968033 24.58 95670.92
1559733739.025709 24.59 95667.49
1559733799.0546143 24.59 95671.74
1559733859.0835197 24.59 95670.07
1559733919.1124253 24.60 95669.97
1559733979.1413307 24.62 95672.92
1559734039.185836 24.58 95674.97
1559734099.2147415 24.57 95675.36
1559734159.2436469 24.62 95678.36
1559734219.2725525 24.61 95677.72
1559734279.301458 24.57 95679.92
1559734339.330363 24.55 95681.38
1559734399.3592687 24.55 95679.07
1559734459.388174 24.55 95682.25
1559734519.4326797 24.57 95681.89
1559734579.4615848 24.58 95682.56
1559734639.4904904 24.57 95688.41
1559734699.5193958 24.57 95691.75
1559734759.5483012 24.59 95689.39
1559734819.5772069 24.59 95692.07
1559734879.6061122 24.58 95692.49
1559734939.6350176 24.57 95687.67
1559734999.6639233 24.57 95689.78
1559735059.7084286 24.58 95687.50
1559735119.737334 24.56 95688.63
1559735179.7662394 24.53 95686.32
1559735239.7951448 24.55 95682.07
1559735299.8240502 24.59 95688.28
1559735359.8529556 24.57 95689.74
1559735419.8818612 24.56 95689.57
1559735479.9107666 24.57 95690.78
1559735539.939672 24.58 95688.98
1559735599.9685774 24.59 95687.98
1559735659.997483 24.57 95689.27
1559735720.0419884 24.56 95690.74
1559735780.0708938 24.56 95689.91
1559735840.0997994 24.56 95687.23
1559735900.1287045 24.57 95691.44
1559735960.15761 24.57 95694.52
1559736020.1865156 24.54 95696.01
1559736080.215421 24.59 95700.64
1559736140.2443264 24.57 95695.13
1559736200.273232 24.56 95703.01
1559736260.317737 24.54 95710.08
1559736320.3466427 24.54 95706.21
1559736380.3755481 24.56 95704.75
1559736440.4044535 24.57 95707.00
1559736500.4333591 24.58 95704.72
1559736560.4622645 24.56 95708.77
1559736620.4911697 24.57 95708.33
1559736680.5200753 24.55 95707.15
1559736740.5489807 24.58 95710.78
1559736800.593486 24.61 95704.94
1559736860.6223917 24.57 95704.82
1559736920.651297 24.60 95707.71
1559736980.6802025 24.61 95708.75
1559737040.7091079 24.59 95711.02
1559737100.7380135 24.60 95703.24
1559737160.766919 24.60 95706.08
1559737220.7958243 24.58 95711.91
1559737280.8403296 24.61 95708.49
1559737340.8692353 24.63 95706.99
1559737400.8981407 24.58 95705.53
1559737460.9270458 24.61 95706.14
1559737520.9559517 24.64 95707.90
1559737580.9848568 24.59 95712.89
1559737641.0137622 24.62 95717.78
1559737701.0426679 24.60 95718.94
1559737761.0715733 24.58 95722.08
1559737821.1160786 24.62 95719.46
1559737881.144984 24.60 95716.10
1559737941.1738896 24.61 95716.41
1559738001.202795 24.58 95718.97
1559738061.2317004 24.56 95713.47
1559738121.2606058 24.57 95716.02
1559738181.2895114 24.58 95712.64
1559738241.3184166 24.58 95711.91
1559738301.3473222 24.60 95715.60
1559738361.3918278 24.62 95714.98
1559738421.4207332 24.63 95716.69
1559738481.4496384 24.62 95717.46
1559738541.4785438 24.60 95719.25
1559738601.5074494 24.60 95724.92
1559738661.5363548 24.58 95724.52
1559738721.5652602 24.59 95726.93
1559738781.5941658 24.60 95728.78
1559738841.623071 24.58 95726.83
1559738901.6675766 24.57 95726.45
1559738961.696482 24.57 95725.55
1559739021.7253876 24.58 95721.94
1559739081.754293 24.63 95723.67
1559739141.783198 24.60 95723.53
1559739201.8121037 24.62 95726.52
1559739261.8410091 24.62 95725.97
1559739321.8699145 24.60 95729.11
1559739381.8988202 24.62 95729.32
1559739441.9433255 24.66 95725.93
1559739501.972231 24.61 95727.88
1559739562.0011363 24.64 95729.13
1559739622.030042 24.64 95727.46
1559739682.058947 24.60 95724.13
1559739742.0878527 24.60 95721.45
1559739802.116758 24.61 95716.41
1559739862.1456635 24.62 95714.71
1559739922.190169 24.59 95717.21
1559739982.2190742 24.62 95714.55
1559740042.2479799 24.62 95712.94
1559740102.2768853 24.62 95711.63
1559740162.3057907 24.59 95715.71
1559740222.3346963 24.59 95719.24
1559740282.3636017 24.61 95720.25
1559740342.392507 24.63 95723.88
1559740402.4214127 24.66 95719.31
1559740462.465918 24.62 95722.40
1559740522.4948235 24.60 95715.57
1559740582.5237288 24.60 95711.49
1559740642.5526345 24.62 95716.89
1559740702.5815396 24.61 95716.32
1559740762.610445 24.63 95713.17
1559740822.6393504 24.66 95711.46
1559740882.668256 24.62 95710.43
1559740942.6971614 24.61 95714.17
1559741002.7260668 24.63 95710.67
1559741062.7549725 24.62 95717.55
1559741122.7994778 24.59 95719.98
1559741182.8283832 24.60 95716.57
1559741242.8572886 24.64 95709.80
1559741302.8861942 24.67 95709.92
1559741362.9150994 24.67 95709.38
1559741422.9440048 24.64 95713.99
1559741482.9729104 24.65 95705.39
1559741543.0018158 24.67 95707.85
1559741603.0307212 24.68 95708.42
1559741663.0752265 24.65 95704.96
1559741723.1041322 24.65 95704.56
1559741783.1330376 24.61 95700.19
1559741843.161943 24.64 95704.46
1559741903.1908486 24.65 95699.67
1559741963.219754 24.64 95702.11
1559742023.2486591 24.66 95697.67
1559742083.277565 24.67 95696.51
1559742143.3220704 24.70 95697.89
1559742203.3509758 24.70 95696.55
1559742263.3798811 24.67 95691.10
1559742323.4087865 24.63 95689.10
1559742383.437692 24.66 95686.10
1559742443.4665973 24.72 95682.52
1559742503.495503 24.74 95681.50
1559742563.5244083 24.76 95677.13
1559742623.5533137 24.74 95674.94
1559742683.597819 24.73 95678.48
1559742743.6267247 24.71 95674.96
1559742803.65563 24.75 95677.99
1559742863.6845355 24.73 95673.63
1559742923.7134411 24.72 95672.10
1559742983.7423463 24.66 95666.32
1559743043.7712517 24.73 95673.10
1559743103.800157 24.78 95665.79
1559743163.8446627 24.77 95668.60
1559743223.873568 24.75 95666.22
1559743283.9024737 24.74 95662.60
1559743343.9313788 24.75 95659.36
1559743403.9602845 24.73 95655.30
1559743463.9891899 24.73 95656.38
1559743524.0180953 24.77 95658.13
1559743584.0470006 24.76 95658.80
1559743644.0759063 24.77 95658.20
1559743704.1204116 24.77 95655.19
1559743764.149317 24.77 95656.46
1559743824.1782227 24.75 95648.49
1559743884.2071278 24.78 95649.27
1559743944.2360332 24.78 95646.93
1559744004.2649388 24.84 95648.60
1559744064.2938442 24.86 95643.41
1559744124.3227496 24.80 95636.17
1559744184.367255 24.75 95629.86
1559744244.3961606 24.72 95627.51
1559744304.425066 24.77 95617.36
1559744364.4539714 24.75 95624.48
1559744424.482877 24.77 95616.69
1559744484.5117824 24.77 95618.17
1559744544.5406876 24.77 95613.65
1559744604.5695932 24.76 95611.47
1559744664.6140988 24.75 95607.25
1559744724.6430042 24.80 95605.43
1559744784.6719093 24.82 95604.57
1559744844.700815 24.81 95608.38
1559744904.7297204 24.76 95607.83
1559744964.7586257 24.77 95605.22
1559745024.7875314 24.74 95598.19
1559745084.8164368 24.82 95604.91
1559745144.8609421 24.81 95598.25
1559745204.8898475 24.80 95599.55
1559745264.918753 24.79 95600.14
1559745324.9476585 24.76 95595.62
1559745384.976564 24.77 95597.30
1559745445.005469 24.75 95594.82
1559745505.034375 24.75 95603.51
1559745565.06328 24.78 95597.74
1559745625.1077857 24.78 95596.00
1559745685.136691 24.76 95593.38
1559745745.1655965 24.75 95589.96
1559745805.1945019 24.76 95589.43
1559745865.2234073 24.78 95590.08
1559745925.252313 24.83 95588.65
1559745985.2812183 24.79 95594.53
1559746045.3101237 24.71 95590.69
1559746105.354629 24.75 95594.89
1559746165.3835347 24.75 95598.93
1559746225.41244 24.78 95599.24
1559746285.4413455 24.76 95596.19
1559746345.470251 24.79 95594.63
1559746405.4991562 24.77 95598.00
1559746465.5280616 24.77 95595.63
1559746525.5569673 24.80 95595.33
1559746585.5858727 24.76 95597.42
1559746645.614778 24.78 95598.57
1559746705.6592834 24.77 95600.71
1559746765.688189 24.77 95601.51
1559746825.7170944 24.78 95604.28
1559746885.7459998 24.79 95598.31
1559746945.7749054 24.75 95599.07
1559747005.8038108 24.74 95596.28
1559747065.8327162 24.76 95597.10
1559747125.8616216 24.78 95600.28
1559747185.890527 24.78 95595.73
1559747245.9350326 24.78 95596.50
1559747305.9639378 24.74 95597.22
1559747365.9928436 24.70 95591.28
1559747426.0217488 24.69 95593.72
1559747486.0506542 24.72 95584.81
1559747546.0795596 24.70 95588.08
1559747606.1084652 24.77 95592.78
1559747666.1373706 24.75 95595.58
1559747726.181876 24.75 95590.47
1559747786.2107813 24.69 95592.09
1559747846.239687 24.73 95586.78
1559747906.2685924 24.74 95589.03
1559747966.2974975 24.69 95586.97
1559748026.3264031 24.68 95584.00
1559748086.3553085 24.72 95583.37
1559748146.384214 24.72 95580.80
1559748206.4287195 24.73 95579.83
1559748266.457625 24.76 95578.07
1559748326.4865303 24.75 95574.58
1559748386.5154357 24.74 95570.37
1559748446.5443413 24.72 95563.71
1559748506.5732467 24.74 95566.66
1559748566.602152 24.74 95560.30
1559748626.6310577 24.75 95565.99
1559748686.659963 24.74 95562.35
1559748746.7044685 24.70 95553.97
1559748806.7333739 24.73 95554.18
1559748866.7622795 24.75 95551.78
1559748926.791185 24.72 95547.03
1559748986.82009 24.70 95542.44
1559749046.8489957 24.73 95545.55
1559749106.877901 24.75 95545.22
1559749166.9068065 24.73 95542.48
1559749226.9513118 24.74 95534.75
1559749286.9802175 24.74 95532.42
1559749347.0091228 24.74 95531.17
1559749407.0380282 24.73 95527.80
1559749467.0669339 24.72 95523.85
1559749527.095839 24.79 95524.30
1559749587.1247447 24.77 95523.22
1559749647.1536498 24.76 95522.69
1559749707.1825554 24.77 95517.60
1559749767.227061 24.74 95516.53
1559749827.2559662 24.75 95516.90
1559749887.2848716 24.78 95519.41
1559749947.3137772 24.76 95507.50
1559750007.3426826 24.76 95507.00
1559750067.371588 24.75 95503.69
1559750127.4004936 24.73 95507.40
1559750187.429399 24.75 95501.96
1559750247.4739044 24.74 95499.78
1559750307.5028098 24.72 95497.50
1559750367.5317154 24.73 95492.38
1559750427.5606208 24.74 95489.24
1559750487.5895262 24.77 95490.46
1559750547.6184316 24.75 95487.53
1559750607.647337 24.76 95482.22
1559750667.6762424 24.71 95479.75
1559750727.7207477 24.75 95481.96
1559750787.7496536 24.74 95481.58
1559750847.7785587 24.74 95476.47
1559750907.8074641 24.71 95477.97
1559750967.8363698 24.70 95471.88
1559751027.8652751 24.73 95471.78
1559751087.8941805 24.76 95470.72
1559751147.9230862 24.77 95477.57
1559751207.9519913 24.76 95474.80
1559751267.996497 24.74 95476.37
1559751328.0254023 24.72 95474.03
1559751388.0543077 24.74 95465.97
1559751448.0832133 24.75 95466.74
1559751508.1121185 24.74 95463.83
1559751568.141024 24.76 95464.13
1559751628.1699295 24.75 95463.07
1559751688.198835 24.76 95463.69
1559751748.2433403 24.77 95460.42
1559751808.2722456 24.72 95455.97
1559751868.3011513 24.70 95454.29
1559751928.3300567 24.71 95452.05
1559751988.358962 24.73 95450.68
1559752048.3878677 24.72 95446.77
1559752108.416773 24.75 95450.28
1559752168.4456782 24.79 95448.11
1559752228.4745839 24.78 95445.91
1559752288.5034893 24.79 95440.12
1559752348.5323946 24.74 95439.52
1559752408.5769 24.73 95435.64
1559752468.6058056 24.74 95433.20
1559752528.634711 24.76 95428.25
1559752588.6636164 24.76 95423.63
1559752648.692522 24.77 95428.28
1559752708.7214274 24.79 95425.58
1559752768.7503328 24.75 95420.19
1559752828.7792382 24.73 95420.06
1559752888.8237438 24.74 95417.51
1559752948.8526492 24.75 95414.57
1559753008.8815546 24.72 95416.85
1559753068.91046 24.74 95421.50
1559753128.9393654 24.76 95417.82
1559753188.9682708 24.77 95409.42
1559753248.9971764 24.75 95410.72
1559753309.0260818 24.74 95408.02
1559753369.0705872 24.77 95410.76
1559753429.0994925 24.76 95403.84
1559753489.1283982 24.76 95404.74
1559753549.1573036 24.75 95399.63
1559753609.186209 24.74 95400.89
1559753669.2151146 24.78 95399.69
1559753729.2440197 24.77 95393.97
1559753789.2729251 24.78 95391.90
1559753849.3018308 24.77 95392.21
1559753909.3463364 24.79 95389.63
1559753969.3752418 24.79 95392.10
1559754029.404147 24.77 95392.44
1559754089.4330523 24.76 95399.25
1559754149.461958 24.74 95395.88
1559754209.4908633 24.76 95393.60
1559754269.5197687 24.76 95396.61
1559754329.5486743 24.76 95391.73
1559754389.5931797 24.77 95390.53
1559754449.622085 24.75 95389.83
1559754509.6509905 24.77 95382.67
1559754569.679896 24.75 95382.20
1559754629.7088013 24.79 95382.77
1559754689.7377067 24.79 95381.27
1559754749.7666123 24.78 95378.96
1559754809.7955177 24.82 95376.14
1559754869.8400233 24.78 95379.36
1559754929.8689284 24.81 95377.96
1559754989.897834 24.80 95381.46
1559755049.9267395 24.81 95378.52
1559755109.9556448 24.81 95375.41
1559755169.9845505 24.78 95378.02
1559755230.0134559 24.79 95376.32
1559755290.042361 24.77 95375.75
1559755350.0868666 24.78 95374.85
1559755410.1157722 24.80 95373.14
1559755470.1446776 24.79 95370.57
1559755530.173583 24.78 95368.82
1559755590.2024884 24.81 95365.04
1559755650.2313938 24.81 95362.30
1559755710.2602992 24.80 95363.64
1559755770.2892048 24.80 95366.11
1559755830.3181102 24.82 95366.85
1559755890.3626156 24.79 95363.71
1559755950.391521 24.77 95366.92
1559756010.4204266 24.79 95368.52
1559756070.449332 24.82 95372.03
1559756130.4782374 24.80 95368.52
1559756190.507143 24.79 95372.74
1559756250.5360482 24.80 95368.92
1559756310.5649536 24.78 95365.98
1559756370.6094592 24.78 95362.30
1559756430.6383646 24.77 95364.52
1559756490.66727 24.82 95362.33
1559756550.6961753 24.83 95357.78
1559756610.7250807 24.84 95354.50
1559756670.7539864 24.80 95354.54
1559756730.7828918 24.81 95351.53
1559756790.8117971 24.80 95355.11
1559756850.8563025 24.80 95349.80
1559756910.8852081 24.79 95352.97
1559756970.9141135 24.79 95351.50
1559757030.943019 24.78 95350.27
1559757090.9719245 24.80 95351.40
1559757151.0008297 24.82 95354.74
1559757211.0297353 24.83 95351.63
1559757271.0586407 24.80 95353.94
1559757331.1031463 24.81 95355.51
1559757391.1320517 24.83 95360.46
1559757451.1609569 24.84 95361.30
1559757511.1898625 24.83 95356.55
1559757571.218768 24.80 95359.60
1559757631.2476733 24.79 95361.53
1559757691.276579 24.81 95366.08
1559757751.3054843 24.85 95365.00
1559757811.3343894 24.82 95363.00
1559757871.363295 24.83 95359.66
1559757931.3922005 24.85 95362.00
1559757991.436706 24.85 95357.78
1559758051.4656115 24.85 95362.16
1559758111.4945168 24.84 95359.60
1559758171.5234222 24.85 95357.21
1559758231.5523276 24.88 95357.04
1559758291.5812333 24.87 95359.15
1559758351.6101387 24.87 95363.93
1559758411.639044 24.86 95359.62
1559758471.6835494 24.88 95359.39
1559758531.7124548 24.84 95357.75
1559758591.7413604 24.86 95361.53
1559758651.7702658 24.85 95363.64
1559758711.799171 24.84 95363.10
1559758771.8280768 24.84 95358.75
1559758831.856982 24.83 95362.53
1559758891.8858874 24.85 95360.56
1559758951.930393 24.88 95356.94
1559759011.9592984 24.83 95355.88
1559759071.9882038 24.84 95360.86
1559759132.0171092 24.87 95358.82
1559759192.0460148 24.84 95357.78
1559759252.0749202 24.83 95359.96
1559759312.1038256 24.81 95358.46
1559759372.132731 24.83 95357.96
1559759432.1772366 24.83 95358.15
1559759492.206142 24.82 95354.97
1559759552.2350473 24.85 95351.30
1559759612.263953 24.82 95352.86
1559759672.2928581 24.85 95357.82
1559759732.3217635 24.86 95356.44
1559759792.3506691 24.86 95357.28
1559759852.3795745 24.82 95356.58
1559759912.42408 24.83 95357.85
1559759972.4529853 24.85 95354.37
1559760032.481891 24.86 95352.83
1559760092.5107963 24.85 95353.53
1559760152.5397017 24.85 95359.39
1559760212.5686073 24.85 95358.45
1559760272.5975127 24.85 95355.94
1559760332.626418 24.82 95350.89
1559760392.6709235 24.84 95358.12
1559760452.699829 24.83 95354.17
1559760512.7287345 24.82 95350.39
1559760572.7576396 24.82 95351.63
1559760632.7865455 24.84 95353.17
1559760692.8154507 24.85 95353.71
1559760752.844356 24.90 95353.96
1559760812.8732615 24.90 95354.39
1559760872.9177668 24.88 95356.17
1559760932.9466724 24.88 95354.21
1559760992.9755778 24.85 95358.15
1559761053.0044832 24.88 95358.44
1559761113.0333889 24.87 95356.14
1559761173.0622942 24.87 95359.49
1559761233.0911994 24.87 95358.85
1559761293.1201053 24.87 95359.32
1559761353.1646106 24.88 95356.88
1559761413.193516 24.86 95352.83
1559761473.2224214 24.86 95355.17
1559761533.2513268 24.88 95354.53
1559761593.2802322 24.88 95354.94
1559761653.3091376 24.88 95352.53
1559761713.3380432 24.90 95355.64
1559761773.3669486 24.88 95353.43
1559761833.411454 24.88 95357.51
1559761893.4403594 24.86 95351.76
1559761953.469265 24.87 95351.29
1559762013.4981704 24.86 95354.17
1559762073.5270758 24.86 95351.33
1559762133.5559814 24.85 95349.96
1559762193.5848868 24.88 95354.33
1559762253.613792 24.87 95359.59
1559762313.6582975 24.86 95358.22
1559762373.6872032 24.84 95360.80
1559762433.7161083 24.84 95359.42
1559762493.745014 24.87 95357.67
1559762553.7739193 24.89 95359.35
1559762613.8028247 24.91 95362.19
1559762673.8317301 24.86 95365.27
1559762733.8606358 24.89 95363.80
1559762793.9051409 24.86 95365.41
1559762853.9340465 24.85 95363.33
1559762913.962952 24.84 95365.97
1559762973.9918573 24.81 95364.14
1559763034.020763 24.82 95370.46
1559763094.049668 24.91 95370.22
1559763154.078574 25.02 95367.42
1559763214.107479 25.13 95366.14
1559763274.1519847 24.99 95371.94
1559763334.18089 24.96 95365.07
1559763394.2097952 24.97 95365.76
1559763454.2387009 24.95 95365.72
1559763514.2676063 24.93 95362.39
1559763574.2965117 24.92 95366.88
1559763634.3254173 24.97 95360.07
1559763694.3543227 24.99 95365.25
1559763754.398087 25.07 95364.34
1559763814.4267392 24.99 95362.95
1559763874.4601731 25.03 95366.89
1559763934.4821303 25.01 95364.72
1559763994.5110357 24.92 95368.17
1559764054.539941 24.88 95364.14
1559764114.5688467 24.92 95364.10
1559764174.6133518 24.93 95364.50
1559764234.6422575 24.94 95363.19
1559764294.6711628 24.94 95361.68
1559764354.7000682 24.94 95365.27
1559764414.7289739 24.95 95365.42
1559764474.757879 24.93 95368.64
1559764534.7867844 24.95 95376.10
1559764594.83129 24.99 95372.48
1559764654.8601956 24.99 95372.42
1559764714.8891008 24.96 95372.42
1559764774.9180062 24.94 95374.73
1559764834.9469118 24.93 95373.16
1559764894.9758172 24.93 95372.19
1559764955.0047226 24.93 95371.35
1559765015.0336282 24.91 95373.60
1559765075.0781336 24.89 95374.39
1559765135.107039 24.93 95375.13
1559765195.1359444 24.93 95373.80
1559765255.16485 24.94 95377.91
1559765315.1937554 24.93 95374.80
1559765375.2226605 24.91 95379.96
1559765435.2515662 24.91 95372.42
1559765495.2960718 24.92 95376.53
1559765555.324977 24.95 95377.21
1559765615.3538826 24.94 95380.68
1559765675.382788 24.92 95375.74
1559765735.4116933 24.91 95379.85
1559765795.4405987 24.92 95381.32
1559765855.4695044 24.90 95379.78
1559765915.4984095 24.92 95381.66
1559765975.542915 24.91 95383.60
1559766035.5718205 24.91 95382.96
1559766095.6007261 24.96 95386.24
1559766155.6296315 24.90 95384.10
1559766215.658537 24.92 95388.32
1559766275.687442 24.91 95388.11
1559766335.7163477 24.92 95391.42
1559766395.7608533 24.90 95386.17
1559766455.7897587 24.91 95389.55
1559766515.818664 24.90 95387.58
1559766575.8475695 24.89 95385.88
1559766635.8764749 24.90 95387.67
1559766695.9053802 24.87 95384.24
1559766755.9342859 24.90 95384.10
1559766815.9631913 24.90 95380.99
1559766876.0076966 24.91 95379.68
1559766936.036602 24.89 95385.21
1559766996.0655077 24.90 95386.61
1559767056.094413 24.90 95386.67
1559767116.1233182 24.90 95387.61
1559767176.152224 24.91 95390.78
1559767236.1811292 24.89 95391.19
1559767296.2100346 24.89 95394.30
1559767356.2545402 24.88 95396.74
1559767416.2834456 24.91 95393.67
1559767476.312351 24.92 95393.19
1559767536.3412564 24.93 95393.03
1559767596.370162 24.91 95393.39
1559767656.3990674 24.90 95390.35
1559767716.4279728 24.88 95390.89
1559767776.4568784 24.88 95383.70
1559767836.5013838 24.87 95384.57
1559767896.5302892 24.86 95388.85
1559767956.5591946 24.92 95388.78
1559768016.5881002 24.92 95386.97
1559768076.6170056 24.86 95388.02
1559768136.6459107 24.89 95384.50
1559768196.6748164 24.91 95385.53
1559768256.7037218 24.88 95387.44
1559768316.7482271 24.86 95386.94
1559768376.7771327 24.89 95385.61
1559768436.806038 24.91 95390.05
1559768496.8349435 24.87 95389.52
1559768556.863849 24.91 95391.39
1559768616.8927543 24.88 95391.32
1559768676.92166 24.87 95391.69
1559768736.9505653 24.87 95387.75
1559768796.9950707 24.86 95394.74
1559768857.023976 24.89 95391.06
1559768917.0528817 24.89 95393.60
1559768977.0817869 24.88 95391.99
1559769037.1106925 24.88 95394.00
1559769097.139598 24.92 95398.78
1559769157.1685033 24.88 95397.01
1559769217.1974087 24.89 95394.07
1559769277.241914 24.87 95396.64
1559769337.2708197 24.88 95397.41
1559769397.299725 24.89 95400.42
1559769457.3286304 24.88 95396.85
1559769517.357536 24.87 95398.96
1559769577.3864415 24.88 95401.19
1559769637.4153469 24.87 95401.66
1559769697.4442525 24.88 95404.27
1559769757.4731576 24.87 95403.30
1559769817.502063 24.88 95399.35
1559769877.5465686 24.87 95408.02
1559769937.5754743 24.86 95406.41
1559769997.6043794 24.87 95409.82
1559770057.6332848 24.86 95408.92
1559770117.6621904 24.88 95411.96
1559770177.6910958 24.89 95413.50
1559770237.7200012 24.85 95420.25
1559770297.7489069 24.87 95411.32
1559770357.7934122 24.87 95412.66
1559770417.8223176 24.87 95412.33
1559770477.851223 24.87 95418.52
1559770537.8801286 24.88 95415.24
1559770597.909034 24.88 95413.64
1559770657.9379392 24.86 95414.53
1559770717.9668446 24.90 95413.90
1559770777.9957502 24.93 95412.00
1559770838.0402555 24.94 95413.36
1559770898.0691612 24.88 95414.91
1559770958.0980663 24.87 95417.71
1559771018.126972 24.84 95417.45
1559771078.1558774 24.89 95422.16
1559771138.1847827 24.86 95422.96
1559771198.2136884 24.90 95423.24
1559771258.2425938 24.92 95423.39
1559771318.2870991 24.86 95419.49
1559771378.3160045 24.86 95417.45
1559771438.3449101 24.90 95421.13
1559771498.3738155 24.93 95418.92
1559771558.402721 24.89 95419.65
1559771618.4316263 24.92 95416.21
1559771678.4605317 24.92 95420.12
1559771738.489437 24.88 95419.15
1559771798.5339427 24.86 95426.35
1559771858.562848 24.86 95425.30
1559771918.5917535 24.87 95423.21
1559771978.6206589 24.87 95424.03
1559772038.6495645 24.87 95422.86
1559772098.67847 24.86 95424.07
1559772158.7073753 24.88 95425.27
1559772218.7362807 24.87 95425.08
1559772278.7807863 24.87 95428.25
1559772338.8096917 24.89 95427.88
1559772398.838597 24.86 95427.48
1559772458.8675027 24.87 95430.72
1559772518.8964078 24.85 95423.87
1559772578.9253132 24.84 95422.57
1559772638.9542189 24.86 95426.61
1559772698.998724 24.87 95429.22
1559772759.0276299 24.86 95427.11
1559772819.056535 24.87 95430.22
1559772879.0854404 24.84 95424.47
1559772939.114346 24.86 95428.14
1559772999.1432514 24.85 95433.57
1559773059.1721568 24.84 95434.44
1559773119.2010624 24.79 95439.52
1559773179.2455678 24.85 95437.75
1559773239.2744732 24.84 95446.71
1559773299.3033786 24.81 95449.32
1559773359.3322842 24.81 95447.48
1559773419.3611894 24.84 95448.55
1559773479.3900948 24.85 95448.78
1559773539.4190004 24.81 95452.86
1559773599.4479058 24.81 95455.17
1559773659.4768112 24.82 95451.46
1559773719.5213165 24.78 95453.20
1559773779.5502222 24.77 95455.50
1559773839.5791276 24.77 95461.89
1559773899.608033 24.79 95459.19
1559773959.6369386 24.78 95457.78
1559774019.665844 24.77 95462.16
1559774079.694749 24.78 95457.98
1559774139.7236547 24.78 95459.15
1559774199.7681603 24.78 95459.96
1559774259.7970657 24.77 95462.57
1559774319.8259711 24.78 95464.57
1559774379.8548765 24.77 95467.08
1559774439.883782 24.78 95467.17
1559774499.9126873 24.77 95468.58
1559774559.941593 24.78 95471.52
1559774619.9704983 24.78 95476.00
1559774680.0150037 24.75 95474.86
1559774740.043909 24.77 95475.97
1559774800.0728147 24.78 95471.99
1559774860.10172 24.80 95476.71
1559774920.1306255 24.79 95477.38
1559774980.159531 24.77 95476.24
1559775040.1884363 24.76 95477.07
1559775100.2173417 24.75 95476.27
1559775160.2618473 24.75 95480.02
1559775220.2907526 24.77 95481.42
1559775280.319658 24.77 95484.16
1559775340.3485634 24.77 95483.56
1559775400.3774688 24.75 95485.86
1559775460.4063745 24.76 95482.49
1559775520.4352798 24.75 95483.80
1559775580.4641852 24.74 95488.21
1559775640.4930909 24.74 95481.89
1559775700.5375962 24.77 95482.56
1559775760.5665016 24.76 95482.82
1559775820.595407 24.74 95483.59
1559775880.6243126 24.73 95486.70
1559775940.6532178 24.74 95484.86
1559776000.6821232 24.76 95485.33
1559776060.7110288 24.76 95484.39
1559776120.7399342 24.74 95484.89
1559776180.7688396 24.76 95482.59
1559776240.813345 24.78 95483.13
1559776300.8422506 24.78 95480.69
1559776360.871156 24.78 95485.53
1559776420.9000614 24.75 95484.46
1559776480.928967 24.75 95485.36
1559776540.9578724 24.76 95488.24
1559776600.9867775 24.75 95485.80
1559776661.0156832 24.72 95484.22
1559776721.0601888 24.73 95485.60
1559776781.0890942 24.77 95482.92
1559776841.1179996 24.75 95476.17
1559776901.146905 24.78 95480.39
1559776961.1758103 24.76 95476.97
1559777021.2047157 24.77 95477.91
1559777081.2336214 24.77 95478.28
1559777141.2625268 24.75 95478.51
1559777201.2914321 24.77 95475.20
1559777261.3359375 24.77 95478.58
1559777321.364843 24.74 95478.14
1559777381.3937485 24.76 95480.35
1559777441.422654 24.74 95486.44
1559777501.4515593 24.73 95481.18
1559777561.4804647 24.72 95478.60
1559777621.50937 24.75 95478.28
1559777681.5382755 24.73 95480.14
1559777741.582781 24.74 95480.02
1559777801.6116865 24.73 95477.47
1559777861.6405919 24.74 95477.21
1559777921.6694973 24.75 95480.95
1559777981.698403 24.75 95481.61
1559778041.7273083 24.75 95483.63
1559778101.7562137 24.74 95483.42
1559778161.785119 24.76 95480.02
1559778221.8296247 24.71 95481.32
1559778281.85853 24.69 95474.69
1559778341.8874354 24.71 95480.85
1559778401.916341 24.74 95480.68
1559778461.9452462 24.75 95480.68
1559778521.9741516 24.76 95478.41
1559778582.0030572 24.72 95478.64
1559778642.0319626 24.73 95481.58
1559778702.0764682 24.72 95481.21
1559778762.1053734 24.71 95480.91
1559778822.134279 24.72 95482.49
1559778882.1631844 24.72 95484.39
1559778942.1920898 24.75 95484.80
1559779002.2209954 24.75 95483.72
1559779062.2499008 24.73 95482.69
1559779122.278806 24.75 95491.05
1559779182.3077116 24.71 95488.13
1559779242.3522172 24.73 95491.14
