1561075309.7982447 25.27 95556.89
1561075369.82715 25.32 95556.92
1561075429.8716555 25.34 95557.13
1561075489.9005609 25.45 95557.80
1561075549.9294665 25.45 95564.66
1561075609.9583719 25.37 95565.63
1561075669.9872773 25.42 95565.03
1561075730.016183 25.49 95565.53
1561075790.060688 25.45 95568.21
1561075850.0895936 25.53 95568.64
1561075910.118499 25.46 95567.61
1561075970.1474044 25.41 95571.86
1561076030.17631 25.36 95568.61
1561076090.2052152 25.44 95571.53
1561076150.2497208 25.45 95576.28
1561076210.2786262 25.41 95575.41
1561076270.3075318 25.40 95573.50
1561076330.336437 25.42 95579.39
1561076390.3653424 25.37 95578.69
1561076450.394248 25.41 95581.27
1561076510.4231534 25.42 95578.82
1561076570.467659 25.43 95585.22
1561076630.4965641 25.38 95584.55
1561076690.5254698 25.28 95585.58
1561076750.5543752 25.29 95592.85
1561076810.5832806 25.29 95590.00
1561076870.6121862 25.30 95588.73
1561076930.6566916 25.27 95590.07
1561076990.685597 25.38 95589.87
1561077050.7145023 25.38 95592.92
1561077110.743408 25.32 95586.89
1561077170.772313 25.30 95585.35
1561077230.8012187 25.33 95590.33
1561077290.8301241 25.28 95589.00
1561077350.8746297 25.27 95589.53
1561077410.9035351 25.27 95593.08
1561077470.9324405 25.25 95594.78
1561077530.961346 25.32 95592.28
1561077590.9902513 25.26 95597.63
1561077651.0191567 25.26 95596.35
1561077711.0480623 25.27 95599.57
1561077771.092568 25.23 95595.89
1561077831.121473 25.24 95595.08
1561077891.1503785 25.33 95599.17
1561077951.1792839 25.33 95600.88
1561078011.2081895 25.26 95594.58
1561078071.2370949 25.25 95594.02
1561078131.2816002 25.26 95594.35
1561078191.3105056 25.27 95590.90
1561078251.3394113 25.32 95592.64
1561078311.3683167 25.37 95586.15
1561078371.3972218 25.34 95583.24
1561078431.4261277 25.33 95588.89
1561078491.4550328 25.23 95590.33
1561078551.4839382 25.21 95589.05
1561078611.5284438 25.32 95588.10
1561078671.5573492 25.30 95583.41
1561078731.5862546 25.31 95587.49
1561078791.61516 25.28 95590.77
1561078851.6440656 25.29 95592.07
1561078911.672971 25.32 95595.52
1561078971.7174764 25.36 95593.21
1561079031.7463818 25.31 95598.97
1561079091.7752874 25.30 95602.62
1561079151.8041928 25.25 95605.39
1561079211.8330982 25.23 95604.46
1561079271.8620038 25.26 95609.21
1561079331.8909092 25.25 95604.09
1561079391.9354146 25.21 95605.89
1561079451.96432 25.24 95605.36
1561079511.9932256 25.24 95602.85
1561079572.0221307 25.24 95607.90
1561079632.0510364 25.22 95609.84
1561079692.0799417 25.23 95607.50
1561079752.1088471 25.29 95608.21
1561079812.1533527 25.30 95614.87
1561079872.182258 25.28 95608.57
1561079932.2111633 25.35 95613.80
1561079992.240069 25.35 95613.80
1561080052.2689743 25.31 95611.49
1561080112.2978797 25.31 95612.03
1561080172.342385 25.31 95611.42
1561080232.3712907 25.30 95609.17
1561080292.400196 25.25 95613.52
1561080352.4291015 25.28 95608.35
1561080412.458007 25.25 95607.33
1561080472.4869125 25.27 95609.94
1561080532.5158176 25.26 95610.41
1561080592.5603232 25.21 95610.50
1561080652.5892289 25.26 95608.30
1561080712.6181343 25.23 95609.10
1561080772.6470394 25.21 95609.57
1561080832.675945 25.23 95606.29
1561080892.7048504 25.25 95605.92
1561080952.7493558 25.23 95607.77
1561081012.7782614 25.23 95611.41
1561081072.8071668 25.21 95613.25
1561081132.8360722 25.31 95606.90
1561081192.8649776 25.30 95613.19
1561081252.8938832 25.33 95611.12
1561081312.9227886 25.25 95613.86
1561081372.967294 25.28 95614.03
1561081432.9961994 25.26 95614.69
1561081493.025105 25.24 95613.59
1561081553.0540104 25.19 95613.28
1561081613.0829158 25.17 95613.11
1561081673.1118214 25.17 95610.50
1561081733.1407266 25.22 95610.27
1561081793.1852322 25.27 95612.28
1561081853.2141376 25.23 95612.96
1561081913.2430432 25.24 95611.38
1561081973.2719483 25.16 95610.19
1561082033.3008537 25.18 95613.02
1561082093.3297591 25.23 95610.61
1561082153.3742645 25.30 95612.32
1561082213.4031703 25.28 95610.58
1561082273.4320755 25.24 95610.71
1561082333.460981 25.27 95612.66
1561082393.4898865 25.34 95609.85
1561082453.518792 25.27 95609.54
1561082513.5476973 25.22 95612.21
1561082573.5922027 25.27 95613.00
1561082633.6211083 25.27 95613.79
1561082693.6500137 25.25 95615.80
1561082753.678919 25.24 95612.89
1561082813.7078245 25.23 95616.17
1561082873.73673 25.22 95614.22
1561082933.7812355 25.20 95616.19
1561082993.8101408 25.24 95616.83
1561083053.8390465 25.20 95619.88
1561083113.8679516 25.21 95620.01
1561083173.896857 25.24 95618.07
1561083233.9257627 25.25 95618.32
1561083293.954668 25.20 95617.10
1561083353.9991734 25.23 95618.97
1561083414.0280788 25.22 95618.74
1561083474.0569844 25.26 95618.78
1561083534.0858898 25.20 95617.53
1561083594.1147952 25.22 95618.74
1561083654.1437008 25.25 95619.82
1561083714.1726062 25.24 95624.80
1561083774.2171116 25.23 95619.98
1561083834.246017 25.22 95623.60
1561083894.2749226 25.22 95624.89
1561083954.303828 25.20 95627.34
1561084014.3327332 25.18 95623.69
1561084074.361639 25.16 95634.39
1561084134.4061441 25.21 95632.00
1561084194.4350498 25.19 95628.67
1561084254.4639552 25.13 95626.35
1561084314.4928603 25.12 95625.38
1561084374.521766 25.11 95621.33
1561084434.5506713 25.15 95627.63
1561084494.5795767 25.16 95622.35
1561084554.624082 25.21 95621.96
1561084614.6529877 25.26 95621.03
1561084674.681893 25.24 95621.59
1561084734.7107985 25.30 95625.11
1561084794.7397041 25.25 95623.50
1561084854.7686095 25.22 95621.55
1561084914.797515 25.19 95616.07
1561084974.8420203 25.20 95617.94
1561085034.870926 25.19 95615.28
1561085094.8998313 25.10 95615.85
1561085154.9287367 25.16 95617.33
1561085214.957642 25.18 95619.17
1561085274.9865475 25.16 95618.67
1561085335.031053 25.13 95620.10
1561085395.0599582 25.16 95622.17
1561085455.088864 25.20 95620.78
1561085515.1177692 25.19 95619.57
1561085575.1466746 25.21 95621.35
1561085635.1755803 25.18 95617.67
1561085695.2044857 25.16 95619.00
1561085755.248991 25.18 95619.44
1561085815.2778964 25.11 95614.81
1561085875.306802 25.17 95616.02
1561085935.3357074 25.15 95614.25
1561085995.3646128 25.19 95611.44
1561086055.3935184 25.20 95606.60
1561086115.4224238 25.16 95606.28
1561086175.4669292 25.16 95602.87
1561086235.4802344 25.15 95600.22
1561086295.52474 25.16 95603.50
1561086355.5536456 25.19 95605.69
1561086415.5825508 25.19 95605.11
1561086475.6114562 25.21 95606.05
1561086535.6403618 25.18 95601.53
1561086595.6692672 25.15 95603.88
1561086655.7137728 25.16 95601.77
1561086715.742678 25.19 95603.85
1561086775.7715836 25.16 95604.50
1561086835.800489 25.10 95603.63
1561086895.8293943 25.08 95603.79
1561086955.8583 25.11 95606.78
1561087015.8872054 25.09 95606.58
1561087075.9317107 25.13 95606.95
1561087135.960616 25.12 95603.07
1561087195.9895217 25.11 95609.89
1561087256.018427 25.15 95609.39
1561087316.0473325 25.16 95610.07
1561087376.076238 25.17 95613.67
1561087436.1051433 25.18 95610.10
1561087496.149649 25.22 95610.71
1561087556.1785543 25.16 95611.14
1561087616.2074597 25.15 95605.71
1561087676.236365 25.18 95607.72
1561087736.2652705 25.16 95607.12
1561087796.294176 25.17 95605.75
1561087856.3230815 25.17 95609.00
1561087916.3675869 25.13 95607.05
1561087976.3964922 25.12 95611.53
1561088036.4253979 25.05 95607.94
1561088096.4543033 25.07 95611.05
1561088156.4832087 25.09 95607.28
1561088216.5121143 25.15 95610.74
1561088276.5410194 25.14 95605.78
1561088336.585525 25.25 95609.50
1561088396.6144304 25.17 95609.83
1561088456.6433356 25.24 95611.38
1561088516.6722414 25.25 95605.09
1561088576.7011466 25.19 95605.78
1561088636.730052 25.19 95606.86
1561088696.7745576 25.23 95610.41
1561088756.803463 25.20 95607.96
1561088816.8323684 25.25 95610.75
1561088876.8612738 25.22 95613.39
1561088936.8901794 25.16 95607.96
1561088996.9190848 25.17 95608.86
1561089056.9479902 25.16 95606.55
1561089116.9924955 25.12 95603.47
1561089177.0214012 25.14 95597.78
1561089237.0503066 25.06 95601.92
1561089297.079212 25.13 95599.19
1561089357.1081176 25.14 95597.92
1561089417.137023 25.09 95597.74
1561089477.1815283 25.13 95601.60
1561089537.2104337 25.10 95607.38
1561089597.2393394 25.16 95607.28
1561089657.2682445 25.17 95604.85
1561089717.2971501 25.14 95607.32
1561089777.3260555 25.11 95607.45
1561089837.354961 25.13 95606.88
1561089897.3994665 25.18 95605.89
1561089957.4283717 25.12 95604.64
1561090017.4572773 25.09 95608.67
1561090077.4861827 25.11 95607.28
1561090137.515088 25.04 95607.24
1561090197.5439937 25.02 95609.47
1561090257.5884988 24.99 95609.42
1561090317.6174045 25.01 95606.28
1561090377.6463099 25.09 95608.78
1561090437.6752152 25.04 95610.75
1561090497.7041209 25.07 95614.42
1561090557.7330263 25.12 95611.16
1561090617.7619314 25.13 95612.91
1561090677.806437 25.11 95613.71
1561090737.8353426 25.09 95613.60
1561090797.864248 25.17 95614.18
1561090857.8931532 25.11 95613.74
1561090917.9220588 25.07 95609.38
1561090977.9509642 25.08 95611.72
1561091037.9798696 25.06 95610.35
1561091098.0243752 25.04 95604.62
1561091158.0532806 25.07 95607.30
1561091218.082186 25.05 95601.71
1561091278.1110914 25.07 95602.55
1561091338.139997 25.11 95605.34
1561091398.1689024 25.10 95603.80
1561091458.1978078 25.12 95604.47
1561091518.2423131 25.09 95602.83
1561091578.2712188 25.12 95600.99
1561091638.3001242 25.18 95607.05
1561091698.3290296 25.16 95602.21
1561091758.3579352 25.14 95608.59
1561091818.3868403 25.07 95609.58
1561091878.4157457 25.02 95606.56
1561091938.4602513 25.01 95609.13
1561091998.489157 25.01 95610.83
1561092058.518062 25.02 95612.52
1561092118.5469675 25.09 95612.42
1561092178.5758731 25.08 95616.17
1561092238.6047785 25.12 95618.85
1561092298.633684 25.09 95620.06
1561092358.6781893 25.09 95614.77
1561092418.7070947 25.04 95617.60
1561092478.7360003 25.05 95617.78
1561092538.7649057 25.09 95615.94
1561092598.793811 25.09 95614.27
1561092658.8227167 25.04 95616.60
1561092718.8516219 25.01 95619.03
1561092778.8961275 25.04 95614.16
1561092838.9250329 25.10 95612.96
1561092898.9539382 25.13 95608.78
1561092958.9828439 25.14 95612.17
1561093019.011749 25.14 95609.42
1561093079.0406547 25.14 95607.42
1561093139.06956 25.10 95609.15
1561093199.1140654 25.08 95599.78
1561093259.1429708 25.09 95599.38
1561093319.1718764 25.10 95601.12
1561093379.2007818 25.09 95601.22
1561093439.2296872 25.14 95600.66
1561093499.2585928 25.15 95603.74
1561093559.2874982 25.03 95601.58
1561093619.3320036 25.12 95604.24
1561093679.360909 25.11 95598.58
1561093739.3898146 25.12 95602.30
1561093799.41872 25.09 95600.58
1561093859.4476254 25.08 95599.14
1561093919.4765308 25.09 95604.43
1561093979.5210364 25.11 95600.19
1561094039.5499418 25.11 95609.75
1561094099.578847 25.07 95612.05
1561094159.6077528 25.06 95609.00
1561094219.636658 25.03 95611.94
1561094279.6655633 24.99 95607.32
1561094339.694469 25.00 95608.26
1561094399.7233744 24.98 95607.55
1561094459.7678797 25.07 95604.73
1561094519.796785 25.13 95601.10
1561094579.8256905 25.04 95595.02
1561094639.8545961 25.05 95594.58
1561094699.8835015 25.10 95592.08
1561094759.9124067 25.07 95592.02
1561094819.9413126 24.98 95592.30
1561094879.985818 25.02 95595.18
1561094940.0147233 25.01 95596.35
1561095000.0436287 25.04 95597.46
1561095060.072534 24.97 95596.75
1561095120.1014395 24.90 95599.34
1561095180.1303449 24.96 95599.66
1561095240.1592505 24.93 95599.78
1561095300.2037559 24.94 95598.17
1561095360.2326612 24.95 95596.21
1561095420.2615666 24.91 95597.83
1561095480.2904723 24.93 95602.79
1561095540.3193777 24.92 95590.82
1561095600.348283 24.95 95591.63
1561095660.3771887 24.91 95593.19
1561095720.421694 24.97 95594.50
1561095780.4505994 24.92 95594.22
1561095840.4795048 24.96 95596.71
1561095900.5084105 24.97 95595.57
1561095960.5373156 24.92 95596.24
1561096020.5662212 24.96 95602.07
1561096080.5951266 24.96 95600.29
1561096140.6396322 24.98 95597.85
1561096200.6685376 24.95 95596.78
1561096260.6974428 24.92 95594.39
1561096320.7263484 25.00 95596.15
1561096380.7552538 24.97 95593.46
1561096440.7841592 24.99 95595.41
1561096500.8130648 24.95 95595.10
1561096560.85757 25.01 95593.61
1561096620.8864756 24.96 95589.99
1561096680.915381 24.93 95590.78
1561096740.9442863 24.97 95583.70
1561096800.973192 25.00 95589.79
1561096861.0020974 25.04 95590.57
1561096921.0310025 25.03 95590.40
1561096981.075508 25.03 95587.69
1561097041.1044137 25.00 95587.96
1561097101.1333191 25.01 95581.74
1561097161.1622243 24.96 95582.42
1561097221.19113 24.94 95582.89
1561097281.2200353 25.04 95581.41
1561097341.2645407 25.03 95582.27
1561097401.2934463 25.01 95583.74
1561097461.3223517 25.03 95578.99
1561097521.351257 24.99 95583.17
1561097581.3801625 24.95 95577.64
1561097641.409068 24.93 95578.31
1561097701.4379735 24.94 95569.91
1561097761.4824789 24.97 95572.72
1561097821.5113842 24.97 95573.43
1561097881.5402899 25.07 95569.73
1561097941.5691953 25.09 95573.99
1561098001.5981007 25.06 95573.64
1561098061.6270063 25.00 95569.39
1561098121.6559114 25.02 95571.93
1561098181.700417 25.01 95570.86
1561098241.7293224 25.01 95572.60
1561098301.758228 25.01 95570.09
1561098361.7871332 25.05 95572.10
1561098421.8160386 25.04 95568.19
1561098481.8449442 25.05 95566.78
1561098541.8738496 25.00 95566.71
1561098601.9183552 24.99 95568.65
1561098661.9472604 24.99 95568.49
1561098721.9761658 25.03 95561.76
1561098782.0050714 25.02 95558.02
1561098842.0339768 25.06 95561.16
1561098902.0628822 24.98 95561.75
1561098962.0917878 24.98 95553.19
1561099022.1362932 24.98 95555.03
1561099082.1651986 24.97 95555.83
1561099142.194104 24.95 95552.49
1561099202.2230093 24.95 95551.32
1561099262.251915 25.01 95552.29
1561099322.2808201 25.01 95552.22
1561099382.3097258 25.03 95554.57
1561099442.3386312 25.01 95551.22
1561099502.3831367 25.02 95550.49
1561099562.412042 25.08 95554.11
1561099622.4409475 25.09 95555.25
1561099682.469853 25.04 95551.96
1561099742.4987583 25.03 95548.92
1561099802.527664 24.98 95553.29
1561099862.5565693 24.95 95548.10
1561099922.6010747 24.96 95545.50
1561099982.62998 24.96 95544.42
1561100042.6588857 25.00 95541.62
1561100102.687791 24.99 95542.35
1561100162.7166965 24.99 95547.38
1561100222.745602 24.99 95549.35
1561100282.7745073 25.09 95548.19
1561100342.8190129 25.07 95548.42
1561100402.847918 24.97 95548.00
1561100462.876824 25.02 95545.24
1561100522.905729 25.08 95543.80
1561100582.9346344 25.11 95545.88
1561100642.96354 25.08 95547.38
1561100702.9924455 25.05 95546.25
1561100763.0369508 25.06 95545.71
1561100823.0658562 24.99 95547.78
1561100883.0947616 25.05 95547.05
1561100943.1236672 25.07 95541.82
1561101003.1525726 25.06 95542.92
1561101063.1814778 25.08 95546.71
1561101123.2103837 25.09 95544.84
1561101183.254889 25.07 95544.57
1561101243.2837944 25.05 95542.36
1561101303.3126998 25.03 95542.89
1561101363.3416054 25.05 95541.32
1561101423.3705106 25.03 95543.03
1561101483.399416 25.07 95545.74
1561101543.4283216 25.05 95545.00
1561101603.457227 25.11 95547.15
1561101663.4861324 25.07 95549.49
1561101723.5306377 25.04 95546.11
1561101783.5595434 25.09 95549.86
1561101843.5884488 25.12 95548.42
1561101903.6173542 25.06 95549.32
1561101963.6462598 25.07 95549.19
1561102023.6751652 25.05 95549.42
1561102083.7196705 25.01 95552.96
1561102143.748576 25.10 95551.10
1561102203.7774816 25.05 95547.98
1561102263.8063867 25.04 95551.80
1561102323.8352923 25.10 95551.33
1561102383.8641977 25.09 95554.71
1561102443.8931031 25.05 95553.94
1561102503.9376087 25.05 95551.89
1561102563.9665139 25.05 95550.56
1561102623.9954195 25.05 95549.99
1561102684.024325 25.06 95547.78
1561102744.0532303 25.01 95553.13
1561102804.082136 25.04 95553.80
1561102864.1110413 25.08 95556.35
1561102924.1555467 25.11 95559.83
1561102984.184452 25.16 95555.99
1561103044.2133577 25.10 95555.61
1561103104.242263 25.05 95552.70
1561103164.2711685 25.05 95554.94
1561103224.300074 25.06 95557.52
1561103284.3289793 25.04 95557.11
1561103344.3734848 25.12 95556.22
1561103404.4023902 25.17 95554.82
1561103464.4312954 25.17 95560.34
1561103524.4602013 25.14 95558.50
1561103584.4891064 25.11 95556.19
1561103644.5180118 25.03 95555.24
1561103704.5469174 25.05 95553.24
1561103764.5914228 25.06 95559.83
1561103824.6203282 25.09 95557.89
1561103884.6492336 25.10 95557.46
1561103944.6781392 25.11 95554.08
1561104004.7070446 25.02 95553.80
1561104064.73595 25.08 95554.47
1561104124.7648554 25.06 95554.50
1561104184.809361 25.04 95555.44
1561104244.8382664 25.08 95552.63
1561104304.8671718 25.04 95552.13
1561104364.8960774 25.04 95557.55
1561104424.9249825 25.07 95556.96
1561104484.953888 25.08 95554.41
1561104544.9827936 25.03 95556.07
1561104605.0272992 25.05 95559.22
1561104665.0562043 25.12 95562.14
1561104725.0851097 25.07 95561.86
1561104785.1140153 25.04 95559.49
1561104845.1429207 25.02 95560.69
1561104905.1718261 25.07 95561.74
1561104965.2007318 25.02 95560.05
1561105025.2452369 25.06 95555.97
1561105085.2741425 25.13 95559.33
1561105145.303048 25.07 95563.64
1561105205.3319535 25.07 95565.21
1561105265.360859 25.08 95568.19
1561105325.389764 25.07 95568.56
1561105385.41867 25.11 95568.36
1561105445.463175 25.04 95567.75
1561105505.4920807 25.07 95571.60
1561105565.520986 25.07 95568.26
1561105625.5498912 25.03 95567.11
1561105685.5787969 24.97 95565.47
1561105745.6077023 25.04 95565.14
1561105805.6366076 25.02 95565.38
1561105865.681113 24.99 95566.41
1561105925.7100186 24.96 95567.57
1561105985.738924 24.99 95567.64
1561106045.7678294 24.97 95570.39
1561106105.796735 24.91 95568.10
1561106165.8256404 24.98 95572.69
1561106225.8545458 24.96 95572.26
1561106285.8990512 25.03 95571.64
1561106345.9279568 25.01 95573.10
1561106405.9568622 25.04 95574.04
1561106465.9857676 25.00 95578.25
1561106526.014673 25.02 95577.39
1561106586.0435784 25.04 95578.73
1561106646.0724838 25.04 95580.36
1561106706.1169891 25.05 95581.60
1561106766.145895 25.02 95583.58
1561106826.1748002 25.04 95581.41
1561106886.2037055 25.10 95583.62
1561106946.2326112 25.08 95586.60
1561107006.2615166 25.06 95588.94
1561107066.290422 25.07 95587.33
1561107126.3349273 25.06 95591.78
1561107186.363833 25.05 95595.69
1561107246.3927383 24.99 95597.59
1561107306.4216437 25.03 95595.05
1561107366.4505494 25.00 95592.30
1561107426.4794548 25.02 95596.46
1561107486.50836 24.94 95598.01
1561107546.5528655 24.96 95603.90
1561107606.581771 24.98 95603.67
1561107666.6106765 25.02 95604.99
1561107726.6395817 25.03 95606.80
1561107786.668487 25.05 95608.64
1561107846.6973927 25.03 95612.78
1561107906.726298 25.06 95615.64
1561107966.7708037 24.99 95612.00
1561108026.7997088 25.00 95615.55
1561108086.8286145 25.03 95619.47
1561108146.8575199 25.08 95616.00
1561108206.8864253 25.03 95617.50
1561108266.915331 24.99 95623.45
1561108326.9442363 25.04 95622.72
1561108386.9887416 25.00 95629.10
1561108447.017647 24.97 95630.80
1561108507.0465527 24.95 95630.23
1561108567.0754578 24.96 95636.08
1561108627.1043634 24.93 95638.22
1561108687.1332688 24.89 95639.82
1561108747.1621742 24.89 95637.40
1561108807.1910796 24.91 95637.91
1561108867.2199852 24.90 95643.89
1561108927.2644906 24.86 95638.53
1561108987.293396 24.88 95643.02
1561109047.3223014 24.91 95636.91
1561109107.351207 24.93 95641.22
1561109167.3801124 24.96 95644.78
1561109227.4090178 24.94 95643.34
1561109287.4379234 24.92 95647.14
1561109347.4824288 24.88 95651.05
1561109407.5113342 24.94 95649.96
1561109467.5402396 24.93 95645.61
1561109527.5691452 24.95 95653.17
1561109587.5980504 24.97 95655.06
1561109647.6269557 24.92 95658.85
1561109707.6558611 24.92 95658.35
1561109767.7003665 24.97 95662.55
1561109827.7292724 25.01 95660.32
1561109887.7581775 25.02 95665.00
1561109947.787083 24.94 95665.82
1561110007.8159885 24.92 95667.42
1561110067.844894 24.91 95665.67
1561110127.8737993 24.96 95670.78
1561110187.9183047 24.92 95672.13
1561110247.9472103 24.91 95671.92
1561110307.9761157 24.97 95673.19
1561110368.005021 24.98 95673.66
1561110428.0339265 24.99 95674.87
1561110488.062832 24.99 95676.03
1561110548.0917373 25.00 95682.13
1561110608.1362429 25.03 95679.90
1561110668.1651485 25.00 95684.64
1561110728.1940536 24.99 95683.03
1561110788.222959 25.02 95686.25
1561110848.2518647 24.99 95684.24
1561110908.28077 25.00 95687.32
1561110968.3096755 25.02 95686.11
1561111028.3541808 24.99 95688.55
1561111088.3830864 24.98 95688.17
1561111148.4119918 24.94 95691.35
1561111208.4408972 24.92 95698.66
1561111268.4698029 24.92 95697.05
1561111328.4987082 24.91 95692.37
1561111388.5276136 24.94 95697.20
1561111448.572119 24.93 95695.59
1561111508.6010246 24.92 95698.76
1561111568.62993 25.01 95697.42
1561111628.6588352 24.95 95702.25
1561111688.687741 24.93 95702.44
1561111748.7166462 24.91 95700.69
1561111808.7455516 24.96 95702.32
1561111868.7900572 24.85 95704.28
1561111928.8189623 24.93 95704.35
1561111988.847868 24.93 95711.95
1561112048.8767734 24.95 95710.05
1561112108.9056787 24.96 95711.56
1561112168.9345844 24.97 95712.39
1561112228.9634898 25.00 95711.00
1561112288.992395 24.98 95712.36
1561112349.0369005 24.95 95712.39
1561112409.0658062 25.00 95720.17
1561112469.0947115 25.01 95719.00
1561112529.123617 25.06 95721.43
1561112589.1525223 24.99 95722.81
1561112649.1814277 24.96 95724.00
1561112709.210333 25.00 95729.30
1561112769.2548387 24.97 95729.12
1561112829.283744 24.99 95729.36
1561112889.3126495 24.98 95732.88
1561112949.3415549 24.94 95732.60
1561113009.3704605 24.89 95733.44
1561113069.399366 24.89 95733.21
1561113129.4282713 24.91 95735.52
1561113189.4727767 24.94 95734.67
1561113249.5016823 24.96 95736.52
1561113309.5305877 24.94 95738.17
1561113369.559493 24.90 95742.38
1561113429.5883987 24.95 95737.82
1561113489.6173038 24.99 95743.78
1561113549.6462092 24.96 95748.49
1561113609.6907148 24.96 95746.17
1561113669.7196205 24.99 95748.10
1561113729.7485259 24.93 95750.28
1561113789.777431 24.89 95753.35
1561113849.8063364 24.88 95753.57
1561113909.835242 24.98 95751.61
1561113969.8641474 24.98 95753.08
1561114029.9086528 24.97 95751.24
1561114089.9375582 24.94 95750.46
1561114149.9664638 24.88 95753.91
1561114209.9953692 24.94 95757.48
1561114270.0242746 24.97 95761.24
1561114330.0531802 24.98 95764.56
1561114390.0820854 25.01 95764.40
1561114450.126591 25.01 95764.84
1561114510.1554964 25.00 95768.21
1561114570.184402 25.00 95767.28
1561114630.2133074 25.01 95766.14
1561114690.2422125 25.02 95765.99
1561114750.2711182 25.03 95769.53
1561114810.3000236 25.00 95768.01
1561114870.344529 24.97 95769.20
1561114930.3734345 25.01 95769.66
1561114990.40234 25.07 95775.87
1561115050.4312453 25.01 95776.28
1561115110.4601507 25.04 95774.08
1561115170.4890563 25.06 95772.72
1561115230.5179617 25.05 95773.69
1561115290.562467 25.00 95775.97
1561115350.5913725 25.00 95778.05
1561115410.6202781 24.96 95787.00
1561115470.6491835 24.97 95785.50
1561115530.678089 24.98 95786.71
1561115590.7069943 24.98 95788.38
1561115650.7358997 24.95 95787.39
1561115710.764805 24.99 95789.42
1561115770.7937107 24.97 95789.78
1561115830.8382163 25.03 95789.88
1561115890.8671215 25.04 95791.92
1561115950.8960268 25.04 95792.53
1561116010.9249322 25.05 95791.06
1561116070.9538379 24.99 95790.22
1561116130.9827433 24.91 95791.11
1561116191.0116487 24.95 95789.07
1561116251.056154 24.95 95795.12
1561116311.0850596 24.90 95794.22
1561116371.113965 24.89 95795.25
1561116431.1428704 24.98 95796.94
1561116491.171776 25.03 95801.99
1561116551.2006812 25.05 95796.78
1561116611.2295866 25.02 95799.54
1561116671.2740922 24.97 95803.22
1561116731.3029976 25.03 95799.75
1561116791.331903 24.99 95806.49
1561116851.3608084 24.94 95807.60
1561116911.389714 25.05 95810.00
1561116971.4186194 24.99 95803.61
1561117031.4475248 25.02 95804.76
1561117091.4920301 25.04 95805.88
1561117151.5209358 25.09 95804.16
1561117211.5498412 25.07 95803.64
1561117271.5787466 25.00 95799.67
1561117331.6076522 24.98 95797.71
1561117391.6365576 24.99 95801.20
1561117451.6654627 24.99 95803.14
1561117511.6943684 24.96 95806.10
1561117571.738874 24.98 95807.11
1561117631.7677794 25.02 95810.38
1561117691.7966847 25.02 95809.98
1561117751.8255901 25.07 95814.52
1561117811.8544955 25.08 95815.67
1561117871.883401 25.06 95817.33
1561117931.9123065 25.04 95814.50
1561117991.9568117 24.96 95814.30
1561118051.9857173 24.97 95818.66
1561118112.0146227 25.02 95820.75
1561118172.043528 25.01 95822.75
1561118232.0724337 25.04 95821.30
1561118292.1013389 25.02 95819.45
1561118352.1302445 25.06 95820.47
1561118412.1747499 25.12 95821.35
1561118472.2036555 25.12 95821.97
1561118532.2325609 25.12 95820.50
1561118592.2614663 25.06 95827.67
1561118652.2903717 25.07 95826.87
1561118712.319277 25.11 95825.59
1561118772.3481824 25.08 95830.46
1561118832.392688 25.09 95829.76
1561118892.4215937 25.12 95829.84
1561118952.4504988 25.12 95832.46
1561119012.4794042 25.05 95829.71
1561119072.5083098 25.15 95830.09
1561119132.5372152 25.11 95835.66
1561119192.5661206 25.09 95833.27
1561119252.610626 25.04 95835.25
1561119312.6395316 25.04 95834.49
1561119372.668437 25.11 95837.67
1561119432.6973424 25.09 95838.66
1561119492.7262478 25.10 95836.09
1561119552.7551534 25.11 95840.98
1561119612.7996588 25.06 95843.22
1561119672.8285642 25.12 95845.94
1561119732.8574698 25.09 95845.99
1561119792.886375 25.09 95840.13
1561119852.9152803 25.08 95841.90
1561119912.944186 25.09 95840.13
1561119972.9730914 25.08 95840.60
1561120033.017597 25.17 95838.17
1561120093.046502 25.12 95837.57
1561120153.0754075 25.16 95842.38
1561120213.1043131 25.09 95841.80
1561120273.1332185 25.14 95843.07
1561120333.162124 25.11 95843.66
1561120393.1910295 25.12 95840.82
1561120453.235535 25.16 95840.03
1561120513.2644403 25.18 95838.31
1561120573.2933457 25.16 95835.96
1561120633.3222513 25.11 95839.77
1561120693.3511565 25.04 95841.38
1561120753.380062 25.13 95846.14
1561120813.4089675 25.12 95844.67
1561120873.453473 25.15 95846.66
1561120933.4823785 25.21 95844.92
1561120993.5112836 25.23 95848.21
1561121053.5401893 25.22 95845.32
1561121113.5690947 25.17 95845.76
1561121173.598 25.13 95844.44
1561121233.6269057 25.20 95844.88
1561121293.671411 25.25 95848.58
1561121353.7003164 25.26 95848.11
1561121413.7292218 25.29 95848.13
1561121473.7581275 25.26 95848.32
1561121533.7870328 25.23 95850.64
1561121593.8159382 25.14 95853.82
1561121653.8604436 25.18 95852.89
1561121713.8893492 25.17 95853.33
1561121773.9182546 25.15 95847.33
1561121833.94716 25.18 95848.11
1561121893.9760654 25.17 95843.02
1561121954.0049708 25.21 95847.19
1561122014.0338762 25.26 95847.48
1561122074.0783818 25.21 95841.73
1561122134.1072874 25.18 95842.49
1561122194.1361926 25.19 95844.97
1561122254.165098 25.16 95847.73
1561122314.1940033 25.11 95846.00
1561122374.222909 25.12 95844.57
1561122434.2518144 25.20 95841.50
1561122494.2963197 25.22 95844.88
1561122554.325225 25.20 95840.25
1561122614.3541307 25.17 95835.42
1561122674.3830361 25.20 95837.82
1561122734.4119415 25.28 95831.92
1561122794.4408472 25.24 95837.39
1561122854.4853525 25.14 95839.19
1561122914.514258 25.12 95837.87
1561122974.5431633 25.14 95831.79
1561123034.572069 25.15 95832.92
1561123094.600974 25.18 95830.51
1561123154.6298795 25.24 95831.11
1561123214.658785 25.21 95830.18
1561123274.7032907 25.18 95831.52
1561123334.716596 25.18 95831.31
1561123394.7611012 25.18 95832.11
1561123454.7900069 25.19 95831.25
1561123514.8189123 25.22 95832.10
1561123574.8478177 25.24 95828.60
1561123634.8767233 25.18 95829.27
1561123694.9056287 25.25 95829.17
1561123754.950134 25.22 95830.92
1561123814.9790394 25.23 95826.64
1561123875.007945 25.11 95834.89
1561123935.0368502 25.14 95830.12
1561123995.0657558 25.18 95834.13
1561124055.0946612 25.17 95828.07
1561124115.1235666 25.16 95836.86
1561124175.1680722 25.18 95832.11
1561124235.1969774 25.15 95835.61
1561124295.2258828 25.12 95832.72
1561124355.2547884 25.29 95828.55
1561124415.2836938 25.26 95827.39
1561124475.3125992 25.25 95824.49
1561124535.3571045 25.23 95829.70
1561124595.3860102 25.15 95826.67
1561124655.4149156 25.21 95822.19
1561124715.443821 25.26 95820.24
1561124775.4727266 25.22 95822.36
1561124835.501632 25.23 95821.92
1561124895.5305374 25.28 95819.47
1561124955.5750427 25.29 95817.33
1561125015.6039484 25.27 95815.49
1561125075.6328537 25.29 95816.40
1561125135.661759 25.28 95814.96
1561125195.6906648 25.28 95810.74
1561125255.71957 25.31 95814.50
1561125315.7640755 25.35 95811.10
1561125375.792981 25.36 95809.30
1561125435.8218863 25.39 95806.29
1561125495.8507917 25.31 95814.37
1561125555.879697 25.30 95819.75
1561125615.9086027 25.40 95814.27
1561125675.937508 25.31 95812.29
1561125735.9820135 25.32 95809.55
1561125796.0109189 25.32 95813.16
1561125856.0398245 25.35 95806.99
1561125916.0687299 25.35 95804.77
1561125976.0976353 25.34 95808.02
1561126036.126541 25.39 95806.26
1561126096.1710463 25.37 95804.58
1561126156.1999516 25.38 95801.03
1561126216.228857 25.42 95800.92
1561126276.2577627 25.44 95797.44
1561126336.2866678 25.39 95798.39
1561126396.3155732 25.38 95798.79
1561126456.3600788 25.47 95801.87
1561126516.3889842 25.43 95797.71
1561126576.4178898 25.37 95798.72
1561126636.446795 25.29 95800.07
1561126696.4757004 25.30 95795.08
1561126756.504606 25.37 95797.55
1561126816.5491114 25.31 95794.68
1561126876.578017 25.27 95792.22
1561126936.6069221 25.34 95790.00
1561126996.6358278 25.47 95794.00
1561127056.6647332 25.43 95792.02
1561127116.6936386 25.41 95793.08
1561127176.738144 25.39 95793.67
1561127236.7670496 25.31 95789.77
1561127296.795955 25.31 95787.39
1561127356.8248603 25.30 95784.77
1561127416.853766 25.37 95781.25
1561127476.8826714 25.35 95779.43
1561127536.9271767 25.38 95776.76
1561127596.956082 25.40 95772.08
1561127656.9849877 25.36 95768.52
1561127717.0138931 25.32 95768.31
1561127777.0427985 25.37 95768.49
1561127837.071704 25.41 95771.05
1561127897.1162095 25.43 95771.35
1561127957.145115 25.32 95767.21
1561128017.17402 25.33 95767.24
1561128077.202926 25.43 95765.39
1561128137.231831 25.47 95762.66
1561128197.2607365 25.49 95763.58
1561128257.305242 25.47 95760.02
1561128317.3341472 25.47 95758.51
1561128377.3630528 25.37 95756.94
1561128437.3919582 25.40 95754.50
1561128497.4208636 25.38 95754.97
1561128557.4497693 25.38 95752.60
1561128617.4942746 25.35 95750.91
1561128677.52318 25.33 95744.94
1561128737.5520854 25.40 95746.81
1561128797.580991 25.39 95746.30
1561128857.6098964 25.33 95737.69
1561128917.6388018 25.36 95743.45
1561128977.6833072 25.41 95743.53
1561129037.7122128 25.42 95740.65
1561129097.7411182 25.44 95737.51
1561129157.7700236 25.33 95734.00
1561129217.798929 25.27 95731.38
1561129277.8278346 25.30 95733.66
1561129337.87234 25.24 95735.49
1561129397.9012454 25.21 95726.64
1561129457.930151 25.20 95727.37
1561129517.9590561 25.23 95726.24
1561129577.9879615 25.26 95724.64
1561129638.0168672 25.22 95719.28
1561129698.0457726 25.25 95719.85
1561129758.090278 25.27 95713.90
1561129818.1191833 25.28 95709.09
1561129878.148089 25.28 95714.11
1561129938.1769943 25.31 95708.16
1561129998.2058997 25.30 95704.53
1561130058.2348053 25.25 95706.50
1561130118.2793107 25.30 95703.67
1561130178.308216 25.32 95701.42
1561130238.3371215 25.32 95698.45
1561130298.366027 25.33 95704.47
1561130358.3949325 25.31 95705.17
1561130418.4238377 25.29 95705.34
1561130478.4683433 25.28 95705.14
1561130538.4972486 25.28 95701.05
1561130598.526154 25.32 95695.87
1561130658.5550597 25.33 95698.69
1561130718.5839648 25.33 95697.58
1561130778.6128705 25.34 95696.11
1561130838.657376 25.29 95692.89
1561130898.6862812 25.30 95691.22
1561130958.7151866 25.31 95689.68
1561131018.7440922 25.27 95688.91
1561131078.7729976 25.24 95688.02
1561131138.801903 25.23 95684.24
1561131198.8308086 25.23 95680.96
1561131258.875314 25.20 95682.89
1561131318.9042194 25.26 95679.36
1561131378.9331248 25.36 95680.75
1561131438.9620304 25.36 95679.75
1561131498.9909358 25.37 95676.97
1561131559.0198412 25.29 95678.92
1561131619.0643466 25.24 95679.32
1561131679.0932522 25.20 95676.16
1561131739.1221576 25.28 95674.78
1561131799.1510627 25.33 95672.14
1561131859.1799686 25.34 95669.03
1561131919.2088737 25.34 95666.58
1561131979.2533793 25.37 95667.89
1561132039.2822847 25.35 95665.61
1561132099.3111901 25.32 95663.71
1561132159.3400955 25.33 95660.36
1561132219.369001 25.29 95661.16
1561132279.3979065 25.30 95662.36
1561132339.4424117 25.31 95661.96
1561132399.4713173 25.35 95658.15
1561132459.5002227 25.48 95658.71
1561132519.529128 25.47 95652.78
1561132579.5580337 25.41 95651.74
1561132639.586939 25.37 95652.93
1561132699.6314445 25.40 95650.92
1561132759.6603498 25.35 95651.79
1561132819.6892555 25.38 95651.80
1561132879.7181609 25.31 95652.96
1561132939.7470663 25.37 95654.03
1561132999.7759717 25.31 95650.49
1561133059.804877 25.37 95652.93
1561133119.8493826 25.28 95653.36
1561133179.8782878 25.32 95648.71
1561133239.9071937 25.36 95649.89
1561133299.9360988 25.35 95645.90
1561133359.9650042 25.32 95642.21
1561133419.9939098 25.31 95642.25
1561133480.0384152 25.43 95642.03
1561133540.0673206 25.39 95641.52
1561133600.096226 25.36 95641.75
1561133660.1251316 25.34 95640.55
1561133720.154037 25.35 95637.36
1561133780.1829424 25.32 95634.18
1561133840.211848 25.30 95631.94
1561133900.2563534 25.31 95635.52
1561133960.2852588 25.27 95630.74
1561134020.3141642 25.31 95632.44
1561134080.3430698 25.32 95634.02
1561134140.3719752 25.31 95629.03
1561134200.4008803 25.29 95628.39
1561134260.429786 25.30 95628.79
1561134320.4742916 25.32 95626.32
1561134380.5031967 25.37 95623.54
1561134440.5321023 25.43 95624.78
1561134500.5610075 25.37 95618.46
1561134560.5899131 25.42 95622.55
1561134620.6188185 25.42 95625.66
1561134680.6633239 25.38 95621.91
1561134740.6922293 25.37 95623.41
1561134800.721135 25.43 95621.82
1561134860.7500403 25.42 95620.53
1561134920.7789457 25.42 95618.83
1561134980.8078513 25.38 95617.49
1561135040.8523567 25.35 95619.53
1561135100.881262 25.28 95617.55
1561135160.9101675 25.35 95619.49
1561135220.939073 25.31 95616.71
1561135280.9679785 25.33 95612.32
1561135340.9968836 25.37 95612.83
1561135401.0413892 25.30 95611.79
1561135461.0702949 25.32 95607.53
1561135521.0992002 25.38 95606.53
1561135581.1281054 25.35 95607.14
1561135641.1570113 25.33 95601.85
1561135701.1859164 25.34 95599.24
1561135761.230422 25.45 95607.14
1561135821.2593274 25.42 95607.41
1561135881.2882328 25.45 95607.21
1561135941.3171382 25.39 95607.78
1561136001.3460436 25.39 95606.71
1561136061.3749492 25.35 95603.35
1561136121.4194548 25.34 95597.86
1561136181.44836 25.29 95595.59
1561136241.4772654 25.28 95598.30
1561136301.506171 25.34 95597.30
1561136361.5350764 25.38 95593.78
1561136421.5639818 25.34 95595.63
1561136481.6084871 25.36 95591.38
1561136541.6373925 25.34 95591.50
1561136601.6662982 25.31 95590.71
1561136661.6952035 25.32 95586.75
1561136721.7241092 25.37 95585.75
1561136781.7530143 25.37 95585.49
1561136841.79752 25.35 95586.35
1561136901.8264253 25.39 95581.63
1561136961.8553307 25.39 95583.41
1561137021.8842363 25.36 95587.39
1561137081.9131415 25.30 95580.53
1561137141.9420469 25.32 95580.69
1561137201.9865525 25.37 95584.82
1561137262.0154579 25.29 95579.49
1561137322.0443635 25.32 95579.96
1561137382.0732687 25.33 95581.60
1561137442.1021743 25.34 95582.40
1561137502.1310797 25.33 95577.68
1561137562.175585 25.32 95577.21
1561137622.2044904 25.30 95575.64
1561137682.233396 25.29 95573.63
1561137742.2623014 25.26 95578.18
1561137802.2912068 25.31 95578.52
1561137862.3201125 25.31 95576.14
1561137922.3490179 25.28 95574.36
1561137982.3935232 25.31 95573.50
1561138042.4224286 25.38 95578.08
1561138102.4513342 25.45 95573.53
1561138162.4802396 25.46 95576.51
1561138222.509145 25.40 95578.62
1561138282.5380504 25.40 95575.67
1561138342.582556 25.38 95576.71
1561138402.6114614 25.33 95577.25
1561138462.6403666 25.33 95576.98
1561138522.6692724 25.31 95573.77
1561138582.6981776 25.31 95572.77
1561138642.727083 25.40 95575.44
1561138702.7715886 25.42 95576.78
1561138762.8004937 25.39 95576.78
1561138822.8293993 25.43 95574.34
1561138882.8583047 25.40 95576.91
1561138942.8872101 25.31 95572.86
1561139002.9161158 25.30 95575.14
1561139062.960621 25.38 95578.42
1561139122.9895265 25.36 95576.71
1561139183.018432 25.37 95577.22
1561139243.0473375 25.48 95573.80
1561139303.076243 25.45 95577.52
1561139363.1051483 25.41 95574.24
1561139423.1496537 25.44 95573.43
1561139483.1785593 25.51 95576.32
1561139543.2074647 25.48 95576.58
1561139603.23637 25.49 95573.40
1561139663.2652755 25.46 95575.00
1561139723.2941809 25.41 95571.89
1561139783.3386865 25.41 95568.35
1561139843.3675916 25.35 95571.09
1561139903.3964975 25.33 95570.82
1561139963.4254026 25.38 95571.96
1561140023.454308 25.37 95571.42
1561140083.4832137 25.33 95571.28
1561140143.527719 25.32 95569.52
1561140203.5566244 25.34 95570.52
1561140263.5855298 25.39 95570.96
1561140323.6144354 25.35 95569.32
1561140383.6433408 25.37 95562.72
1561140443.6722462 25.38 95566.80
1561140503.7167516 25.37 95562.39
1561140563.7456572 25.41 95561.85
1561140623.7745626 25.38 95561.75
1561140683.803468 25.40 95562.46
1561140743.8323736 25.41 95560.14
1561140803.861279 25.40 95562.72
1561140863.9057844 25.39 95559.35
1561140923.9346898 25.35 95557.53
1561140983.9635952 25.33 95555.06
1561141043.9925005 25.40 95558.27
1561141104.0214062 25.44 95553.88
1561141164.0503113 25.39 95555.69
1561141224.094817 25.48 95556.66
1561141284.1237226 25.46 95558.16
1561141344.1526277 25.45 95556.80
1561141404.181533 25.46 95555.56
1561141464.2104387 25.47 95557.30
1561141524.2393441 25.48 95555.05
1561141584.2838497 25.48 95561.58
1561141644.3127549 25.46 95559.85
1561141704.3416605 25.46 95555.59
1561141764.370566 25.53 95558.83
1561141824.3994713 25.47 95563.32
1561141884.428377 25.46 95562.69
1561141944.4728823 25.44 95559.64
1561142004.5017877 25.45 95558.53
1561142064.530693 25.49 95556.96
1561142124.5595987 25.49 95556.39
1561142184.588504 25.44 95552.21
1561142244.6174092 25.44 95555.72
1561142304.6619148 25.46 95555.49
1561142364.6908205 25.48 95555.52
1561142424.7197258 25.47 95557.46
1561142484.7486312 25.41 95554.46
1561142544.7775366 25.41 95556.66
1561142604.806442 25.42 95562.08
1561142664.8509476 25.44 95561.08
1561142724.879853 25.46 95563.19
1561142784.9087586 25.47 95563.82
1561142844.9376638 25.50 95563.78
1561142904.9665692 25.49 95563.59
1561142964.9954746 25.50 95562.52
1561143025.0399802 25.48 95560.61
1561143085.0688856 25.56 95561.07
1561143145.097791 25.59 95565.19
1561143205.1266963 25.51 95561.58
1561143265.155602 25.50 95565.39
1561143325.1845074 25.49 95569.01
1561143385.2290127 25.49 95568.04
1561143445.2579181 25.46 95570.49
1561143505.2868237 25.44 95567.00
1561143565.3157291 25.47 95568.17
1561143625.3446345 25.47 95571.02
1561143685.3735402 25.43 95572.33
1561143745.4180455 25.43 95569.55
1561143805.446951 25.52 95572.60
1561143865.4758563 25.59 95570.38
1561143925.5047617 25.54 95569.05
1561143985.5336673 25.58 95568.91
1561144045.5781727 25.52 95573.86
1561144105.607078 25.52 95575.44
1561144165.6359837 25.48 95575.07
1561144225.6648889 25.50 95573.67
1561144285.6937943 25.44 95570.75
1561144345.7226999 25.45 95570.82
1561144405.7672055 25.43 95569.21
1561144465.7961106 25.44 95571.79
1561144525.825016 25.41 95570.05
1561144585.8539217 25.47 95574.71
1561144645.882827 25.45 95570.42
1561144705.9117324 25.49 95575.03
1561144765.9562378 25.52 95574.10
1561144825.9851432 25.59 95576.31
1561144886.0140488 25.67 95573.35
1561144946.0429542 25.72 95574.11
1561145006.0718596 25.64 95575.83
1561145066.1007652 25.61 95571.55
1561145126.1452706 25.57 95572.86
1561145186.158576 25.62 95572.19
1561145246.2030814 25.58 95574.33
1561145306.231987 25.60 95572.22
1561145366.2608924 25.52 95575.03
1561145426.2897975 25.47 95576.28
1561145486.3187032 25.43 95576.78
1561145546.3476086 25.57 95578.38
1561145606.3921142 25.56 95578.65
1561145666.4210193 25.63 95574.83
1561145726.449925 25.60 95572.99
1561145786.4788303 25.60 95575.50
1561145846.5077357 25.54 95574.30
1561145906.5522413 25.57 95572.09
1561145966.5811467 25.53 95575.64
1561146026.610052 25.51 95573.46
1561146086.6389575 25.54 95575.07
1561146146.6678631 25.50 95572.26
1561146206.6967685 25.49 95571.35
1561146266.7412739 25.48 95572.29
1561146326.7701793 25.51 95573.30
1561146386.799085 25.53 95575.00
1561146446.8279903 25.51 95575.88
1561146506.8568954 25.46 95572.89
1561146566.8858013 25.49 95574.47
1561146626.9303067 25.46 95579.10
1561146686.959212 25.47 95575.04
1561146746.9881175 25.47 95574.21
1561146807.0170226 25.51 95574.13
1561146867.0459282 25.58 95578.35
1561146927.0748336 25.56 95573.39
1561146987.1193392 25.62 95578.61
1561147047.1482444 25.63 95578.61
1561147107.1771502 25.61 95577.35
1561147167.2060554 25.51 95578.82
1561147227.2349608 25.58 95581.93
1561147287.2638664 25.53 95584.78
1561147347.3083718 25.47 95587.60
1561147407.3372772 25.49 95588.77
1561147467.3661826 25.55 95590.74
1561147527.3950882 25.51 95592.28
1561147587.4239936 25.55 95592.38
1561147647.452899 25.53 95596.17
1561147707.4974043 25.51 95592.21
1561147767.52631 25.44 95593.89
1561147827.5552154 25.47 95597.44
1561147887.5841208 25.49 95594.16
1561147947.6130264 25.47 95598.31
1561148007.6419315 25.53 95595.89
1561148067.6864371 25.53 95599.28
1561148127.7153425 25.51 95603.13
1561148187.7442482 25.51 95601.02
1561148247.7731533 25.51 95598.94
1561148307.8020587 25.49 95603.66
1561148367.8309643 25.48 95600.78
1561148427.87547 25.55 95603.16
1561148487.9043753 25.48 95606.44
1561148547.9332805 25.53 95607.32
1561148607.962186 25.50 95606.75
1561148667.9910915 25.51 95606.17
1561148728.019997 25.53 95607.14
1561148788.0645022 25.56 95609.16
1561148848.0934076 25.59 95610.03
1561148908.1223133 25.57 95612.21
1561148968.1512187 25.51 95617.22
1561149028.180124 25.45 95615.78
1561149088.2090297 25.46 95615.75
1561149148.253535 25.51 95615.25
1561149208.2824404 25.53 95616.69
1561149268.3113458 25.56 95616.19
1561149328.3402514 25.54 95614.61
1561149388.3691568 25.64 95616.69
1561149448.4136622 25.60 95623.05
1561149508.4425676 25.55 95622.35
1561149568.4714732 25.49 95622.96
1561149628.5003786 25.53 95621.88
1561149688.529284 25.55 95622.69
1561149748.5581894 25.52 95622.14
1561149808.602695 25.50 95622.78
1561149868.6316004 25.60 95624.25
1561149928.6605055 25.60 95623.56
1561149988.6894112 25.59 95626.21
1561150048.7183166 25.63 95627.21
1561150108.747222 25.59 95633.13
1561150168.7917275 25.57 95633.07
1561150228.820633 25.57 95633.64
1561150288.8495383 25.54 95636.52
1561150348.8784437 25.56 95635.17
1561150408.9073493 25.60 95634.94
1561150468.9362547 25.51 95638.35
1561150528.98076 25.43 95637.17
1561150589.0096655 25.45 95640.32
1561150649.0385711 25.39 95640.89
1561150709.0674765 25.48 95637.75
1561150769.096382 25.47 95637.64
1561150829.1252875 25.47 95638.96
1561150889.1697927 25.41 95636.50
1561150949.1986983 25.41 95635.90
1561151009.2276037 25.55 95632.69
1561151069.256509 25.57 95637.62
1561151129.2854145 25.41 95639.02
1561151189.3143198 25.43 95635.60
1561151249.3588254 25.46 95635.40
1561151309.3877306 25.58 95636.05
1561151369.4166365 25.48 95637.11
1561151429.4455416 25.51 95639.66
1561151489.474447 25.46 95638.58
1561151549.5033526 25.48 95641.70
1561151609.547858 25.45 95638.55
1561151669.5767634 25.49 95635.57
1561151729.6056688 25.49 95636.47
1561151789.6345744 25.52 95637.08
1561151849.6634798 25.47 95634.46
1561151909.6923852 25.58 95633.64
1561151969.7368906 25.50 95632.36
1561152029.7657962 25.52 95633.36
1561152089.7947016 25.48 95636.54
1561152149.823607 25.49 95637.82
1561152209.8525126 25.48 95637.35
1561152269.881418 25.48 95641.46
1561152329.9259233 25.46 95639.85
1561152389.9548287 25.50 95644.14
1561152449.9837344 25.47 95642.17
1561152510.0126395 25.53 95647.13
1561152570.0415452 25.49 95650.47
1561152630.0704505 25.51 95645.78
1561152690.1149561 25.51 95650.91
1561152750.1438615 25.52 95646.19
1561152810.1727667 25.50 95651.27
1561152870.201672 25.49 95650.03
1561152930.2305777 25.47 95652.71
1561152990.259483 25.46 95653.41
1561153050.3039885 25.52 95654.13
1561153110.3328938 25.53 95653.35
1561153170.3617995 25.49 95655.16
1561153230.3907049 25.48 95655.76
1561153290.4196103 25.47 95656.19
1561153350.448516 25.49 95656.07
1561153410.4930212 25.48 95660.05
1561153470.5219266 25.47 95657.57
1561153530.550832 25.50 95665.50
1561153590.5797377 25.49 95663.77
1561153650.608643 25.48 95665.41
1561153710.6375482 25.52 95664.77
1561153770.6820538 25.55 95666.58
1561153830.7109594 25.53 95670.43
1561153890.7398648 25.53 95664.87
1561153950.7687702 25.56 95668.72
1561154010.7976756 25.54 95668.29
1561154070.826581 25.52 95672.71
1561154130.8710866 25.53 95671.77
1561154190.899992 25.48 95673.27
1561154250.9288974 25.51 95672.14
1561154310.9578028 25.48 95673.74
1561154370.9867082 25.48 95670.33
1561154431.0156138 25.49 95674.41
1561154491.0601194 25.51 95671.80
1561154551.0890245 25.48 95669.32
1561154611.11793 25.53 95672.24
1561154671.1468356 25.54 95673.64
1561154731.175741 25.50 95673.10
1561154791.2046463 25.54 95672.50
1561154851.2491517 25.53 95672.61
1561154911.278057 25.53 95671.67
1561154971.3069627 25.51 95671.10
1561155031.3358681 25.55 95669.93
1561155091.3647733 25.57 95670.87
1561155151.3936791 25.51 95670.22
1561155211.4381845 25.54 95670.74
1561155271.46709 25.51 95669.56
1561155331.4959953 25.50 95673.38
1561155391.5249007 25.53 95676.28
1561155451.553806 25.50 95676.89
1561155511.5827115 25.54 95679.21
1561155571.627217 25.52 95675.89
1561155631.6561227 25.56 95682.22
1561155691.6850278 25.50 95682.65
1561155751.7139332 25.52 95683.69
1561155811.7428389 25.51 95685.89
1561155871.7717443 25.54 95687.07
1561155931.8162496 25.54 95689.72
1561155991.845155 25.59 95695.69
1561156051.8740606 25.59 95699.37
1561156111.902966 25.54 95701.53
1561156171.9318714 25.47 95700.10
1561156231.960777 25.57 95701.88
1561156292.0052824 25.55 95705.72
1561156352.0341878 25.50 95700.50
1561156412.0630932 25.53 95700.70
1561156472.0919988 25.51 95699.76
1561156532.1209042 25.51 95704.05
1561156592.1498094 25.52 95703.85
1561156652.194315 25.58 95709.14
1561156712.2232206 25.56 95705.66
1561156772.252126 25.62 95707.88
1561156832.2810314 25.57 95704.96
1561156892.3099365 25.58 95707.71
1561156952.3388422 25.58 95705.50
1561157012.3833477 25.62 95704.96
1561157072.4122531 25.53 95704.89
1561157132.4411583 25.55 95706.36
1561157192.470064 25.52 95708.36
1561157252.4989693 25.55 95707.30
1561157312.5278747 25.54 95707.40
1561157372.5723803 25.55 95707.97
1561157432.6012857 25.52 95706.53
1561157492.630191 25.56 95708.00
1561157552.6590965 25.49 95706.15
1561157612.688002 25.52 95707.80
1561157672.7169075 25.54 95708.67
1561157732.745813 25.56 95713.10
1561157792.7903183 25.58 95715.71
1561157852.8192239 25.59 95708.98
1561157912.8481293 25.56 95712.69
1561157972.8770344 25.60 95710.79
1561158032.9059403 25.60 95715.08
1561158092.9348454 25.59 95713.10
1561158152.979351 25.55 95715.67
1561158213.0082564 25.53 95715.27
1561158273.0371618 25.50 95715.29
1561158333.0660672 25.55 95720.13
1561158393.0949726 25.49 95721.18
1561158453.1238782 25.53 95719.28
1561158513.1683836 25.52 95726.28
1561158573.1972892 25.53 95729.77
1561158633.2261944 25.58 95728.91
1561158693.2551 25.55 95730.47
1561158753.2840054 25.58 95729.94
1561158813.3129108 25.61 95733.13
1561158873.3418164 25.64 95731.75
1561158933.3863218 25.58 95733.09
1561158993.4152272 25.56 95734.12
1561159053.4441326 25.56 95733.05
1561159113.4730382 25.63 95735.88
1561159173.5019433 25.57 95739.52
1561159233.530849 25.63 95736.85
1561159293.5753543 25.52 95739.53
1561159353.6042597 25.54 95742.66
1561159413.6331654 25.59 95741.29
1561159473.6620705 25.53 95741.22
1561159533.690976 25.45 95741.07
1561159593.7198815 25.51 95741.41
1561159653.7643871 25.48 95738.83
1561159713.7932923 25.47 95742.17
1561159773.8221977 25.49 95741.38
1561159833.8511033 25.55 95738.91
1561159893.8800087 25.55 95734.99
1561159953.908914 25.51 95740.44
1561160013.9534194 25.47 95744.11
1561160073.982325 25.54 95734.79
1561160134.0112305 25.50 95740.50
1561160194.0401359 25.52 95732.64
1561160254.0690415 25.48 95737.22
1561160314.097947 25.51 95732.88
1561160374.1424522 25.47 95732.53
1561160434.1713576 25.43 95738.78
1561160494.2002633 25.55 95737.60
1561160554.2291687 25.52 95736.19
1561160614.258074 25.51 95739.74
1561160674.2869794 25.55 95736.43
1561160734.331485 25.54 95736.30
1561160794.3603904 25.48 95744.25
1561160854.3892958 25.52 95736.16
1561160914.418201 25.46 95745.55
1561160974.4471066 25.52 95743.36
1561161034.476012 25.48 95748.21
1561161094.5205173 25.50 95749.38
1561161154.5494232 25.51 95749.52
1561161214.5783284 25.45 95748.69
1561161274.6072338 25.49 95755.37
1561161334.6361392 25.47 95751.21
1561161394.6650448 25.47 95749.80
1561161454.7095501 25.51 95754.60
1561161514.7384555 25.50 95753.90
1561161574.767361 25.49 95753.83
1561161634.7962666 25.49 95755.94
