1560556878.968469 25.45 95397.24
1560556938.9973743 25.39 95397.73
1560556999.04188 25.48 95400.85
1560557059.0707853 25.45 95402.16
1560557119.0996904 25.51 95401.58
1560557179.1285963 25.44 95403.53
1560557239.1575015 25.51 95401.88
1560557299.1864069 25.53 95400.07
1560557359.2309124 25.53 95404.92
1560557419.2598178 25.57 95402.72
1560557479.2887232 25.57 95403.23
1560557539.3176286 25.50 95404.92
1560557599.3465343 25.49 95405.07
1560557659.3754396 25.50 95408.54
1560557719.419945 25.50 95406.03
1560557779.4488504 25.45 95405.85
1560557839.4777558 25.44 95405.48
1560557899.5066614 25.47 95409.66
1560557959.5355668 25.49 95407.64
1560558019.5644724 25.48 95407.38
1560558079.6089776 25.44 95408.16
1560558139.6378832 25.43 95408.86
1560558199.6667886 25.43 95413.99
1560558259.695694 25.41 95415.73
1560558319.7245994 25.45 95415.75
1560558379.769105 25.44 95419.14
1560558439.7980103 25.50 95419.56
1560558499.8269157 25.48 95413.41
1560558559.8558214 25.46 95416.96
1560558619.8847265 25.51 95417.82
1560558679.913632 25.49 95421.30
1560558739.9581375 25.55 95419.41
1560558799.9870431 25.53 95420.61
1560558860.0159483 25.48 95420.07
1560558920.0448537 25.47 95422.54
1560558980.0737593 25.42 95424.39
1560559040.1026647 25.40 95429.89
1560559100.1471703 25.46 95438.49
1560559160.1760755 25.51 95444.60
1560559220.204981 25.48 95448.28
1560559280.2338865 25.45 95446.96
1560559340.2627919 25.46 95443.50
1560559400.2916975 25.44 95441.70
1560559460.3362029 25.48 95442.22
1560559520.3651083 25.45 95440.25
1560559580.3940136 25.46 95436.14
1560559640.4229193 25.47 95440.12
1560559700.4518244 25.46 95439.72
1560559760.48073 25.45 95441.33
1560559820.5252354 25.46 95439.72
1560559880.554141 25.44 95440.57
1560559940.5830464 25.41 95438.96
1560560000.6119516 25.45 95435.47
1560560060.640857 25.46 95435.97
1560560120.6697626 25.45 95431.92
1560560180.7142682 25.46 95430.89
1560560240.7431734 25.48 95429.53
1560560300.772079 25.48 95430.99
1560560360.8009844 25.54 95428.05
1560560420.8298898 25.52 95429.23
1560560480.8587952 25.48 95426.86
1560560540.9033005 25.47 95428.64
1560560600.9322062 25.45 95428.54
1560560660.9611115 25.45 95428.07
1560560720.990017 25.48 95427.47
1560560781.0189226 25.52 95424.38
1560560841.047828 25.48 95425.63
1560560901.0923333 25.50 95424.67
1560560961.1212387 25.48 95425.32
1560561021.1501443 25.51 95426.82
1560561081.1790497 25.53 95425.74
1560561141.2079551 25.45 95424.75
1560561201.2368605 25.48 95423.85
1560561261.281366 25.51 95428.92
1560561321.3102715 25.46 95424.60
1560561381.339177 25.45 95424.46
1560561441.3680823 25.42 95426.41
1560561501.3969877 25.45 95424.79
1560561561.4414933 25.53 95425.91
1560561621.4703987 25.50 95425.96
1560561681.4993043 25.50 95425.78
1560561741.5282094 25.51 95423.97
1560561801.5571148 25.54 95425.53
1560561861.5860205 25.48 95423.67
1560561921.6305256 25.46 95423.49
1560561981.6594315 25.48 95423.08
1560562041.6883366 25.51 95421.13
1560562101.717242 25.49 95421.03
1560562161.7461476 25.50 95421.27
1560562221.775053 25.46 95417.39
1560562281.8195584 25.57 95419.50
1560562341.8484638 25.49 95419.86
1560562401.8773694 25.57 95422.64
1560562461.9062748 25.54 95422.39
1560562521.9351802 25.50 95422.77
1560562581.9640858 25.48 95427.77
1560562642.0085912 25.44 95426.33
1560562702.0374966 25.41 95428.68
1560562762.066402 25.41 95423.83
1560562822.0953076 25.44 95425.46
1560562882.124213 25.52 95421.42
1560562942.1531181 25.47 95419.86
1560563002.1976237 25.46 95420.31
1560563062.2265294 25.46 95415.96
1560563122.2554345 25.43 95418.00
1560563182.2843401 25.45 95419.44
1560563242.3132455 25.44 95418.47
1560563302.342151 25.45 95416.99
1560563362.3866565 25.43 95416.83
1560563422.4155617 25.47 95415.64
1560563482.4444673 25.49 95417.02
1560563542.4733727 25.49 95414.03
1560563602.502278 25.45 95417.89
1560563662.5311837 25.43 95419.50
1560563722.575689 25.47 95415.75
1560563782.6045945 25.55 95416.96
1560563842.6334999 25.51 95416.94
1560563902.6624055 25.50 95417.32
1560563962.691311 25.51 95416.10
1560564022.7202163 25.52 95416.07
1560564082.7647216 25.56 95417.26
1560564142.793627 25.51 95418.88
1560564202.8225327 25.51 95423.07
1560564262.851438 25.48 95420.94
1560564322.8803432 25.46 95420.47
1560564382.9092488 25.43 95422.52
1560564442.9537544 25.39 95423.27
1560564502.9826596 25.38 95424.03
1560564563.0115652 25.41 95424.10
1560564623.0404706 25.43 95425.64
1560564683.069376 25.42 95423.83
1560564743.0982814 25.50 95426.25
1560564803.1427867 25.50 95427.75
1560564863.1716924 25.55 95425.97
1560564923.2005978 25.51 95428.10
1560564983.2295032 25.44 95426.13
1560565043.2584088 25.45 95425.30
1560565103.2873142 25.45 95425.63
1560565163.3318195 25.41 95423.10
1560565223.360725 25.46 95422.01
1560565283.3896306 25.50 95423.11
1560565343.418536 25.42 95420.01
1560565403.4474413 25.46 95421.98
1560565463.476347 25.47 95421.03
1560565523.5208523 25.48 95421.27
1560565583.5497577 25.55 95420.96
1560565643.578663 25.52 95418.08
1560565703.6075685 25.54 95418.55
1560565763.6364741 25.47 95418.53
1560565823.6653793 25.44 95422.96
1560565883.709885 25.42 95421.46
1560565943.7387905 25.39 95421.16
1560566003.7676957 25.46 95421.08
1560566063.796601 25.48 95421.21
1560566123.8255064 25.52 95425.21
1560566183.854412 25.48 95418.63
1560566243.8989174 25.50 95420.60
1560566303.9278228 25.52 95420.92
1560566363.9567282 25.52 95418.51
1560566423.9856339 25.51 95421.23
1560566484.0145392 25.50 95419.83
1560566544.0434446 25.49 95420.20
1560566604.0723503 25.49 95423.71
1560566664.1168556 25.45 95420.27
1560566724.145761 25.47 95421.61
1560566784.1746664 25.47 95423.96
1560566844.203572 25.38 95423.53
1560566904.2324772 25.38 95424.88
1560566964.2613828 25.41 95423.10
1560567024.3058882 25.38 95421.39
1560567084.3347938 25.44 95420.55
1560567144.3636992 25.48 95415.75
1560567204.3926044 25.49 95417.69
1560567264.42151 25.44 95416.36
1560567324.4504154 25.49 95412.66
1560567384.494921 25.52 95414.27
1560567444.5238261 25.46 95413.54
1560567504.5527318 25.43 95415.32
1560567564.5816371 25.40 95415.39
1560567624.6105425 25.39 95416.77
1560567684.6394482 25.39 95418.55
1560567744.6839535 25.38 95417.58
1560567804.712859 25.41 95419.42
1560567864.7417643 25.44 95419.27
1560567924.77067 25.42 95417.21
1560567984.7995753 25.41 95412.28
1560568044.8284807 25.38 95415.36
1560568104.872986 25.38 95416.54
1560568164.9018915 25.39 95413.80
1560568224.930797 25.42 95416.67
1560568284.9597025 25.47 95418.02
1560568344.988608 25.43 95418.41
1560568405.0175133 25.44 95419.14
1560568465.0620189 25.50 95414.24
1560568525.0909243 25.52 95415.77
1560568585.1198294 25.44 95413.95
1560568645.148735 25.44 95419.31
1560568705.1776404 25.42 95419.64
1560568765.2065458 25.42 95415.60
1560568825.2510514 25.45 95416.92
1560568885.2799568 25.46 95417.66
1560568945.3088622 25.44 95412.44
1560569005.3377676 25.41 95411.01
1560569065.3666732 25.49 95412.50
1560569125.3955786 25.45 95413.32
1560569185.440084 25.46 95414.78
1560569245.4689894 25.41 95416.30
1560569305.497895 25.47 95411.22
1560569365.5268004 25.39 95411.18
1560569425.5557058 25.46 95412.71
1560569485.5846114 25.45 95410.57
1560569545.6135168 25.47 95412.74
1560569605.6580222 25.45 95410.53
1560569665.6869276 25.45 95409.63
1560569725.7158332 25.45 95415.08
1560569785.7447383 25.51 95411.12
1560569845.7736437 25.49 95412.33
1560569905.8025494 25.43 95412.38
1560569965.847055 25.43 95411.88
1560570025.8759604 25.47 95407.14
1560570085.9048655 25.48 95411.73
1560570145.933771 25.42 95408.07
1560570205.9626765 25.38 95408.47
1560570265.991582 25.40 95406.69
1560570326.0360873 25.39 95413.22
1560570386.0649927 25.39 95409.55
1560570446.0938983 25.37 95412.03
1560570506.1228037 25.46 95410.80
1560570566.151709 25.44 95409.83
1560570626.1806147 25.45 95407.68
1560570686.22512 25.45 95409.46
1560570746.2540255 25.46 95410.10
1560570806.2829309 25.47 95410.06
1560570866.3118365 25.41 95406.53
1560570926.3407419 25.38 95408.03
1560570986.369647 25.38 95405.60
1560571046.4141526 25.40 95407.96
1560571106.4430583 25.42 95408.93
1560571166.4719634 25.39 95403.69
1560571226.500869 25.36 95404.19
1560571286.5297744 25.32 95400.96
1560571346.5586798 25.35 95404.69
1560571406.6031854 25.39 95401.17
1560571466.6320906 25.39 95399.84
1560571526.6609962 25.33 95399.18
1560571586.6899016 25.36 95397.90
1560571646.718807 25.40 95393.85
1560571706.7477126 25.48 95393.11
1560571766.7922182 25.46 95385.36
1560571826.8211234 25.40 95395.42
1560571886.8500288 25.49 95389.27
1560571946.8789344 25.40 95390.89
1560572006.9078398 25.42 95389.49
1560572066.9367452 25.41 95389.69
1560572126.9812505 25.46 95386.83
1560572187.010156 25.43 95385.53
1560572247.0390615 25.39 95386.82
1560572307.067967 25.40 95383.30
1560572367.096872 25.42 95380.99
1560572427.125778 25.45 95379.53
1560572487.154683 25.42 95377.13
1560572547.1991887 25.44 95379.14
1560572607.228094 25.44 95374.96
1560572667.2569995 25.46 95376.38
1560572727.285905 25.43 95374.38
1560572787.3148103 25.41 95374.12
1560572847.343716 25.42 95374.85
1560572907.3882213 25.41 95374.56
1560572967.4171267 25.40 95372.49
1560573027.446032 25.41 95370.61
1560573087.4749377 25.43 95370.30
1560573147.503843 25.36 95364.20
1560573207.5327485 25.43 95362.83
1560573267.5772538 25.39 95364.32
1560573327.6061594 25.38 95365.42
1560573387.6350648 25.39 95364.59
1560573447.6639702 25.43 95360.69
1560573507.6928759 25.44 95363.13
1560573567.721781 25.45 95357.80
1560573627.7662866 25.42 95358.59
1560573687.795192 25.38 95357.23
1560573747.8240976 25.41 95356.88
1560573807.853003 25.42 95356.35
1560573867.8819082 25.41 95352.80
1560573927.9108138 25.38 95351.64
1560573987.9553194 25.42 95349.88
1560574047.9842248 25.47 95349.73
1560574108.01313 25.43 95347.77
1560574168.0420353 25.34 95351.18
1560574228.070941 25.32 95350.49
1560574288.0998464 25.40 95348.22
1560574348.144352 25.40 95349.05
1560574408.173257 25.43 95350.78
1560574468.2021627 25.41 95351.30
1560574528.2310681 25.40 95350.07
1560574588.2599735 25.36 95348.40
1560574648.2888792 25.35 95348.20
1560574708.3333845 25.34 95348.44
1560574768.36229 25.36 95350.24
1560574828.3911953 25.31 95347.11
1560574888.420101 25.32 95344.93
1560574948.449006 25.47 95348.39
1560575008.4779117 25.50 95343.83
1560575068.506817 25.52 95345.60
1560575128.5513227 25.48 95343.33
1560575188.580228 25.52 95343.08
1560575248.6091332 25.51 95346.80
1560575308.6380389 25.51 95347.50
1560575368.6669443 25.49 95342.80
1560575428.7114499 25.47 95342.71
1560575488.740355 25.46 95341.24
1560575548.7692606 25.51 95341.28
1560575608.798166 25.52 95341.75
1560575668.8270714 25.48 95342.80
1560575728.855977 25.52 95344.19
1560575788.9004824 25.47 95341.53
1560575848.9293878 25.43 95344.09
1560575908.9582932 25.48 95343.64
1560575968.9871988 25.43 95342.92
1560576029.0161042 25.36 95346.53
1560576089.0450096 25.38 95343.91
1560576149.089515 25.38 95350.10
1560576209.1184204 25.43 95347.47
1560576269.147326 25.42 95346.34
1560576329.1762314 25.40 95345.77
1560576389.205137 25.40 95346.94
1560576449.2340422 25.45 95345.85
1560576509.2785478 25.42 95342.49
1560576569.3074532 25.39 95342.07
1560576629.3363585 25.37 95341.90
1560576689.365264 25.38 95337.58
1560576749.3941693 25.38 95339.39
1560576809.4230747 25.37 95335.88
1560576869.4675803 25.39 95334.57
1560576929.496486 25.45 95335.64
1560576989.525391 25.42 95333.78
1560577049.5542965 25.37 95334.67
1560577109.5832021 25.31 95333.72
1560577169.6121075 25.27 95332.16
1560577229.656613 25.31 95333.02
1560577289.6855183 25.29 95333.50
1560577349.714424 25.36 95334.75
1560577409.7433293 25.36 95333.57
1560577469.7722347 25.33 95333.82
1560577529.8011403 25.32 95336.10
1560577589.8300457 25.36 95336.14
1560577649.874551 25.35 95337.82
1560577709.9034564 25.38 95337.64
1560577769.932362 25.35 95337.49
1560577829.9612672 25.34 95333.38
1560577889.9901726 25.37 95336.85
1560577950.0190783 25.33 95338.37
1560578010.0635839 25.37 95335.94
1560578070.0924892 25.30 95336.88
1560578130.1213944 25.28 95335.08
1560578190.1502998 25.33 95333.91
1560578250.1792054 25.29 95338.85
1560578310.2081108 25.36 95333.47
1560578370.2370162 25.33 95332.11
1560578430.2659218 25.31 95329.10
1560578490.3104272 25.32 95328.83
1560578550.3393326 25.31 95329.17
1560578610.368238 25.34 95327.58
1560578670.3971436 25.36 95329.89
1560578730.426049 25.33 95330.47
1560578790.4549544 25.35 95327.38
1560578850.4994597 25.36 95328.65
1560578910.5283654 25.29 95323.72
1560578970.5572708 25.29 95327.14
1560579030.586176 25.26 95323.39
1560579090.6150815 25.33 95324.11
1560579150.643987 25.29 95325.57
1560579210.6728923 25.28 95322.19
1560579270.717398 25.24 95324.78
1560579330.7463033 25.31 95321.94
1560579390.7752087 25.28 95322.02
1560579450.804114 25.30 95324.69
1560579510.8330197 25.30 95322.45
1560579570.8619251 25.28 95323.26
1560579630.9064305 25.30 95322.78
1560579690.9353359 25.35 95322.36
1560579750.9642415 25.33 95320.80
1560579810.993147 25.31 95323.35
1560579871.0220523 25.32 95320.17
1560579931.050958 25.26 95317.64
1560579991.0798633 25.35 95318.38
1560580051.1243687 25.29 95315.89
1560580111.153274 25.29 95315.59
1560580171.1821797 25.27 95315.10
1560580231.2110848 25.26 95312.22
1560580291.2399902 25.25 95313.77
1560580351.2688956 25.24 95311.36
1560580411.3134015 25.25 95310.42
1560580471.3423069 25.24 95309.11
1560580531.371212 25.25 95306.24
1560580591.4001174 25.25 95307.03
1560580651.429023 25.22 95309.19
1560580711.4579284 25.23 95306.75
1560580771.4868338 25.21 95308.22
1560580831.5313392 25.24 95304.94
1560580891.5602448 25.21 95309.89
1560580951.5891502 25.23 95306.64
1560581011.6180556 25.26 95305.76
1560581071.6469612 25.17 95308.88
1560581131.6758666 25.10 95307.52
1560581191.720372 25.16 95307.40
1560581251.7492774 25.16 95303.28
1560581311.778183 25.18 95302.21
1560581371.8070884 25.15 95303.25
1560581431.8359935 25.19 95301.50
1560581491.8648992 25.18 95301.60
1560581551.8938046 25.23 95301.02
1560581611.93831 25.25 95298.84
1560581671.9672155 25.21 95301.26
1560581731.996121 25.20 95300.53
1560581792.0250263 25.20 95298.99
1560581852.0539317 25.18 95300.14
1560581912.0828373 25.26 95300.01
1560581972.1117427 25.20 95304.21
1560582032.156248 25.15 95300.71
1560582092.1851535 25.20 95296.95
1560582152.214059 25.22 95299.11
1560582212.2429645 25.20 95300.30
1560582272.27187 25.19 95305.96
1560582332.3007755 25.19 95306.19
1560582392.345281 25.13 95305.40
1560582452.3741863 25.16 95306.03
1560582512.4030917 25.14 95302.59
1560582572.4319973 25.13 95302.80
1560582632.4609025 25.11 95297.28
1560582692.4898078 25.11 95297.58
1560582752.5187132 25.11 95296.94
1560582812.5632186 25.14 95297.80
1560582872.5921245 25.15 95298.03
1560582932.6210296 25.19 95296.58
1560582992.649935 25.19 95297.08
1560583052.6788406 25.22 95292.46
1560583112.707746 25.20 95292.33
1560583172.7366514 25.16 95297.43
1560583232.7811568 25.16 95298.03
1560583292.8100624 25.18 95299.20
1560583352.8389678 25.18 95303.75
1560583412.8678732 25.17 95299.84
1560583472.8967786 25.21 95303.10
1560583532.9256842 25.13 95303.89
1560583592.9701896 25.13 95303.70
1560583652.999095 25.16 95301.95
1560583713.0280006 25.16 95299.10
1560583773.0569057 25.16 95300.61
1560583833.0858111 25.15 95301.42
1560583893.1147168 25.16 95301.05
1560583953.1436222 25.18 95301.94
1560584013.1881275 25.18 95303.61
1560584073.217033 25.10 95299.66
1560584133.2459385 25.09 95297.92
1560584193.274844 25.07 95299.74
1560584253.3037493 25.07 95301.94
1560584313.332655 25.06 95301.98
1560584373.3615603 25.04 95300.55
1560584433.4060657 25.06 95301.47
1560584493.434971 25.06 95297.36
1560584553.4638767 25.10 95298.89
1560584613.492782 25.03 95298.64
1560584673.5216873 25.02 95299.05
1560584733.5505931 25.08 95300.47
1560584793.5950983 25.04 95298.37
1560584853.624004 25.05 95302.02
1560584913.6529093 25.02 95298.05
1560584973.6818144 25.05 95302.92
1560585033.71072 25.04 95307.53
1560585093.7396255 25.06 95304.56
1560585153.7685308 25.06 95304.99
1560585213.8130362 25.04 95310.08
1560585273.8419418 25.00 95307.61
1560585333.8708472 25.02 95308.21
1560585393.8997526 25.02 95308.58
1560585453.9286582 25.07 95309.30
1560585513.9575636 24.98 95310.92
1560585573.986469 24.98 95320.83
1560585634.0309744 24.96 95319.74
1560585694.05988 24.98 95317.89
1560585754.0887854 24.96 95321.31
1560585814.1176908 24.94 95318.60
1560585874.1465962 24.98 95319.57
1560585934.1755016 24.99 95318.25
1560585994.204407 25.01 95317.45
1560586054.2489123 25.06 95317.27
1560586114.2778182 25.06 95318.78
1560586174.3067234 25.04 95315.83
1560586234.3356287 25.00 95325.91
1560586294.3645344 25.00 95326.61
1560586354.3934398 24.98 95323.07
1560586414.4223452 24.98 95325.05
1560586474.4668505 25.00 95325.85
1560586534.4957561 24.99 95324.14
1560586594.5246615 25.01 95324.47
1560586654.553567 25.01 95329.66
1560586714.5824726 25.03 95327.58
1560586774.611378 25.13 95321.77
1560586834.640283 25.12 95324.95
1560586894.6847887 25.08 95328.30
1560586954.713694 25.08 95325.16
1560587014.7425997 25.03 95328.92
1560587074.7715049 24.99 95327.39
1560587134.8004103 25.00 95328.19
1560587194.829316 24.95 95326.83
1560587254.8582213 24.98 95326.72
1560587314.8871267 24.96 95333.08
1560587374.931632 24.93 95325.53
1560587434.9605377 24.94 95328.30
1560587494.989443 24.96 95325.42
1560587555.0183485 25.00 95331.10
1560587615.047254 24.96 95327.26
1560587675.0761595 24.96 95329.67
1560587735.1050646 24.94 95332.82
1560587795.1495702 24.92 95335.00
1560587855.1784759 24.97 95340.17
1560587915.207381 24.97 95347.63
1560587975.2362866 25.06 95357.08
1560588035.265192 25.06 95351.83
1560588095.2940974 25.05 95357.11
1560588155.3230028 25.09 95354.80
1560588215.3675082 25.16 95362.52
1560588275.3964138 25.07 95371.10
1560588335.4253192 25.01 95373.75
1560588395.4542246 24.99 95372.05
1560588455.4831302 25.00 95367.27
1560588515.5120356 25.02 95367.69
1560588575.540941 25.04 95375.65
1560588635.5854464 25.02 95377.57
1560588695.614352 24.98 95379.71
1560588755.6432574 24.96 95376.27
1560588815.6721628 24.88 95377.11
1560588875.7010684 24.94 95379.52
1560588935.7299736 24.92 95380.42
1560588995.758879 24.96 95387.97
1560589055.8033845 24.97 95391.52
1560589115.8322897 25.02 95390.00
1560589175.8611956 24.97 95394.63
1560589235.8901007 24.96 95394.80
1560589295.919006 24.90 95395.10
1560589355.9479117 24.95 95393.32
1560589415.992417 24.94 95394.13
1560589476.0213225 24.95 95392.92
1560589536.0502279 24.89 95393.74
1560589596.0791335 24.93 95398.08
1560589656.108039 24.96 95402.02
1560589716.1369443 24.99 95404.03
1560589776.1658497 24.98 95406.14
1560589836.2103553 24.99 95407.50
1560589896.2392607 24.99 95409.85
1560589956.268166 24.95 95410.82
1560590016.2970717 24.91 95412.96
1560590076.3259768 24.93 95413.10
1560590136.3548822 24.96 95410.22
1560590196.3837879 24.95 95407.31
1560590256.4282935 24.89 95409.42
1560590316.4571986 24.91 95407.94
1560590376.4861042 24.96 95409.28
1560590436.5150096 24.94 95411.46
1560590496.543915 25.01 95409.51
1560590556.5728204 24.97 95407.74
1560590616.601726 24.93 95405.60
1560590676.6462314 24.96 95408.82
1560590736.6751368 24.95 95409.65
1560590796.7040422 24.95 95411.72
1560590856.7329478 24.91 95415.30
1560590916.7618532 24.85 95417.18
1560590976.7907584 24.86 95415.03
1560591036.8196638 24.93 95414.80
1560591096.8641694 24.91 95414.64
1560591156.893075 24.94 95415.97
1560591216.9219804 24.97 95414.77
1560591276.9508855 24.98 95416.17
1560591336.9797912 24.90 95417.88
1560591397.0086966 24.95 95416.41
1560591457.037602 24.95 95414.43
1560591517.0665076 24.91 95414.47
1560591577.111013 24.96 95410.49
1560591637.1399183 25.00 95412.32
1560591697.1688237 24.92 95410.85
1560591757.1977293 24.97 95409.58
1560591817.2266347 24.89 95413.60
1560591877.2555401 24.92 95409.15
1560591937.2844455 24.94 95412.19
1560591997.3289511 24.96 95409.38
1560592057.3578565 24.95 95410.75
1560592117.386762 24.90 95410.75
1560592177.4156673 24.93 95415.84
1560592237.4445727 24.88 95416.64
1560592297.473478 24.90 95413.27
1560592357.5179837 24.91 95418.71
1560592417.5468893 24.88 95417.98
1560592477.5757945 24.85 95422.26
1560592537.6046999 24.87 95430.66
1560592597.6336055 24.86 95424.60
1560592657.6625109 24.86 95425.78
1560592717.6914163 24.84 95429.66
1560592777.7359216 24.91 95422.33
1560592837.7648273 24.86 95425.74
1560592897.7937326 24.87 95421.69
1560592957.822638 24.87 95428.92
1560593017.8515437 24.88 95426.78
1560593077.880449 24.89 95424.17
1560593137.9093542 24.87 95428.65
1560593197.9538598 24.83 95426.94
1560593257.9827652 24.94 95425.41
1560593318.0116708 24.91 95423.00
1560593378.040576 24.93 95426.44
1560593438.0694814 24.93 95427.78
1560593498.098387 24.92 95432.50
1560593558.1272924 24.98 95427.54
1560593618.1561978 24.93 95435.64
1560593678.2007031 24.84 95432.60
1560593738.2296088 24.82 95435.74
1560593798.2585142 24.84 95434.67
1560593858.2874196 24.88 95439.99
1560593918.3163252 24.88 95434.97
1560593978.3452306 24.96 95438.61
1560594038.3741357 24.95 95435.81
1560594098.4186413 24.98 95439.32
1560594158.447547 24.88 95445.35
1560594218.4764524 24.90 95447.28
1560594278.5053577 24.91 95443.63
1560594338.5342631 24.85 95445.44
1560594398.5631685 24.85 95448.58
1560594458.592074 24.90 95448.68
1560594518.6365795 24.88 95449.52
1560594578.649885 24.83 95455.27
1560594638.6943903 24.84 95454.24
1560594698.7232957 24.86 95456.41
1560594758.7522013 24.91 95458.72
1560594818.7811067 24.88 95459.39
1560594878.810012 24.85 95461.57
1560594938.8389175 24.89 95461.19
1560594998.867823 24.89 95460.26
1560595058.9123285 24.89 95466.45
1560595118.9412339 24.86 95465.44
1560595178.9701395 24.83 95467.48
1560595238.9990447 24.85 95465.17
1560595299.02795 24.88 95468.92
1560595359.0568554 24.88 95474.85
1560595419.085761 24.87 95473.37
1560595479.1302667 24.85 95478.05
1560595539.1591718 24.85 95473.70
1560595599.1880772 24.84 95474.34
1560595659.2169828 24.84 95482.27
1560595719.2458882 24.87 95479.16
1560595779.2747934 24.91 95482.36
1560595839.3036993 24.95 95483.50
1560595899.3482046 24.89 95483.67
1560595959.37711 24.85 95486.05
1560596019.4060154 24.83 95484.87
1560596079.434921 24.86 95486.98
1560596139.4638262 24.86 95486.48
1560596199.4927316 24.88 95486.14
1560596259.5216372 24.89 95488.69
1560596319.5661428 24.89 95492.10
1560596379.5950482 24.89 95492.40
1560596439.6239533 24.88 95493.17
1560596499.652859 24.84 95492.86
1560596559.6817644 24.89 95495.88
1560596619.7106698 24.87 95498.82
1560596679.7395754 24.90 95497.63
1560596739.7840807 24.90 95495.35
1560596799.8129861 24.98 95497.60
1560596859.8418915 25.00 95499.70
1560596919.8707972 24.99 95499.67
1560596979.8997023 24.90 95498.16
1560597039.928608 24.89 95500.96
1560597099.9575133 24.92 95500.74
1560597160.002019 24.92 95502.07
1560597220.0309243 24.93 95503.98
1560597280.0598295 24.96 95501.88
1560597340.0887349 24.87 95501.90
1560597400.1176405 24.94 95506.69
1560597460.146546 24.99 95507.23
1560597520.1754513 24.98 95510.24
1560597580.204357 24.96 95510.74
1560597640.2488623 24.97 95510.00
1560597700.2777677 24.97 95513.11
1560597760.306673 24.92 95516.28
1560597820.3355787 24.91 95515.88
1560597880.364484 24.98 95519.37
1560597940.3933895 24.97 95522.75
1560598000.4222949 24.93 95522.17
1560598060.4668005 24.93 95520.97
1560598120.4957058 24.98 95525.09
1560598180.524611 24.98 95526.86
1560598240.5535169 25.05 95532.42
1560598300.582422 25.04 95528.61
1560598360.6113274 25.03 95529.85
1560598420.640233 25.01 95530.14
1560598480.6847384 24.99 95530.35
1560598540.7136438 25.01 95533.19
1560598600.7425492 25.09 95532.89
1560598660.7714548 25.03 95534.36
1560598720.8003602 25.03 95537.85
1560598780.8292656 25.05 95537.17
1560598840.858171 25.05 95540.35
1560598900.9026766 25.08 95542.23
1560598960.931582 25.08 95541.56
1560599020.9604874 25.03 95539.38
1560599080.989393 25.13 95543.21
1560599141.0182981 25.14 95544.34
1560599201.0472035 25.08 95545.54
1560599261.0761092 25.08 95549.09
1560599321.1206148 25.06 95545.77
1560599381.14952 25.13 95544.98
1560599441.1784253 25.14 95546.05
1560599501.2073307 25.10 95550.60
1560599561.2362363 25.07 95546.82
1560599621.2651417 25.09 95549.46
1560599681.309647 25.06 95551.50
1560599741.3385525 25.05 95551.22
1560599801.367458 25.00 95555.07
1560599861.3963635 25.03 95553.83
1560599921.425269 25.03 95554.27
1560599981.4541745 25.02 95559.35
1560600041.4830797 25.00 95558.01
1560600101.5275853 25.01 95560.39
1560600161.5564907 25.03 95562.93
1560600221.5853963 25.02 95560.36
1560600281.6143017 25.02 95559.12
1560600341.6432068 25.08 95564.55
1560600401.6721125 25.14 95565.19
1560600461.7010179 25.17 95565.82
1560600521.7455235 25.14 95564.28
1560600581.7744286 25.11 95566.05
1560600641.8033342 25.13 95567.23
1560600701.8322396 25.07 95565.58
1560600761.861145 25.06 95568.53
1560600821.8900506 25.10 95571.81
1560600881.918956 25.09 95573.14
1560600941.9634614 25.07 95574.95
1560601001.9923668 25.09 95573.65
1560601062.0212724 24.99 95578.11
1560601122.0501778 25.09 95573.14
1560601182.0790832 25.15 95573.52
1560601242.1079886 25.14 95574.16
1560601302.136894 25.13 95573.15
1560601362.1813996 25.14 95575.63
1560601422.210305 25.18 95570.91
1560601482.2392106 25.13 95572.82
1560601542.2681158 25.16 95574.72
1560601602.2970212 25.17 95576.91
1560601662.3259265 25.16 95577.85
1560601722.370432 25.22 95576.97
1560601782.3993375 25.23 95574.97
1560601842.428243 25.24 95577.28
1560601902.4571483 25.22 95578.92
1560601962.486054 25.22 95577.38
1560602022.5149593 25.30 95579.72
1560602082.5438647 25.19 95578.58
1560602142.58837 25.17 95579.58
1560602202.6172757 25.10 95576.19
1560602262.646181 25.11 95579.07
1560602322.6750865 25.12 95579.24
1560602382.7039921 25.16 95577.60
1560602442.7328973 25.23 95580.28
1560602502.7618027 25.24 95576.07
1560602562.7907083 25.22 95580.39
1560602622.835214 25.22 95579.65
1560602682.8641193 25.22 95584.50
1560602742.8930244 25.23 95579.02
1560602802.92193 25.21 95580.35
1560602862.9508355 25.15 95581.65
1560602922.9797409 25.19 95580.59
1560602983.0086465 25.22 95584.17
1560603043.0531518 25.19 95584.37
1560603103.0820572 25.20 95585.41
1560603163.1109626 25.18 95585.53
1560603223.1398683 25.17 95583.39
1560603283.1687734 25.19 95582.03
1560603343.197679 25.15 95584.33
1560603403.2421844 25.21 95585.88
1560603463.27109 25.20 95587.64
1560603523.2999954 25.22 95586.44
1560603583.3289006 25.21 95584.14
1560603643.357806 25.21 95582.53
1560603703.3867116 25.22 95585.94
1560603763.415617 25.29 95581.33
1560603823.4601226 25.27 95581.86
1560603883.4890277 25.30 95583.54
1560603943.5179334 25.29 95580.53
1560604003.5468388 25.31 95582.41
1560604063.5757442 25.34 95581.16
1560604123.6046498 25.34 95579.72
1560604183.6491551 25.33 95578.52
1560604243.6780605 25.27 95580.33
1560604303.706966 25.23 95577.71
1560604363.7358716 25.27 95578.42
1560604423.764777 25.32 95578.46
1560604483.793682 25.31 95578.22
1560604543.8381877 25.38 95577.21
1560604603.8670933 25.35 95573.96
1560604663.8959987 25.32 95573.03
1560604723.924904 25.27 95575.14
1560604783.9538095 25.26 95573.07
1560604843.982715 25.21 95570.65
1560604904.0116203 25.22 95569.55
1560604964.0561259 25.24 95563.39
1560605024.0850315 25.30 95567.51
1560605084.1139367 25.24 95566.20
1560605144.142842 25.31 95565.77
1560605204.1717477 25.30 95561.46
1560605264.200653 25.32 95560.00
1560605324.2451584 25.29 95562.72
1560605384.2740638 25.23 95562.49
1560605444.3029695 25.25 95563.42
1560605504.3318748 25.24 95564.73
1560605564.3607802 25.28 95562.99
1560605624.3896859 25.30 95562.63
1560605684.434191 25.33 95561.14
1560605744.4630966 25.30 95560.14
1560605804.492002 25.31 95558.81
1560605864.5209074 25.31 95556.93
1560605924.549813 25.36 95559.85
1560605984.5787182 25.37 95559.21
1560606044.6232238 25.35 95556.86
1560606104.6521292 25.29 95552.01
1560606164.6810348 25.37 95557.20
1560606224.7099402 25.34 95554.55
1560606284.7388453 25.32 95555.09
1560606344.767751 25.29 95553.88
1560606404.7966564 25.36 95551.94
1560606464.841162 25.37 95552.74
1560606524.8700671 25.35 95556.36
1560606584.8989727 25.35 95559.71
1560606644.9278781 25.35 95553.38
1560606704.9567835 25.40 95555.86
1560606764.9856892 25.33 95551.74
1560606825.0301945 25.42 95554.42
1560606885.0591 25.44 95552.04
1560606945.0880053 25.44 95548.19
1560607005.116911 25.41 95546.96
1560607065.1458163 25.41 95551.94
1560607125.1747217 25.37 95550.91
1560607185.219227 25.42 95550.36
1560607245.2481327 25.40 95551.00
1560607305.277038 25.40 95549.39
1560607365.3059433 25.44 95543.67
1560607425.334849 25.39 95543.27
1560607485.3637543 25.41 95543.94
1560607545.4082599 25.43 95548.39
1560607605.4371653 25.44 95548.32
1560607665.4660704 25.55 95542.16
1560607725.494976 25.51 95538.51
1560607785.5238814 25.48 95537.11
1560607845.568387 25.46 95535.30
1560607905.5972922 25.45 95533.83
1560607965.6261978 25.42 95535.37
1560608025.6551032 25.41 95536.58
1560608085.6840086 25.37 95534.10
1560608145.7129142 25.43 95538.92
1560608205.7574196 25.37 95535.03
1560608265.786325 25.41 95535.41
1560608325.8152304 25.43 95535.34
1560608385.844136 25.41 95530.01
1560608445.8730414 25.47 95534.36
1560608505.9019468 25.50 95533.09
1560608565.9464521 25.47 95532.19
1560608625.9753578 25.47 95535.36
1560608686.0042632 25.46 95533.57
1560608746.0331686 25.48 95530.64
1560608806.0620742 25.48 95529.71
1560608866.0909793 25.44 95522.58
1560608926.135485 25.42 95525.63
1560608986.1643903 25.44 95521.47
1560609046.193296 25.42 95518.53
1560609106.222201 25.37 95520.21
1560609166.2511065 25.40 95516.69
1560609226.2800121 25.41 95511.47
1560609286.3245175 25.47 95509.55
1560609346.353423 25.46 95508.52
1560609406.3823283 25.48 95500.78
1560609466.411234 25.45 95497.50
1560609526.4401393 25.48 95500.78
1560609586.4846447 25.38 95496.35
1560609646.51355 25.41 95496.30
1560609706.5424554 25.41 95490.28
1560609766.571361 25.38 95487.03
1560609826.6002665 25.35 95486.77
1560609886.629172 25.38 95483.02
1560609946.6736772 25.40 95483.28
1560610006.7025828 25.40 95483.96
1560610066.7314882 25.38 95481.11
1560610126.7603936 25.42 95480.53
1560610186.7892992 25.44 95479.07
1560610246.8182044 25.38 95473.64
1560610306.86271 25.39 95472.17
1560610366.8916154 25.40 95469.57
1560610426.920521 25.41 95466.85
1560610486.9494262 25.40 95466.28
1560610546.9783316 25.38 95463.87
1560610607.0072372 25.40 95461.19
1560610667.0517428 25.34 95458.72
1560610727.0806482 25.37 95461.46
1560610787.1095533 25.34 95460.57
1560610847.138459 25.36 95457.58
1560610907.1673644 25.40 95455.50
1560610967.1962698 25.40 95451.25
1560611027.2407753 25.41 95446.49
1560611087.2696807 25.52 95444.89
1560611147.2985861 25.44 95440.57
1560611207.3274915 25.44 95442.71
1560611267.3563972 25.38 95440.74
1560611327.3853025 25.38 95435.11
1560611387.429808 25.38 95430.30
1560611447.4587133 25.41 95425.00
1560611507.487619 25.36 95427.73
1560611567.5165243 25.43 95427.78
1560611627.5454297 25.40 95422.93
1560611687.5743349 25.34 95419.46
1560611747.6188407 25.34 95417.39
1560611807.647746 25.35 95419.19
1560611867.6766515 25.37 95416.21
1560611927.705557 25.33 95414.28
1560611987.7344623 25.29 95410.64
1560612047.7633677 25.31 95410.96
1560612107.8078732 25.28 95410.38
1560612167.8367784 25.29 95408.77
1560612227.8656843 25.31 95408.19
1560612287.8945894 25.32 95405.07
1560612347.9234948 25.30 95402.84
1560612407.9524004 25.37 95396.36
1560612467.9969058 25.41 95396.55
1560612528.0258112 25.39 95394.35
1560612588.0547166 25.39 95390.33
1560612648.0836222 25.42 95385.36
1560612708.1125276 25.41 95381.89
1560612768.157033 25.40 95384.10
1560612828.1859384 25.40 95379.08
1560612888.214844 25.37 95381.47
1560612948.2437494 25.42 95377.64
1560613008.2726548 25.44 95375.02
1560613068.3015604 25.38 95371.49
1560613128.3460658 25.32 95377.23
1560613188.3749712 25.34 95369.63
1560613248.4038765 25.35 95363.07
1560613308.4327822 25.36 95365.71
1560613368.4616873 25.42 95361.97
1560613428.490593 25.46 95361.25
1560613488.5350983 25.42 95358.78
1560613548.564004 25.44 95358.85
1560613608.5929093 25.52 95356.47
1560613668.6218145 25.47 95356.10
1560613728.65072 25.38 95356.83
1560613788.6796255 25.32 95355.94
1560613848.724131 25.32 95346.44
1560613908.7530363 25.39 95346.92
1560613968.7819417 25.42 95347.41
1560614028.8108473 25.43 95340.75
1560614088.8397527 25.41 95340.99
1560614148.868658 25.37 95341.64
1560614208.8975637 25.30 95340.19
1560614268.942069 25.26 95340.57
1560614328.9709744 25.32 95342.28
1560614388.9998798 25.39 95338.11
1560614449.0287855 25.39 95337.54
1560614509.0576909 25.53 95336.41
1560614569.086596 25.46 95330.69
1560614629.1155016 25.44 95328.75
1560614689.1600072 25.44 95329.66
1560614749.1889124 25.41 95324.48
1560614809.217818 25.40 95323.95
1560614869.2467234 25.35 95320.19
1560614929.2756288 25.42 95316.44
1560614989.3201344 25.48 95315.67
1560615049.3490396 25.48 95315.49
1560615109.3779452 25.52 95311.88
1560615169.4068506 25.43 95314.30
1560615229.435756 25.39 95314.01
1560615289.4646616 25.39 95312.34
1560615349.509167 25.43 95310.61
1560615409.5380723 25.44 95307.83
1560615469.5669777 25.45 95305.72
1560615529.5958834 25.41 95305.94
1560615589.6247888 25.45 95304.28
1560615649.6536942 25.50 95300.91
1560615709.6981995 25.48 95308.46
1560615769.7271051 25.43 95300.91
1560615829.7560105 25.47 95301.03
1560615889.784916 25.46 95298.55
1560615949.813821 25.49 95301.05
1560616009.842727 25.46 95296.64
1560616069.8872323 25.51 95296.52
1560616129.9161377 25.56 95294.75
1560616189.945043 25.49 95291.85
1560616249.9739485 25.50 95292.50
1560616310.0028539 25.43 95292.24
1560616370.0317593 25.54 95289.61
1560616430.0762649 25.50 95288.35
1560616490.1051702 25.47 95286.92
1560616550.1340756 25.44 95285.24
1560616610.162981 25.42 95284.25
1560616670.1918867 25.42 95284.41
1560616730.2363923 25.48 95282.64
1560616790.2652974 25.49 95285.64
1560616850.2942028 25.43 95281.10
1560616910.3231084 25.42 95282.97
1560616970.3520138 25.39 95281.88
1560617030.3809192 25.46 95277.57
1560617090.4254246 25.44 95279.21
1560617150.4543302 25.46 95275.52
1560617210.4832356 25.42 95271.39
1560617270.512141 25.41 95268.35
1560617330.5410464 25.46 95267.99
1560617390.569952 25.45 95264.04
1560617450.6144574 25.47 95260.92
1560617510.6433628 25.51 95262.84
1560617570.6722684 25.50 95264.25
1560617630.7011738 25.46 95260.22
1560617690.730079 25.54 95263.76
1560617750.7589846 25.56 95260.74
1560617810.8034902 25.52 95256.64
1560617870.8323956 25.48 95255.92
1560617930.861301 25.50 95252.71
1560617990.890206 25.51 95251.96
1560618050.9191117 25.55 95250.77
1560618110.9480171 25.53 95248.74
1560618170.9925225 25.56 95253.64
1560618231.021428 25.53 95254.49
1560618291.0503335 25.49 95255.08
1560618351.079239 25.49 95252.81
1560618411.1081443 25.54 95251.98
1560618471.13705 25.48 95255.46
1560618531.1815553 25.43 95252.30
1560618591.2104607 25.49 95251.17
1560618651.239366 25.42 95251.07
1560618711.2682717 25.45 95245.50
1560618771.297177 25.54 95242.60
1560618831.3416824 25.52 95241.67
1560618891.3705878 25.50 95239.44
1560618951.3994935 25.53 95236.92
1560619011.4283988 25.52 95242.01
1560619071.4573042 25.51 95235.89
1560619131.4862096 25.50 95236.71
1560619191.5307152 25.50 95236.30
1560619251.5596206 25.48 95235.54
1560619311.588526 25.47 95234.64
1560619371.6174314 25.52 95233.98
1560619431.6463368 25.55 95229.80
1560619491.6752422 25.52 95227.25
1560619551.7197475 25.49 95230.75
1560619611.7486534 25.51 95227.49
1560619671.7775586 25.47 95225.87
1560619731.806464 25.48 95226.27
1560619791.8353696 25.44 95222.53
1560619851.864275 25.44 95225.32
1560619911.9087803 25.43 95223.25
1560619971.9376857 25.43 95223.25
1560620031.9665911 25.44 95223.14
1560620091.9954967 25.45 95222.67
1560620152.0244021 25.44 95219.96
1560620212.0533075 25.57 95221.57
1560620272.097813 25.50 95220.30
1560620332.1267185 25.50 95219.22
1560620392.155624 25.52 95210.78
1560620452.1845293 25.51 95213.93
1560620512.213435 25.53 95211.31
1560620572.2579403 25.49 95214.48
1560620632.2868457 25.45 95212.57
1560620692.315751 25.46 95213.75
1560620752.3446565 25.49 95214.31
1560620812.373562 25.49 95208.96
1560620872.4024673 25.49 95208.38
1560620932.4469728 25.45 95209.44
1560620992.4758785 25.52 95204.64
1560621052.5047836 25.53 95203.27
1560621112.533689 25.57 95200.50
1560621172.5625947 25.56 95204.92
1560621232.5915 25.56 95200.57
1560621292.6360054 25.59 95197.85
1560621352.6649108 25.56 95199.80
1560621412.6938164 25.55 95195.63
1560621472.7227218 25.54 95194.46
1560621532.7516272 25.55 95197.00
1560621592.7805328 25.52 95195.27
1560621652.8250382 25.51 95195.08
1560621712.8539436 25.49 95200.96
1560621772.882849 25.52 95197.39
1560621832.9117546 25.61 95199.03
1560621892.94066 25.61 95196.52
1560621952.9695652 25.57 95199.32
1560622013.0140707 25.53 95194.63
1560622073.0429761 25.58 95198.42
1560622133.0718818 25.57 95199.66
1560622193.1007872 25.58 95197.38
1560622253.1296923 25.56 95201.01
1560622313.174198 25.58 95201.03
1560622373.2031035 25.54 95199.08
1560622433.232009 25.56 95201.41
1560622493.260914 25.60 95199.21
1560622553.2898197 25.52 95201.14
1560622613.318725 25.54 95199.42
1560622673.3632307 25.52 95194.21
1560622733.392136 25.59 95197.78
1560622793.4210415 25.64 95196.77
1560622853.4499469 25.57 95197.96
1560622913.4788523 25.55 95202.16
1560622973.507758 25.52 95204.32
1560623033.5522635 25.57 95205.63
1560623093.5811687 25.56 95206.60
1560623153.610074 25.64 95207.39
1560623213.6389797 25.60 95204.50
1560623273.667885 25.53 95205.55
1560623333.7123904 25.53 95207.19
1560623393.7412958 25.57 95209.14
1560623453.7702014 25.56 95210.11
1560623513.7991068 25.48 95207.21
1560623573.8280122 25.59 95210.67
1560623633.8569176 25.55 95207.52
1560623693.9014232 25.51 95208.53
1560623753.9303286 25.48 95204.53
1560623813.959234 25.50 95208.08
1560623873.9881396 25.55 95206.57
1560623934.0170448 25.57 95202.32
1560623994.0459502 25.50 95206.64
1560624054.0904558 25.54 95202.57
1560624114.1193612 25.60 95204.66
1560624174.1482666 25.57 95201.00
1560624234.177172 25.54 95205.34
1560624294.2060773 25.58 95204.78
1560624354.234983 25.63 95201.26
1560624414.2794886 25.58 95202.67
1560624474.3083937 25.54 95205.14
1560624534.337299 25.50 95203.22
1560624594.3662047 25.56 95200.41
1560624654.3951101 25.54 95202.22
1560624714.4396155 25.56 95199.57
1560624774.4685209 25.58 95200.86
1560624834.4974265 25.58 95201.77
1560624894.526332 25.58 95203.07
1560624954.5552373 25.57 95204.39
1560625014.584143 25.55 95199.82
1560625074.6286483 25.53 95206.39
1560625134.6575537 25.55 95200.95
1560625194.686459 25.61 95202.95
1560625254.7153647 25.63 95200.96
1560625314.74427 25.72 95196.82
1560625374.7731752 25.72 95198.82
1560625434.8176808 25.64 95198.07
1560625494.8465865 25.60 95200.04
1560625554.8754916 25.58 95196.85
1560625614.9043972 25.58 95199.16
1560625674.9333026 25.59 95200.12
1560625734.962208 25.62 95197.05
1560625795.0067136 25.63 95200.36
1560625855.0356188 25.56 95198.74
1560625915.0645242 25.55 95198.84
1560625975.0934298 25.56 95200.75
1560626035.1223352 25.59 95197.50
1560626095.1668406 25.52 95197.12
1560626155.195746 25.48 95201.63
1560626215.2246516 25.62 95195.54
1560626275.253557 25.62 95196.75
1560626335.2824624 25.61 95199.43
1560626395.311368 25.62 95197.82
1560626455.3558733 25.67 95199.13
1560626515.3847787 25.71 95195.49
1560626575.4136841 25.65 95195.86
1560626635.4425898 25.63 95198.18
1560626695.4714952 25.63 95193.39
1560626755.5004003 25.59 95195.50
1560626815.544906 25.52 95197.49
1560626875.5738115 25.62 95200.24
1560626935.6027167 25.60 95196.80
1560626995.6316223 25.55 95200.28
1560627055.6605277 25.53 95201.60
1560627115.689433 25.55 95201.66
1560627175.7339387 25.61 95202.42
1560627235.762844 25.60 95201.55
1560627295.7917495 25.54 95204.80
1560627355.8206549 25.54 95202.29
1560627415.8495603 25.56 95202.42
1560627475.8940659 25.57 95205.32
1560627535.9229715 25.57 95205.63
1560627595.9518766 25.58 95207.29
1560627655.980782 25.62 95209.21
1560627716.0096877 25.60 95207.17
1560627776.038593 25.69 95207.85
1560627836.0830986 25.63 95208.16
1560627896.1120038 25.65 95209.58
1560627956.1409092 25.59 95213.85
1560628016.1698148 25.59 95216.46
1560628076.1987202 25.57 95221.39
1560628136.2276254 25.55 95216.08
1560628196.272131 25.51 95218.17
1560628256.3010366 25.51 95218.35
1560628316.329942 25.52 95219.58
1560628376.3588474 25.61 95218.46
1560628436.3877528 25.57 95223.03
1560628496.4166582 25.64 95220.38
1560628556.4611638 25.62 95222.67
1560628616.4900692 25.58 95222.75
1560628676.5189748 25.65 95222.41
1560628736.54788 25.61 95227.83
1560628796.5767853 25.60 95225.02
1560628856.621291 25.61 95227.22
1560628916.6501966 25.63 95226.14
1560628976.6791017 25.63 95227.18
1560629036.708007 25.59 95226.57
1560629096.7369127 25.59 95228.01
1560629156.765818 25.63 95226.64
1560629216.8103237 25.70 95229.25
1560629276.8392289 25.63 95228.85
1560629336.8681345 25.58 95224.47
1560629396.89704 25.61 95228.20
1560629456.9259453 25.57 95232.47
1560629516.954851 25.56 95231.88
1560629576.9837563 25.60 95231.11
1560629637.0282617 25.57 95230.64
1560629697.057167 25.59 95234.60
1560629757.0860727 25.65 95232.53
1560629817.114978 25.63 95233.85
1560629877.1438835 25.60 95237.18
1560629937.1727886 25.55 95235.20
1560629997.2172945 25.61 95237.74
1560630057.2461998 25.60 95236.24
1560630117.2751052 25.56 95237.30
1560630177.3040104 25.60 95241.60
1560630237.332916 25.67 95240.69
1560630297.3618214 25.69 95241.64
1560630357.4063268 25.61 95243.00
1560630417.4352324 25.62 95243.36
1560630477.4641378 25.61 95239.04
1560630537.4930432 25.58 95245.74
1560630597.5219486 25.59 95249.24
1560630657.566454 25.60 95248.96
1560630717.5953596 25.67 95247.25
1560630777.624265 25.68 95249.32
1560630837.6531703 25.66 95247.62
1560630897.682076 25.66 95249.83
1560630957.7109814 25.61 95247.42
1560631017.7554867 25.59 95249.50
1560631077.784392 25.60 95252.64
1560631137.8132977 25.64 95257.88
1560631197.8422031 25.62 95256.08
1560631257.8711085 25.64 95256.34
1560631317.900014 25.63 95255.27
1560631377.9445195 25.61 95256.16
1560631437.973425 25.64 95255.37
1560631498.0023303 25.64 95253.36
1560631558.0312357 25.67 95254.71
1560631618.060141 25.60 95258.00
1560631678.0890465 25.53 95256.10
1560631738.133552 25.58 95259.32
1560631798.1624577 25.53 95259.25
1560631858.1913629 25.57 95262.07
1560631918.2202682 25.53 95260.11
1560631978.2491736 25.62 95258.75
1560632038.2780793 25.58 95261.60
1560632098.3225846 25.60 95259.07
1560632158.35149 25.64 95259.69
1560632218.3803954 25.58 95263.77
1560632278.409301 25.61 95259.34
1560632338.4382064 25.69 95262.77
1560632398.4827118 25.73 95261.57
1560632458.5116172 25.62 95261.38
1560632518.5405228 25.60 95263.16
1560632578.5694282 25.58 95262.00
1560632638.5983336 25.63 95263.14
1560632698.6272392 25.63 95263.03
1560632758.6717446 25.61 95259.81
1560632818.70065 25.59 95263.00
1560632878.7295554 25.68 95262.54
1560632938.758461 25.66 95261.39
1560632998.7873664 25.63 95258.99
1560633058.8162715 25.62 95265.52
1560633118.8607771 25.71 95263.76
1560633178.8896828 25.70 95261.69
1560633238.918588 25.70 95260.85
1560633298.9474933 25.68 95264.25
1560633358.976399 25.66 95263.25
1560633419.0053043 25.65 95261.89
1560633479.04981 25.62 95262.00
1560633539.078715 25.63 95264.08
1560633599.1076207 25.60 95262.42
1560633659.136526 25.62 95261.61
1560633719.1654315 25.66 95263.57
1560633779.2099369 25.63 95260.86
1560633839.2388422 25.61 95259.91
1560633899.2677479 25.59 95259.32
1560633959.2966533 25.62 95262.85
1560634019.325559 25.67 95261.17
1560634079.3544643 25.64 95259.89
1560634139.3989697 25.60 95261.46
1560634199.427875 25.64 95263.24
1560634259.4567804 25.60 95263.60
1560634319.485686 25.59 95262.96
1560634379.5145915 25.54 95263.49
1560634439.5434966 25.58 95269.19
1560634499.5880022 25.55 95262.22
1560634559.6169078 25.59 95262.57
1560634619.6458132 25.57 95262.77
1560634679.6747186 25.66 95265.24
1560634739.703624 25.67 95260.44
1560634799.7325294 25.70 95264.85
1560634859.777035 25.68 95262.32
1560634919.8059404 25.65 95260.15
1560634979.8348458 25.68 95263.22
1560635039.8637512 25.63 95265.86
1560635099.8926566 25.64 95263.30
1560635159.9215622 25.66 95264.39
1560635219.9660678 25.64 95270.24
1560635279.994973 25.64 95269.94
1560635340.0238783 25.61 95268.78
1560635400.052784 25.70 95269.50
1560635460.0816894 25.67 95270.68
1560635520.1261947 25.63 95271.95
1560635580.1551 25.61 95273.10
1560635640.1840057 25.61 95272.76
1560635700.2129111 25.59 95273.10
1560635760.2418165 25.64 95276.64
1560635820.2707217 25.68 95279.83
1560635880.3152275 25.65 95277.90
1560635940.344133 25.61 95278.49
1560636000.3730383 25.61 95278.89
1560636060.401944 25.63 95277.44
1560636120.430849 25.66 95279.36
1560636180.4597545 25.69 95283.03
1560636240.50426 25.64 95281.11
1560636300.5331655 25.62 95286.46
1560636360.5620708 25.62 95287.46
1560636420.5909762 25.65 95290.12
1560636480.6198816 25.69 95285.67
1560636540.6487873 25.73 95287.36
1560636600.6932929 25.68 95293.35
1560636660.722198 25.75 95290.67
1560636720.7511034 25.69 95291.24
1560636780.780009 25.67 95287.92
1560636840.8089144 25.62 95289.50
1560636900.8378198 25.63 95290.77
1560636960.8823252 25.62 95296.53
1560637020.9112308 25.62 95296.10
1560637080.9401362 25.73 95297.38
1560637140.9690416 25.68 95298.47
1560637200.9979472 25.78 95297.21
1560637261.0424526 25.69 95292.98
1560637321.071358 25.63 95298.57
1560637381.1002634 25.64 95295.28
1560637441.129169 25.65 95295.04
1560637501.1580744 25.62 95294.69
1560637561.1869795 25.63 95297.00
1560637621.2314851 25.57 95298.27
1560637681.2603908 25.59 95300.67
1560637741.289296 25.58 95300.67
1560637801.3182015 25.66 95303.14
1560637861.347107 25.62 95300.61
1560637921.3760123 25.66 95300.25
1560637981.420518 25.67 95303.00
1560638041.449423 25.68 95304.57
1560638101.4783285 25.69 95304.80
1560638161.507234 25.68 95305.41
1560638221.5361395 25.70 95311.96
1560638281.5650449 25.66 95310.57
1560638341.6095502 25.66 95312.28
1560638401.6384559 25.64 95311.52
1560638461.6673613 25.66 95310.67
1560638521.6962667 25.66 95309.74
1560638581.7251723 25.68 95310.97
1560638641.7540777 25.74 95310.74
1560638701.798583 25.73 95314.36
1560638761.8274884 25.69 95314.17
1560638821.856394 25.73 95317.30
1560638881.8852994 25.70 95318.50
1560638941.9142046 25.66 95316.37
1560639001.9431105 25.63 95317.05
1560639061.9876158 25.60 95320.58
1560639122.0165212 25.62 95320.54
1560639182.0454266 25.59 95325.91
1560639242.074332 25.56 95328.47
1560639302.1032374 25.60 95324.77
1560639362.1321428 25.61 95324.97
1560639422.1766484 25.69 95329.21
1560639482.205554 25.66 95325.37
1560639542.2344592 25.73 95325.41
1560639602.2633646 25.71 95326.72
1560639662.2922702 25.69 95328.58
1560639722.3211756 25.69 95328.41
1560639782.365681 25.61 95330.52
1560639842.3945863 25.57 95333.39
1560639902.423492 25.58 95331.67
1560639962.4523973 25.63 95336.51
1560640022.4813027 25.64 95332.35
1560640082.5102084 25.65 95332.99
1560640142.5547135 25.65 95338.00
1560640202.583619 25.58 95339.32
1560640262.6125245 25.59 95340.85
1560640322.64143 25.64 95340.82
1560640382.6703355 25.60 95342.89
1560640442.6992407 25.65 95348.38
1560640502.7437463 25.58 95350.22
1560640562.7726517 25.61 95348.77
1560640622.801557 25.59 95355.58
1560640682.8304627 25.67 95351.83
1560640742.8593678 25.70 95354.83
1560640802.8882735 25.66 95358.36
1560640862.932779 25.61 95363.14
1560640922.9616842 25.63 95359.95
1560640982.9905896 25.63 95360.25
1560641043.0194952 25.62 95360.28
1560641103.0484006 25.64 95359.81
1560641163.077306 25.65 95364.46
1560641223.1218114 25.63 95365.64
1560641283.150717 25.70 95369.53
1560641343.1796224 25.68 95364.17
1560641403.2085278 25.70 95367.96
1560641463.2374334 25.74 95366.67
1560641523.2663388 25.70 95367.55
1560641583.3108442 25.69 95368.42
1560641643.3397496 25.63 95366.51
1560641703.3686552 25.63 95362.63
1560641763.3975606 25.70 95365.88
1560641823.4264657 25.65 95365.70
1560641883.4709713 25.65 95368.82
1560641943.499877 25.67 95369.11
1560642003.5287824 25.64 95366.71
1560642063.5576878 25.62 95366.17
1560642123.586593 25.64 95365.88
1560642183.6154985 25.64 95367.51
1560642243.6600041 25.56 95367.58
1560642303.6889095 25.57 95368.57
1560642363.7178147 25.56 95369.55
1560642423.7467203 25.61 95367.22
1560642483.7756257 25.62 95370.93
1560642543.804531 25.64 95369.75
1560642603.8490367 25.58 95368.44
1560642663.877942 25.58 95372.09
1560642723.9068475 25.57 95371.42
1560642783.9357529 25.59 95371.11
1560642843.9646585 25.60 95369.63
1560642903.993564 25.62 95371.10
1560642964.0380692 25.58 95377.11
1560643024.0669746 25.52 95373.55
1560643084.0958803 25.54 95375.75
1560643144.1247857 25.56 95376.11
1560643204.1536908 25.62 95374.28
