1560729709.4412296 25.62 95454.49
1560729769.470135 25.58 95459.21
1560729829.4990406 25.56 95458.95
1560729889.543546 25.57 95461.49
1560729949.5724514 25.58 95459.08
1560730009.6013567 25.63 95461.47
1560730069.6302624 25.58 95459.21
1560730129.6591675 25.58 95459.64
1560730189.6880732 25.59 95462.02
1560730249.7325785 25.61 95463.28
1560730309.7614841 25.62 95460.44
1560730369.7903895 25.59 95460.96
1560730429.8192947 25.63 95457.72
1560730489.8482 25.58 95460.85
1560730549.8771057 25.61 95459.10
1560730609.9216113 25.58 95461.09
1560730669.9505165 25.58 95459.35
1560730729.9794219 25.60 95460.64
1560730790.0083275 25.57 95460.92
1560730850.0372329 25.56 95461.89
1560730910.0661383 25.60 95461.35
1560730970.1106436 25.54 95467.63
1560731030.1395493 25.59 95465.03
1560731090.1684546 25.59 95463.53
1560731150.19736 25.52 95467.89
1560731210.2262657 25.52 95466.89
1560731270.255171 25.52 95466.33
1560731330.2996764 25.62 95463.46
1560731390.3285818 25.59 95459.44
1560731450.3574874 25.60 95464.50
1560731510.3863926 25.58 95462.72
1560731570.4152982 25.58 95462.42
1560731630.4442036 25.64 95458.60
1560731690.4887092 25.64 95460.50
1560731750.5176146 25.58 95461.53
1560731810.54652 25.60 95460.68
1560731870.5754254 25.62 95459.33
1560731930.6043308 25.61 95459.03
1560731990.6332362 25.62 95459.17
1560732050.6777418 25.57 95457.44
1560732110.7066474 25.59 95462.12
1560732170.7355525 25.54 95462.13
1560732230.764458 25.56 95459.89
1560732290.7933636 25.59 95460.55
1560732350.822269 25.55 95461.66
1560732410.8667746 25.54 95458.52
1560732470.8956797 25.53 95452.46
1560732530.924585 25.54 95451.75
1560732590.9534907 25.57 95452.61
1560732650.9823961 25.59 95453.82
1560732711.0113013 25.60 95453.55
1560732771.0558069 25.64 95455.58
1560732831.0847125 25.59 95455.36
1560732891.113618 25.55 95455.07
1560732951.1425233 25.54 95456.07
1560733011.1714287 25.57 95457.17
1560733071.200334 25.58 95455.89
1560733131.2448397 25.58 95453.35
1560733191.273745 25.59 95455.36
1560733251.3026507 25.54 95452.22
1560733311.3315558 25.57 95457.07
1560733371.3604612 25.59 95459.38
1560733431.3893669 25.55 95462.53
1560733491.4338725 25.50 95455.88
1560733551.4627776 25.55 95458.11
1560733611.491683 25.53 95456.04
1560733671.5205886 25.52 95452.06
1560733731.549494 25.56 95450.85
1560733791.5783994 25.55 95455.67
1560733851.6229048 25.53 95454.20
1560733911.6518104 25.52 95449.14
1560733971.6807158 25.51 95458.69
1560734031.7096212 25.51 95458.72
1560734091.7385268 25.53 95455.44
1560734151.7674322 25.58 95460.52
1560734211.8119376 25.56 95458.48
1560734271.840843 25.54 95457.85
1560734331.8697486 25.53 95458.78
1560734391.898654 25.51 95456.39
1560734451.9275594 25.48 95460.17
1560734511.9564645 25.49 95458.19
1560734571.9853702 25.50 95457.99
1560734632.0142756 25.50 95454.14
1560734692.0587811 25.52 95455.24
1560734752.0876863 25.56 95456.94
1560734812.116592 25.58 95458.85
1560734872.1454973 25.51 95456.85
1560734932.1744027 25.52 95458.42
1560734992.2033083 25.45 95459.38
1560735052.2478137 25.43 95457.84
1560735112.276719 25.49 95458.90
1560735172.3056245 25.47 95456.35
1560735232.33453 25.51 95458.86
1560735292.3634355 25.48 95458.10
1560735352.392341 25.48 95457.96
1560735412.4368463 25.55 95453.50
1560735472.465752 25.57 95455.80
1560735532.4946573 25.67 95458.19
1560735592.5235624 25.58 95452.67
1560735652.5524683 25.57 95453.46
1560735712.5813735 25.59 95453.99
1560735772.625879 25.54 95450.72
1560735832.6547844 25.54 95450.85
1560735892.6836898 25.48 95450.97
1560735952.7125952 25.49 95450.03
1560736012.7415006 25.51 95449.14
1560736072.7704062 25.57 95449.53
1560736132.8149116 25.55 95450.64
1560736192.843817 25.52 95452.23
1560736252.8727224 25.46 95453.61
1560736312.901628 25.45 95452.64
1560736372.9305334 25.49 95453.38
1560736432.9594388 25.52 95449.89
1560736493.0039442 25.57 95448.93
1560736553.0328496 25.52 95452.06
1560736613.0617552 25.51 95455.44
1560736673.0906606 25.45 95454.02
1560736733.119566 25.45 95456.22
1560736793.1484714 25.51 95453.80
1560736853.192977 25.54 95454.10
1560736913.2218823 25.45 95453.21
1560736973.2507877 25.42 95454.59
1560737033.2796934 25.41 95454.86
1560737093.3085985 25.44 95449.93
1560737153.337504 25.46 95456.00
1560737213.3820095 25.46 95453.78
1560737273.4109151 25.45 95454.99
1560737333.4398203 25.41 95453.86
1560737393.4687257 25.46 95453.44
1560737453.4976313 25.45 95455.53
1560737513.5265367 25.40 95452.42
1560737573.5710423 25.47 95452.67
1560737633.5999475 25.44 95452.75
1560737693.628853 25.51 95452.53
1560737753.6577585 25.49 95455.28
1560737813.6866639 25.44 95455.80
1560737873.7155695 25.48 95454.88
1560737933.744475 25.48 95456.59
1560737993.7889802 25.49 95456.12
1560738053.8178856 25.43 95454.82
1560738113.8467913 25.48 95457.50
1560738173.8756964 25.47 95456.53
1560738233.904602 25.41 95455.90
1560738293.9335074 25.40 95452.72
1560738353.978013 25.44 95455.42
1560738414.0069184 25.45 95454.19
1560738474.0358238 25.48 95456.55
1560738534.064729 25.47 95456.86
1560738594.0936346 25.49 95453.78
1560738654.12254 25.45 95455.66
1560738714.1670454 25.49 95453.71
1560738774.195951 25.52 95453.07
1560738834.2248564 25.49 95454.17
1560738894.2537618 25.50 95456.89
1560738954.2826672 25.47 95454.52
1560739014.3115728 25.44 95452.11
1560739074.3560781 25.47 95452.35
1560739134.3849835 25.46 95451.44
1560739194.413889 25.47 95450.83
1560739254.4427946 25.46 95450.03
1560739314.4717 25.51 95448.11
1560739374.500605 25.47 95448.32
1560739434.5451107 25.50 95449.28
1560739494.5740163 25.51 95448.64
1560739554.6029217 25.48 95445.50
1560739614.631827 25.50 95440.99
1560739674.6607325 25.52 95444.73
1560739734.689638 25.47 95442.93
1560739794.7341435 25.43 95440.93
1560739854.763049 25.40 95443.28
1560739914.7919543 25.48 95444.77
1560739974.8208597 25.44 95440.73
1560740034.849765 25.48 95441.60
1560740094.8786707 25.46 95445.91
1560740154.907576 25.41 95442.75
1560740214.9520814 25.47 95443.03
1560740274.9809868 25.45 95441.26
1560740335.0098925 25.48 95442.26
1560740395.0387979 25.46 95448.29
1560740455.0677032 25.49 95451.00
1560740515.0966089 25.46 95443.34
1560740575.141114 25.51 95444.27
1560740635.1700196 25.52 95444.02
1560740695.198925 25.50 95442.02
1560740755.2278304 25.51 95442.62
1560740815.256736 25.52 95441.28
1560740875.2856412 25.44 95442.74
1560740935.3301468 25.39 95438.23
1560740995.3590522 25.44 95437.89
1560741055.3879578 25.42 95433.60
1560741115.416863 25.41 95437.11
1560741175.4457684 25.42 95438.06
1560741235.474674 25.47 95435.43
1560741295.5191796 25.49 95436.27
1560741355.548085 25.48 95434.89
1560741415.5769901 25.43 95436.68
1560741475.6058958 25.37 95432.85
1560741535.6348011 25.43 95437.08
1560741595.6637065 25.41 95435.71
1560741655.7082121 25.42 95434.34
1560741715.7371175 25.45 95434.57
1560741775.766023 25.45 95431.05
1560741835.7949283 25.43 95434.24
1560741895.823834 25.41 95437.82
1560741955.852739 25.38 95430.60
1560742015.8816447 25.39 95433.34
1560742075.92615 25.37 95432.41
1560742135.9550557 25.46 95434.53
1560742195.983961 25.42 95433.00
1560742256.0128663 25.50 95432.82
1560742316.041772 25.51 95433.28
1560742376.0706773 25.59 95426.97
1560742436.1151829 25.55 95429.32
1560742496.1440883 25.55 95428.45
1560742556.1729934 25.58 95428.61
1560742616.201899 25.54 95424.71
1560742676.2308044 25.61 95423.38
1560742736.2597098 25.59 95423.89
1560742796.3042152 25.58 95425.89
1560742856.3331208 25.59 95424.85
1560742916.3620262 25.58 95425.89
1560742976.3909316 25.59 95424.62
1560743036.4198372 25.54 95427.25
1560743096.4643426 25.56 95424.96
1560743156.493248 25.52 95424.61
1560743216.5221534 25.53 95426.85
1560743276.551059 25.60 95429.10
1560743336.5799644 25.56 95427.75
1560743396.6088698 25.55 95426.31
1560743456.6533751 25.54 95426.27
1560743516.6822808 25.55 95425.71
1560743576.7111862 25.55 95423.70
1560743636.7400916 25.53 95428.02
1560743696.7689972 25.50 95426.25
1560743756.7979023 25.48 95428.53
1560743816.842408 25.45 95429.21
1560743876.8713133 25.43 95426.81
1560743936.900219 25.43 95425.27
1560743996.929124 25.46 95430.52
1560744056.9580295 25.47 95424.89
1560744116.9869351 25.42 95423.36
1560744177.0314405 25.41 95425.94
1560744237.0603461 25.41 95427.52
1560744297.0892513 25.41 95422.89
1560744357.118157 25.42 95424.03
1560744417.1470623 25.40 95424.94
1560744477.1759677 25.40 95422.93
1560744537.220473 25.40 95424.87
1560744597.2493784 25.43 95421.18
1560744657.278284 25.49 95420.53
1560744717.3071895 25.46 95422.18
1560744777.336095 25.47 95424.02
1560744837.3650002 25.42 95421.22
1560744897.4095058 25.40 95419.01
1560744957.4384112 25.42 95418.34
1560745017.4673166 25.45 95415.38
1560745077.4962223 25.48 95417.42
1560745137.5251276 25.43 95416.60
1560745197.5540328 25.40 95413.72
1560745257.5985384 25.41 95413.19
1560745317.627444 25.40 95411.92
1560745377.6563492 25.41 95412.21
1560745437.6852548 25.41 95408.53
1560745497.7141602 25.42 95403.31
1560745557.7430656 25.41 95409.38
1560745617.771971 25.39 95411.92
1560745677.8164763 25.45 95411.00
1560745737.845382 25.39 95408.94
1560745797.8742874 25.41 95409.88
1560745857.9031928 25.43 95410.57
1560745917.9320984 25.42 95411.58
1560745977.9610038 25.40 95404.11
1560746038.0055091 25.41 95406.53
1560746098.0344145 25.43 95407.52
1560746158.0633202 25.40 95404.68
1560746218.0922256 25.38 95401.95
1560746278.121131 25.33 95403.57
1560746338.1500363 25.33 95399.89
1560746398.1789417 25.39 95399.13
1560746458.207847 25.42 95395.24
1560746518.2523527 25.43 95395.17
1560746578.2812579 25.40 95397.42
1560746638.3101635 25.37 95399.71
1560746698.339069 25.45 95397.17
1560746758.3679743 25.44 95394.60
1560746818.39688 25.44 95395.03
1560746878.4413853 25.48 95394.32
1560746938.4702907 25.44 95395.87
1560746998.499196 25.38 95394.95
1560747058.5281017 25.35 95394.32
1560747118.557007 25.37 95392.85
1560747178.5859125 25.36 95389.77
1560747238.6304178 25.37 95394.62
1560747298.6593235 25.39 95390.36
1560747358.6882288 25.35 95392.52
1560747418.7171342 25.33 95388.03
1560747478.7460399 25.43 95390.15
1560747538.774945 25.37 95391.41
1560747598.8038504 25.38 95389.96
1560747658.848356 25.34 95389.33
1560747718.8772616 25.44 95387.33
1560747778.9061668 25.55 95388.71
1560747838.9350722 25.59 95384.54
1560747898.9639778 25.59 95383.77
1560747958.9928832 25.52 95384.93
1560748019.0373888 25.56 95385.16
1560748079.066294 25.51 95381.16
1560748139.0951996 25.50 95385.94
1560748199.124105 25.50 95383.93
1560748259.1530104 25.49 95380.56
1560748319.181916 25.55 95381.85
1560748379.2264214 25.57 95379.63
1560748439.2553267 25.56 95379.92
1560748499.2842321 25.49 95379.96
1560748559.3131378 25.50 95379.72
1560748619.342043 25.51 95376.66
1560748679.3709486 25.48 95375.58
1560748739.415454 25.41 95379.48
1560748799.4443595 25.41 95378.41
1560748859.473265 25.40 95378.17
1560748919.50217 25.47 95376.32
1560748979.5310755 25.49 95375.50
1560749039.559981 25.44 95374.38
1560749099.6044867 25.38 95371.28
1560749159.633392 25.29 95373.02
1560749219.6622972 25.35 95368.55
1560749279.6912029 25.35 95368.61
1560749339.7201083 25.27 95369.82
1560749399.7490137 25.30 95367.39
1560749459.793519 25.36 95364.83
1560749519.8224247 25.35 95365.10
1560749579.85133 25.34 95365.44
1560749639.8802354 25.36 95363.13
1560749699.909141 25.31 95357.96
1560749759.9380465 25.30 95365.79
1560749819.9825518 25.32 95365.02
1560749880.0114572 25.28 95364.35
1560749940.0403628 25.26 95367.91
1560750000.0692682 25.30 95358.36
1560750060.0981736 25.31 95357.46
1560750120.127079 25.30 95355.99
1560750180.1559844 25.36 95359.41
1560750240.20049 25.37 95360.48
1560750300.2293954 25.31 95354.03
1560750360.258301 25.25 95360.58
1560750420.2872062 25.27 95355.36
1560750480.3161116 25.34 95353.69
1560750540.3450172 25.45 95353.92
1560750600.3895228 25.39 95355.35
1560750660.418428 25.39 95356.69
1560750720.4473333 25.32 95350.32
1560750780.476239 25.35 95353.42
1560750840.5051444 25.35 95351.75
1560750900.5340497 25.32 95352.92
1560750960.5629554 25.33 95351.02
1560751020.6074605 25.29 95348.86
1560751080.6363661 25.28 95347.69
1560751140.6652715 25.29 95348.89
1560751200.694177 25.31 95349.59
1560751260.7230825 25.31 95345.78
1560751320.7519877 25.38 95348.29
1560751380.7964933 25.40 95348.22
1560751440.8253987 25.31 95344.36
1560751500.854304 25.29 95341.22
1560751560.8832097 25.34 95339.97
1560751620.9121149 25.37 95339.96
1560751680.9410205 25.37 95338.28
1560751740.985526 25.39 95339.75
1560751801.0144315 25.34 95342.92
1560751861.0433366 25.28 95339.25
1560751921.0722423 25.26 95339.77
1560751981.1011477 25.25 95335.42
1560752041.130053 25.28 95338.35
1560752101.1589587 25.28 95334.67
1560752161.203464 25.28 95338.15
1560752221.2323694 25.31 95339.51
1560752281.2612748 25.30 95337.24
1560752341.2901804 25.35 95340.03
1560752401.3190858 25.29 95336.14
1560752461.3479912 25.33 95334.32
1560752521.3924966 25.38 95334.20
1560752581.4214022 25.36 95336.14
1560752641.4503076 25.32 95334.39
1560752701.4792128 25.27 95332.03
1560752761.5081186 25.24 95331.64
1560752821.5370238 25.25 95328.22
1560752881.5659292 25.25 95331.40
1560752941.6104348 25.32 95328.93
1560753001.63934 25.31 95320.10
1560753061.6682456 25.28 95320.52
1560753121.697151 25.28 95316.33
1560753181.7260563 25.23 95316.92
1560753241.754962 25.27 95320.12
1560753301.7994673 25.31 95314.32
1560753361.8283727 25.31 95316.72
1560753421.857278 25.28 95319.25
1560753481.8861837 25.29 95317.40
1560753541.9150891 25.31 95320.77
1560753601.9439945 25.29 95322.08
1560753661.9729002 25.26 95322.39
1560753722.0174055 25.24 95321.40
1560753782.046311 25.24 95324.61
1560753842.0752163 25.23 95325.18
1560753902.1041217 25.26 95325.38
1560753962.1330273 25.23 95323.21
1560754022.1619325 25.22 95323.58
1560754082.206438 25.25 95321.03
1560754142.2353437 25.30 95318.43
1560754202.2642488 25.33 95314.94
1560754262.2931542 25.37 95317.47
1560754322.3220599 25.27 95315.86
1560754382.3509653 25.24 95313.30
1560754442.3798707 25.24 95312.80
1560754502.424376 25.28 95314.72
1560754562.4532816 25.27 95314.86
1560754622.482187 25.23 95315.17
1560754682.5110924 25.24 95316.14
1560754742.539998 25.28 95315.00
1560754802.5689034 25.24 95315.38
1560754862.5978086 25.25 95312.83
1560754922.6423142 25.22 95309.66
1560754982.6712198 25.23 95312.84
1560755042.7001252 25.26 95312.33
1560755102.7290304 25.24 95308.55
1560755162.7579358 25.34 95308.61
1560755222.7868414 25.29 95306.72
1560755282.8313468 25.27 95308.07
1560755342.8602524 25.27 95309.24
1560755402.8891575 25.28 95309.64
1560755462.9180632 25.30 95309.89
1560755522.9469686 25.25 95310.25
1560755582.975874 25.26 95314.03
1560755643.0047796 25.26 95312.33
1560755703.033685 25.25 95313.00
1560755763.0781903 25.24 95308.05
1560755823.1070957 25.28 95311.64
1560755883.1360013 25.33 95308.64
1560755943.1649067 25.34 95309.21
1560756003.1938121 25.33 95308.69
1560756063.2227175 25.36 95308.77
1560756123.251623 25.38 95309.20
1560756183.2961285 25.34 95304.76
1560756243.325034 25.31 95303.44
1560756303.3539393 25.29 95301.86
1560756363.3828447 25.35 95304.16
1560756423.41175 25.31 95305.58
1560756483.4406557 25.30 95304.64
1560756543.4851613 25.29 95303.88
1560756603.5140665 25.29 95301.74
1560756663.5429718 25.31 95300.39
1560756723.5718775 25.33 95298.27
1560756783.6007829 25.37 95301.63
1560756843.6296883 25.32 95295.63
1560756903.658594 25.34 95296.39
1560756963.7030993 25.29 95299.46
1560757023.7320046 25.31 95297.82
1560757083.76091 25.38 95296.25
1560757143.7898152 25.36 95296.92
1560757203.818721 25.30 95299.46
1560757263.8476262 25.25 95298.10
1560757323.8921318 25.29 95300.80
1560757383.9210372 25.31 95301.26
1560757443.9499426 25.29 95301.30
1560757503.978848 25.32 95305.07
1560757564.0077534 25.28 95302.85
1560757624.036659 25.31 95300.19
1560757684.0655644 25.29 95304.08
1560757744.1100698 25.28 95301.88
1560757804.1389751 25.24 95305.00
1560757864.1678808 25.25 95306.40
1560757924.1967862 25.30 95304.38
1560757984.2256916 25.29 95306.19
1560758044.2545972 25.35 95302.78
1560758104.2991025 25.34 95301.51
1560758164.328008 25.33 95303.06
1560758224.3569133 25.38 95300.56
1560758284.385819 25.40 95302.30
1560758344.414724 25.40 95302.25
1560758404.4436297 25.44 95301.81
1560758464.4725351 25.40 95303.36
1560758524.5170407 25.39 95308.02
1560758584.5459461 25.39 95303.44
1560758644.5748513 25.41 95301.66
1560758704.603757 25.36 95302.21
1560758764.6326623 25.30 95306.11
1560758824.6615677 25.37 95305.55
1560758884.706073 25.35 95305.39
1560758944.7349787 25.41 95304.60
1560759004.763884 25.40 95305.14
1560759064.7927895 25.42 95306.13
1560759124.821695 25.37 95304.58
1560759184.8506005 25.48 95311.63
1560759244.8795059 25.38 95309.42
1560759304.9240112 25.39 95313.85
1560759364.9529166 25.44 95310.24
1560759424.9818223 25.40 95310.56
1560759485.0107276 25.38 95311.03
1560759545.0396328 25.35 95312.32
1560759605.0685384 25.32 95315.71
1560759665.113044 25.29 95310.77
1560759725.1419492 25.30 95315.66
1560759785.1708548 25.31 95317.83
1560759845.1997602 25.29 95317.93
1560759905.2286656 25.31 95317.06
1560759965.257571 25.31 95318.50
1560760025.2864766 25.28 95317.83
1560760085.330982 25.36 95326.47
1560760145.3598874 25.32 95327.10
1560760205.3887928 25.39 95321.35
1560760265.4176984 25.33 95326.96
1560760325.4466038 25.33 95331.17
1560760385.4755092 25.34 95332.81
1560760445.5200145 25.27 95330.83
1560760505.5489202 25.25 95336.69
1560760565.5778255 25.30 95331.75
1560760625.606731 25.24 95331.44
1560760685.6356366 25.25 95333.30
1560760745.6645417 25.30 95334.77
1560760805.693447 25.31 95335.57
1560760865.7379527 25.31 95337.57
1560760925.766858 25.26 95341.97
1560760985.7957637 25.25 95338.36
1560761045.824669 25.25 95344.11
1560761105.8535745 25.26 95341.10
1560761165.88248 25.29 95344.71
1560761225.9269853 25.30 95337.91
1560761285.9558907 25.33 95344.02
1560761345.984796 25.28 95347.52
1560761406.0137017 25.25 95347.86
1560761466.042607 25.30 95345.91
1560761526.0715125 25.29 95343.71
1560761586.1004179 25.27 95351.57
1560761646.1449234 25.25 95349.07
1560761706.1738288 25.26 95350.34
1560761766.2027342 25.30 95351.44
1560761826.2316399 25.31 95356.99
1560761886.260545 25.30 95356.14
1560761946.2894504 25.33 95355.10
1560762006.333956 25.29 95359.40
1560762066.3628616 25.27 95361.65
1560762126.3917668 25.20 95362.94
1560762186.4206724 25.26 95366.53
1560762246.4495778 25.26 95366.27
1560762306.4784832 25.31 95368.77
1560762366.5073886 25.27 95369.48
1560762426.551894 25.28 95369.71
1560762486.5807996 25.27 95368.58
1560762546.609705 25.33 95366.25
1560762606.6386104 25.33 95370.46
1560762666.667516 25.32 95375.02
1560762726.6964214 25.35 95370.06
1560762786.7409267 25.33 95376.79
1560762846.7698321 25.37 95378.11
1560762906.7987378 25.37 95377.78
1560762966.8276432 25.32 95376.96
1560763026.8565485 25.30 95382.60
1560763086.885454 25.30 95381.92
1560763146.9299595 25.26 95383.17
1560763206.958865 25.25 95384.71
1560763266.9877703 25.22 95383.11
1560763327.0166755 25.24 95381.40
1560763387.045581 25.31 95385.33
1560763447.0744865 25.33 95387.83
1560763507.103392 25.29 95389.35
1560763567.1478975 25.30 95389.25
1560763627.1768029 25.30 95392.00
1560763687.2057083 25.25 95395.25
1560763747.2346137 25.27 95392.24
1560763807.2635193 25.28 95396.99
1560763867.2924247 25.25 95397.60
1560763927.32133 25.26 95396.49
1560763987.3658354 25.25 95398.77
1560764047.394741 25.21 95398.14
1560764107.4236465 25.24 95396.22
1560764167.4525518 25.22 95400.55
1560764227.4814575 25.21 95398.41
1560764287.5103626 25.20 95401.19
1560764347.5548682 25.19 95398.21
1560764407.5837736 25.22 95394.02
1560764467.6126792 25.20 95397.84
1560764527.6415844 25.22 95399.17
1560764587.6704898 25.24 95399.88
1560764647.6993954 25.16 95398.32
1560764707.7283008 25.19 95401.55
1560764767.7572062 25.16 95405.75
1560764827.8017116 25.15 95408.96
1560764887.8306172 25.14 95412.88
1560764947.8595226 25.16 95412.03
1560765007.888428 25.18 95416.02
1560765067.9173336 25.22 95415.00
1560765127.946239 25.17 95418.92
1560765187.9751441 25.19 95420.36
1560765248.0196497 25.16 95422.74
1560765308.0485554 25.21 95423.44
1560765368.0774605 25.19 95422.03
1560765428.1063662 25.16 95425.59
1560765488.1352713 25.20 95423.03
1560765548.164177 25.20 95423.61
1560765608.1930823 25.24 95424.64
1560765668.2375877 25.28 95430.28
1560765728.266493 25.19 95426.22
1560765788.2953987 25.20 95427.63
1560765848.324304 25.22 95426.99
1560765908.3532095 25.18 95427.02
1560765968.3821151 25.15 95425.85
1560766028.4266205 25.16 95431.88
1560766088.4555259 25.18 95432.08
1560766148.4844313 25.14 95434.02
1560766208.513337 25.14 95435.69
1560766268.5422423 25.13 95435.89
1560766328.5711477 25.13 95443.16
1560766388.600053 25.27 95438.02
1560766448.6445587 25.24 95437.52
1560766508.673464 25.29 95440.13
1560766568.7023692 25.24 95439.63
1560766628.731275 25.21 95442.01
1560766688.7601802 25.16 95442.14
1560766748.7890856 25.21 95442.32
1560766808.8335912 25.18 95442.14
1560766868.8624966 25.19 95440.44
1560766928.891402 25.21 95443.49
1560766988.9203074 25.21 95443.99
1560767048.949213 25.25 95443.51
1560767108.9781184 25.21 95444.82
1560767169.0070238 25.24 95439.96
1560767229.0515292 25.28 95445.75
1560767289.0804348 25.25 95441.94
1560767349.1093402 25.25 95451.21
1560767409.1382456 25.24 95454.46
1560767469.1671512 25.25 95448.60
1560767529.1960564 25.27 95452.58
1560767589.2249618 25.24 95452.17
1560767649.2694674 25.26 95453.05
1560767709.2983727 25.27 95453.75
1560767769.3272781 25.22 95452.75
1560767829.3561835 25.27 95451.35
1560767889.385089 25.26 95455.72
1560767949.4139946 25.29 95457.42
1560768009.4585001 25.28 95457.33
1560768069.4874053 25.29 95455.63
1560768129.5163107 25.39 95459.32
1560768189.5452163 25.39 95457.08
1560768249.5741217 25.35 95461.36
1560768309.603027 25.35 95462.77
1560768369.6319327 25.39 95461.76
1560768429.676438 25.38 95470.57
1560768489.7053435 25.39 95466.69
1560768549.7342489 25.29 95465.52
1560768609.7631545 25.31 95469.44
1560768669.79206 25.30 95470.45
1560768729.820965 25.27 95475.50
1560768789.8654706 25.28 95473.29
1560768849.8943763 25.30 95473.63
1560768909.9232817 25.32 95476.43
1560768969.9521868 25.34 95475.13
1560769029.9810925 25.39 95478.53
1560769090.0099978 25.37 95475.02
1560769150.0545034 25.39 95474.65
1560769210.0834088 25.38 95477.29
1560769270.1123142 25.34 95479.41
1560769330.1412196 25.35 95481.39
1560769390.170125 25.37 95483.56
1560769450.1990306 25.34 95474.55
1560769510.227936 25.35 95482.22
1560769570.2724414 25.39 95482.14
1560769630.3013468 25.39 95484.53
1560769690.3302522 25.41 95482.17
1560769750.3591578 25.33 95485.13
1560769810.388063 25.32 95487.75
1560769870.4169688 25.29 95491.13
1560769930.461474 25.33 95490.78
1560769990.4903796 25.32 95494.67
1560770050.519285 25.31 95491.60
1560770110.54819 25.30 95495.72
1560770170.5770957 25.36 95496.75
1560770230.6060011 25.40 95500.52
1560770290.6349065 25.32 95505.28
1560770350.6794121 25.33 95510.97
1560770410.7083178 25.33 95510.17
1560770470.737223 25.31 95513.02
1560770530.7661283 25.33 95508.19
1560770590.795034 25.35 95510.87
1560770650.8239393 25.40 95511.97
1560770710.8684447 25.41 95511.64
1560770770.89735 25.39 95513.51
1560770830.9262557 25.38 95520.00
1560770890.955161 25.39 95521.35
1560770950.9840665 25.40 95522.95
1560771011.0129719 25.39 95526.17
1560771071.0574775 25.36 95526.64
1560771131.0863829 25.46 95525.96
1560771191.1152883 25.40 95528.41
1560771251.144194 25.41 95532.80
1560771311.173099 25.38 95529.71
1560771371.2020044 25.36 95529.72
1560771431.24651 25.38 95532.06
1560771491.2754157 25.45 95531.38
1560771551.304321 25.32 95534.40
1560771611.3332262 25.31 95535.35
1560771671.3621316 25.39 95537.32
1560771731.3910372 25.32 95536.35
1560771791.4199426 25.28 95537.55
1560771851.464448 25.28 95538.96
1560771911.4933534 25.32 95537.11
1560771971.522259 25.32 95538.05
1560772031.5511644 25.35 95542.77
1560772091.5800698 25.33 95541.77
1560772151.6089754 25.37 95544.14
1560772211.6534808 25.32 95544.61
1560772271.6823862 25.32 95547.66
1560772331.7112916 25.38 95547.85
1560772391.7401972 25.48 95545.51
1560772451.7691026 25.39 95546.15
1560772511.7980077 25.36 95551.14
1560772571.8425133 25.39 95550.80
1560772631.871419 25.44 95548.53
1560772691.9003243 25.37 95554.69
1560772751.9292297 25.36 95551.64
1560772811.9581351 25.31 95549.70
1560772871.9870405 25.40 95551.64
1560772932.031546 25.33 95549.57
1560772992.0604515 25.33 95554.92
1560773052.089357 25.38 95552.04
1560773112.1182623 25.38 95555.46
1560773172.1471677 25.39 95553.96
1560773232.1760733 25.37 95560.48
1560773292.220579 25.42 95555.39
1560773352.249484 25.42 95557.80
1560773412.2783895 25.45 95556.19
1560773472.307295 25.43 95562.35
1560773532.3362005 25.46 95563.25
1560773592.3651059 25.42 95566.00
1560773652.4096112 25.38 95564.96
1560773712.4385166 25.44 95562.65
1560773772.4674222 25.49 95563.99
1560773832.4963276 25.57 95564.59
1560773892.5252328 25.51 95565.86
1560773952.5541387 25.53 95568.64
1560774012.598644 25.52 95567.17
1560774072.6275494 25.50 95569.92
1560774132.6564548 25.47 95570.52
1560774192.6853602 25.39 95570.58
1560774252.7142656 25.46 95570.66
1560774312.743171 25.42 95573.97
1560774372.7720766 25.41 95574.64
1560774432.816582 25.41 95575.24
1560774492.8454874 25.44 95574.77
1560774552.8743927 25.44 95576.11
1560774612.9032984 25.44 95576.88
1560774672.9322038 25.45 95577.46
1560774732.9611092 25.48 95576.64
1560774792.9900148 25.51 95581.94
1560774853.0345201 25.48 95580.63
1560774913.0634255 25.48 95577.69
1560774973.092331 25.51 95580.03
1560775033.1212366 25.54 95577.32
1560775093.1501417 25.55 95579.99
1560775153.1790473 25.55 95580.80
1560775213.2235527 25.52 95583.75
1560775273.2524583 25.54 95584.25
1560775333.2813637 25.57 95579.66
1560775393.3102689 25.56 95583.10
1560775453.3391745 25.53 95581.03
1560775513.36808 25.57 95582.13
1560775573.4125855 25.52 95582.14
1560775633.4414907 25.54 95583.41
1560775693.470396 25.62 95584.75
1560775753.4993017 25.58 95585.55
1560775813.528207 25.53 95586.22
1560775873.5571127 25.54 95586.09
1560775933.6016178 25.54 95586.46
1560775993.6305234 25.57 95588.39
1560776053.6594288 25.58 95588.63
1560776113.6883342 25.56 95586.96
1560776173.7172399 25.54 95587.49
1560776233.7617452 25.59 95590.03
1560776293.7906506 25.57 95592.41
1560776353.819556 25.53 95590.57
1560776413.8484616 25.54 95588.00
1560776473.8773668 25.52 95590.94
1560776533.9062724 25.52 95589.71
1560776593.9507778 25.52 95588.60
1560776653.9796834 25.53 95584.67
1560776714.0085888 25.57 95588.23
1560776774.037494 25.53 95588.30
1560776834.0663996 25.55 95585.52
1560776894.095305 25.56 95584.61
1560776954.1398106 25.58 95583.97
1560777014.1687157 25.56 95579.42
1560777074.1976216 25.50 95581.53
1560777134.2265267 25.53 95578.08
1560777194.2554321 25.53 95579.92
1560777254.2843378 25.59 95579.59
1560777314.328843 25.54 95576.38
1560777374.3577485 25.55 95580.16
1560777434.386654 25.48 95579.19
1560777494.4155595 25.48 95582.84
1560777554.444465 25.48 95586.19
1560777614.4889703 25.44 95583.64
1560777674.5178757 25.43 95583.44
1560777734.5467813 25.50 95586.32
1560777794.5756867 25.57 95586.66
1560777854.604592 25.48 95587.69
1560777914.6334977 25.47 95585.32
1560777974.6780028 25.47 95585.38
1560778034.7069085 25.40 95581.03
1560778094.7358139 25.38 95582.91
1560778154.7647192 25.44 95579.49
1560778214.7936246 25.43 95582.10
1560778274.82253 25.50 95580.60
1560778334.8670356 25.50 95585.28
1560778394.895941 25.48 95579.92
1560778454.9248466 25.45 95579.72
1560778514.9537518 25.50 95578.62
1560778574.9826572 25.45 95575.78
1560778635.0115628 25.46 95576.85
1560778695.0560682 25.49 95574.80
1560778755.0849738 25.48 95575.10
1560778815.113879 25.52 95572.42
1560778875.1427846 25.60 95569.71
1560778935.17169 25.59 95566.50
1560778995.2005954 25.58 95572.53
1560779055.2451007 25.51 95572.63
1560779115.2740064 25.62 95571.02
1560779175.3029118 25.58 95571.66
1560779235.3318172 25.54 95570.96
1560779295.3607228 25.53 95570.82
1560779355.3896282 25.54 95573.80
1560779415.4341335 25.53 95571.96
1560779475.463039 25.54 95569.21
1560779535.4919446 25.58 95569.31
1560779595.52085 25.62 95568.00
1560779655.5497553 25.64 95566.69
1560779715.5942607 25.60 95561.94
1560779775.6231663 25.62 95562.14
1560779835.6520717 25.57 95563.78
1560779895.6809769 25.59 95557.56
1560779955.7098827 25.63 95561.94
1560780015.738788 25.59 95556.55
1560780075.7832935 25.62 95559.02
1560780135.8121989 25.69 95556.37
1560780195.841104 25.62 95555.94
1560780255.8700097 25.61 95553.00
1560780315.898915 25.61 95553.91
1560780375.9278204 25.62 95549.18
1560780435.9723258 25.55 95551.67
1560780496.0012314 25.60 95550.55
1560780556.0301368 25.64 95546.00
1560780616.0590422 25.66 95542.75
1560780676.0879478 25.65 95543.28
1560780736.1324532 25.71 95539.09
1560780796.1613586 25.65 95541.10
1560780856.190264 25.65 95542.51
1560780916.2191696 25.65 95537.99
1560780976.248075 25.69 95534.00
1560781036.2769804 25.70 95536.78
1560781096.3214858 25.70 95531.66
1560781156.3503914 25.64 95531.16
1560781216.3792968 25.58 95536.76
1560781276.408202 25.60 95537.03
1560781336.4371078 25.56 95533.28
1560781396.466013 25.55 95530.78
1560781456.5105186 25.58 95530.86
1560781516.539424 25.58 95529.96
1560781576.5683293 25.65 95525.20
1560781636.5972347 25.63 95522.32
1560781696.62614 25.73 95525.52
1560781756.6706457 25.71 95524.99
1560781816.6995509 25.73 95519.42
1560781876.7284567 25.70 95515.82
1560781936.757362 25.68 95518.39
1560781996.7862673 25.63 95519.07
1560782056.815173 25.71 95517.28
1560782116.8596783 25.72 95512.16
1560782176.8885837 25.63 95514.55
1560782236.917489 25.62 95512.91
1560782296.9463947 25.63 95513.17
1560782356.9753 25.61 95520.69
1560782417.0198054 25.65 95514.88
1560782477.0487108 25.63 95510.94
1560782537.0776165 25.63 95509.97
1560782597.1065218 25.59 95504.14
1560782657.1354272 25.60 95506.79
1560782717.1643329 25.57 95508.17
1560782777.2088382 25.57 95503.38
1560782837.2377436 25.61 95508.42
1560782897.266649 25.61 95506.08
1560782957.2955546 25.61 95504.47
1560783017.3244598 25.68 95503.16
1560783077.3689654 25.64 95503.33
1560783137.3978708 25.66 95502.89
1560783197.4267764 25.59 95506.42
1560783257.4556818 25.59 95503.31
1560783317.484587 25.69 95500.11
1560783377.5134926 25.66 95496.26
1560783437.5579982 25.60 95494.53
1560783497.5869033 25.69 95499.33
1560783557.615809 25.63 95493.12
1560783617.6447144 25.57 95491.06
1560783677.6736197 25.65 95486.85
1560783737.7181253 25.60 95485.92
1560783797.7470305 25.60 95485.19
1560783857.775936 25.63 95480.80
1560783917.8048415 25.62 95477.58
1560783977.833747 25.65 95479.66
1560784037.8626523 25.66 95479.22
1560784097.9071577 25.66 95476.21
1560784157.9360633 25.64 95473.03
1560784217.9649687 25.64 95474.43
1560784277.993874 25.61 95471.49
1560784338.0227797 25.64 95472.60
1560784398.067285 25.60 95471.53
1560784458.0961905 25.64 95464.16
1560784518.1250958 25.58 95462.22
1560784578.1540015 25.61 95464.57
1560784638.1829069 25.58 95464.50
1560784698.211812 25.62 95460.17
1560784758.2563176 25.61 95460.94
1560784818.2852232 25.64 95454.91
1560784878.3141286 25.63 95458.07
1560784938.343034 25.61 95457.53
1560784998.3719394 25.59 95449.33
1560785058.416445 25.57 95447.60
1560785118.4453504 25.60 95448.02
1560785178.4742558 25.59 95443.53
1560785238.5031612 25.64 95446.58
1560785298.5320666 25.66 95446.53
1560785358.560972 25.63 95445.03
1560785418.6054773 25.61 95442.33
1560785478.6343832 25.57 95438.82
1560785538.6632884 25.58 95436.10
1560785598.6921937 25.56 95433.37
1560785658.7210994 25.65 95432.21
1560785718.7656045 25.64 95427.28
1560785778.7945101 25.63 95431.80
1560785838.8234155 25.59 95427.30
1560785898.852321 25.59 95426.69
1560785958.8812265 25.70 95420.60
1560786018.910132 25.65 95420.21
1560786078.9546373 25.67 95417.00
1560786138.9835427 25.71 95414.40
1560786199.0124483 25.65 95411.85
1560786259.0413537 25.69 95411.29
1560786319.070259 25.73 95410.47
1560786379.1147645 25.69 95409.92
1560786439.14367 25.68 95405.87
1560786499.1725755 25.60 95406.80
1560786559.2014809 25.67 95406.58
1560786619.2303863 25.63 95399.69
1560786679.259292 25.63 95399.80
1560786739.3037972 25.65 95398.88
1560786799.3327026 25.63 95397.14
1560786859.3616083 25.60 95400.47
1560786919.3905134 25.62 95396.11
1560786979.4194188 25.64 95398.32
1560787039.4483244 25.66 95396.13
1560787099.49283 25.64 95395.57
1560787159.5217354 25.60 95392.54
1560787219.5506406 25.55 95386.33
1560787279.5795462 25.64 95391.62
1560787339.6084516 25.63 95384.59
1560787399.6529572 25.65 95386.22
1560787459.6818624 25.67 95382.86
1560787519.710768 25.70 95382.12
1560787579.7396734 25.64 95381.30
1560787639.7685788 25.57 95381.80
1560787699.7974844 25.60 95378.38
1560787759.8419895 25.56 95381.27
1560787819.8708951 25.56 95378.75
1560787879.8998005 25.59 95374.89
1560787939.928706 25.61 95377.07
1560787999.9576116 25.53 95375.62
1560788060.002117 25.56 95372.17
1560788120.0310223 25.56 95369.82
1560788180.0599277 25.60 95368.94
1560788240.0888333 25.60 95369.46
1560788300.1177385 25.56 95369.38
1560788360.146644 25.60 95365.58
1560788420.1911495 25.58 95370.48
1560788480.220055 25.59 95366.76
1560788540.2489605 25.61 95366.18
1560788600.2778656 25.70 95364.53
1560788660.3067713 25.65 95361.38
1560788720.3512769 25.68 95360.50
1560788780.3801823 25.62 95357.81
1560788840.4090874 25.57 95355.61
1560788900.437993 25.54 95358.64
1560788960.4668984 25.49 95357.92
1560789020.4958038 25.51 95358.05
1560789080.5403094 25.53 95355.33
1560789140.5692148 25.53 95354.36
1560789200.5981202 25.51 95351.25
1560789260.6270256 25.48 95350.77
1560789320.6559312 25.49 95350.89
1560789380.6848366 25.49 95349.83
1560789440.729342 25.44 95346.07
1560789500.7582474 25.45 95346.06
1560789560.787153 25.48 95346.82
1560789620.8160584 25.52 95344.53
1560789680.8449638 25.49 95343.53
1560789740.8894691 25.47 95339.52
1560789800.9183745 25.51 95341.65
1560789860.9472802 25.56 95341.69
1560789920.9761856 25.49 95337.77
1560789981.0050912 25.50 95337.70
1560790041.0339963 25.49 95336.33
1560790101.078502 25.55 95334.53
1560790161.1074073 25.48 95332.89
1560790221.1363125 25.46 95329.92
1560790281.1652184 25.48 95329.55
1560790341.1941235 25.49 95332.41
1560790401.223029 25.49 95329.07
1560790461.2675345 25.49 95328.30
1560790521.29644 25.50 95321.50
1560790581.3253453 25.52 95324.33
1560790641.3542507 25.45 95320.18
1560790701.3831563 25.46 95318.80
1560790761.427662 25.46 95317.19
1560790821.456567 25.49 95319.86
1560790881.4854724 25.49 95317.75
1560790941.514378 25.49 95316.41
1560791001.5432835 25.47 95315.05
1560791061.5721889 25.49 95316.08
1560791121.6166942 25.48 95314.71
1560791181.6455998 25.45 95315.42
1560791241.6745052 25.45 95311.82
1560791301.7034106 25.46 95307.99
1560791361.7323163 25.44 95309.17
1560791421.7612214 25.49 95308.25
1560791481.790127 25.51 95309.24
1560791541.8346324 25.48 95311.97
1560791601.863538 25.47 95306.21
1560791661.8924434 25.48 95306.68
1560791721.9213486 25.47 95308.39
1560791781.950254 25.47 95309.22
1560791841.9791596 25.46 95308.86
1560791902.0236652 25.49 95309.42
1560791962.0525706 25.48 95309.59
1560792022.0814757 25.45 95310.74
1560792082.1103814 25.52 95309.80
1560792142.1392868 25.47 95307.28
1560792202.1837924 25.42 95308.47
1560792262.2126975 25.40 95306.61
1560792322.2416031 25.44 95309.35
1560792382.2705085 25.41 95305.74
1560792442.299414 25.46 95303.81
1560792502.3283195 25.47 95302.53
1560792562.372825 25.47 95300.85
1560792622.4017303 25.48 95304.90
1560792682.4306357 25.47 95301.32
1560792742.4595413 25.48 95300.65
1560792802.4884467 25.48 95301.96
1560792862.517352 25.52 95299.06
1560792922.5618575 25.54 95299.05
1560792982.590763 25.49 95298.27
1560793042.6196685 25.43 95301.17
1560793102.6485736 25.42 95296.49
1560793162.6774795 25.45 95294.14
1560793222.7063847 25.43 95293.98
1560793282.7508903 25.45 95297.89
1560793342.7797956 25.48 95296.74
1560793402.808701 25.42 95294.82
1560793462.8376064 25.41 95298.41
1560793522.8665118 25.42 95295.15
1560793582.9110174 25.47 95295.57
1560793642.9399226 25.41 95295.69
1560793702.9688282 25.43 95294.88
1560793762.9977336 25.42 95293.52
1560793823.0266392 25.45 95293.97
1560793883.0555446 25.44 95295.08
1560793943.10005 25.46 95290.96
1560794003.1289554 25.47 95292.49
1560794063.1578608 25.44 95290.60
1560794123.1867664 25.46 95285.93
1560794183.2156718 25.44 95287.75
1560794243.2445772 25.40 95285.69
1560794303.2890825 25.38 95285.47
1560794363.3179882 25.39 95285.86
1560794423.3468935 25.37 95285.47
1560794483.375799 25.39 95282.02
1560794543.4047046 25.38 95282.46
1560794603.4336097 25.46 95275.96
1560794663.4781153 25.46 95275.78
1560794723.5070207 25.43 95276.81
1560794783.5359263 25.46 95272.03
1560794843.5648315 25.40 95273.67
1560794903.593737 25.43 95271.62
1560794963.6382425 25.43 95270.78
1560795023.6671479 25.43 95270.11
1560795083.6960535 25.44 95265.78
1560795143.7249587 25.41 95270.42
1560795203.7538643 25.38 95269.77
1560795263.7827697 25.45 95267.73
1560795323.827275 25.37 95265.42
1560795383.8561804 25.32 95262.44
1560795443.885086 25.38 95264.78
1560795503.9139915 25.36 95266.53
1560795563.9428968 25.46 95266.08
1560795623.9718025 25.57 95265.46
1560795684.0163078 25.61 95263.52
1560795744.0452132 25.63 95266.10
1560795804.0741186 25.67 95264.29
1560795864.1030242 25.65 95267.52
1560795924.1319296 25.63 95264.48
1560795984.1608348 25.58 95265.78
1560796044.2053404 25.61 95266.50
1560796104.2342458 25.72 95263.49
1560796164.2631514 25.67 95262.02
1560796224.2920566 25.60 95260.18
1560796284.320962 25.58 95259.59
1560796344.3498676 25.54 95259.64
1560796404.3943732 25.49 95261.11
1560796464.4232786 25.49 95255.19
1560796524.4521837 25.52 95254.74
1560796584.4810894 25.50 95252.43
1560796644.5099947 25.44 95258.59
1560796704.5545003 25.47 95255.57
1560796764.5834057 25.49 95257.16
1560796824.6123111 25.47 95257.41
1560796884.6412165 25.54 95255.89
1560796944.670122 25.51 95256.98
1560797004.6990275 25.45 95252.22
1560797064.743533 25.45 95255.21
1560797124.7724383 25.44 95259.96
1560797184.8013437 25.51 95254.91
1560797244.8302493 25.52 95255.53
1560797304.8591547 25.56 95254.97
1560797364.88806 25.49 95252.17
1560797424.9325655 25.50 95253.88
1560797484.961471 25.49 95254.25
1560797544.9903765 25.49 95256.36
1560797605.0192819 25.41 95255.39
1560797665.0481875 25.47 95254.49
1560797725.0770926 25.52 95253.53
1560797785.1215982 25.50 95258.07
1560797845.1505036 25.44 95256.68
1560797905.1794088 25.44 95255.95
1560797965.2083147 25.46 95257.32
1560798025.2372198 25.44 95259.30
1560798085.2661252 25.44 95258.42
1560798145.3106308 25.46 95256.71
1560798205.3395362 25.45 95258.99
1560798265.3684416 25.52 95257.25
1560798325.397347 25.50 95258.46
1560798385.4262526 25.56 95261.17
1560798445.455158 25.60 95262.52
1560798505.4996634 25.66 95258.60
1560798565.5285687 25.73 95262.17
1560798625.5574744 25.77 95259.61
1560798685.5863798 25.83 95256.22
1560798745.6152852 25.83 95260.58
1560798805.6597905 25.83 95257.86
1560798865.6886961 26.02 95256.45
1560798925.7176015 26.08 95256.14
1560798985.746507 26.19 95255.85
1560799045.7754126 26.31 95254.52
1560799105.819918 26.29 95253.29
1560799165.8488233 26.20 95250.99
1560799225.8777287 26.16 95258.10
1560799285.9066343 26.23 95250.76
1560799345.9511397 26.18 95253.08
1560799405.980045 26.35 95253.33
1560799466.0089505 26.38 95253.64
1560799526.037856 26.12 95253.89
1560799586.0823615 26.22 95253.92
1560799646.1112669 26.26 95256.50
1560799706.1401722 26.28 95256.92
1560799766.1690779 26.16 95253.69
1560799826.213583 26.33 95251.52
1560799886.2424886 26.40 95257.08
1560799946.271394 26.30 95253.55
1560800006.3158994 26.32 95253.30
1560800066.3448048 26.32 95255.75
1560800126.3737104 26.34 95254.42
1560800186.4026158 26.08 95253.30
1560800246.4471214 26.14 95253.21
1560800306.4760265 26.11 95253.54
1560800366.5049322 26.13 95254.53
1560800426.5338376 26.08 95257.25
1560800486.578343 26.14 95261.13
1560800546.6072483 26.15 95254.78
1560800606.636154 26.12 95256.41
1560800666.6806595 26.04 95262.39
1560800726.709565 26.03 95260.87
1560800786.73847 26.04 95262.00
1560800846.7673757 26.15 95257.70
1560800906.8118813 26.10 95259.68
1560800966.8407867 25.97 95261.99
1560801026.8696918 25.93 95264.83
1560801086.8985975 25.84 95263.52
1560801146.943103 25.83 95263.89
1560801206.9720082 25.83 95265.07
1560801267.0009139 25.82 95263.50
1560801327.0298193 25.81 95263.97
1560801387.0743248 25.78 95267.17
1560801447.1032302 25.76 95264.17
1560801507.1321354 25.77 95264.20
1560801567.1610408 25.73 95263.96
1560801627.1899464 25.72 95264.06
1560801687.234452 25.69 95267.19
1560801747.2633572 25.65 95268.78
1560801807.2922626 25.62 95266.97
1560801867.3211682 25.58 95267.28
1560801927.3500736 25.65 95266.67
1560801987.3945792 25.59 95268.02
1560802047.4234843 25.64 95270.30
1560802107.45239 25.66 95269.08
1560802167.4812953 25.62 95268.07
1560802227.5102007 25.61 95266.88
1560802287.554706 25.61 95271.06
1560802347.5836117 25.64 95267.60
1560802407.612517 25.64 95268.96
1560802467.6414225 25.61 95267.74
1560802527.6703281 25.63 95267.19
1560802587.7148335 25.65 95268.52
1560802647.743739 25.61 95266.00
1560802707.7726443 25.64 95265.38
1560802767.80155 25.63 95265.52
1560802827.8304553 25.61 95271.46
1560802887.8593607 25.61 95270.35
1560802947.903866 25.64 95267.82
1560803007.9327717 25.65 95268.42
1560803067.961677 25.62 95276.67
1560803127.9905822 25.61 95271.69
1560803188.019488 25.65 95272.44
1560803248.0639935 25.70 95272.91
1560803308.0928988 25.63 95271.61
1560803368.1218042 25.60 95269.16
1560803428.1507094 25.60 95267.11
1560803488.179615 25.62 95270.08
1560803548.2085204 25.60 95273.07
1560803608.253026 25.65 95268.42
1560803668.2819316 25.60 95272.13
1560803728.3108368 25.57 95266.78
1560803788.3397422 25.64 95271.64
1560803848.3686476 25.62 95271.75
1560803908.3975532 25.59 95268.60
1560803968.4420586 25.58 95268.06
1560804028.470964 25.57 95268.13
1560804088.4998693 25.57 95270.81
1560804148.528775 25.62 95264.89
1560804208.5576804 25.63 95270.34
1560804268.5865858 25.67 95266.97
1560804328.631091 25.63 95268.00
1560804388.6599967 25.64 95265.78
1560804448.6889021 25.60 95266.94
1560804508.7178075 25.61 95268.88
1560804568.7467132 25.63 95269.71
1560804628.7912185 25.62 95266.69
1560804688.820124 25.62 95267.57
1560804748.8490293 25.60 95266.54
1560804808.8779347 25.58 95268.80
1560804868.9068403 25.60 95265.37
1560804928.9357455 25.63 95269.21
1560804988.980251 25.64 95267.32
1560805049.0091567 25.67 95266.93
1560805109.0380619 25.65 95267.11
1560805169.0669672 25.60 95269.55
1560805229.0958729 25.65 95267.78
1560805289.1247783 25.65 95267.35
1560805349.1692836 25.58 95268.73
1560805409.198189 25.58 95267.86
1560805469.2270944 25.60 95265.30
1560805529.256 25.60 95264.47
1560805589.2849054 25.62 95266.89
1560805649.3294108 25.69 95266.25
1560805709.3583162 25.62 95263.05
1560805769.3872218 25.64 95263.64
1560805829.4161272 25.64 95261.90
1560805889.4450326 25.63 95261.57
1560805949.4739382 25.65 95263.10
1560806009.5184436 25.61 95262.49
1560806069.547349 25.64 95262.57
1560806129.5762544 25.65 95267.18
1560806189.60516 25.56 95268.47
1560806249.6340654 25.57 95268.13
1560806309.6629705 25.57 95269.47
1560806369.7074761 25.56 95270.14
1560806429.7363818 25.58 95271.97
1560806489.7652872 25.62 95273.06
1560806549.7941923 25.70 95276.40
1560806609.823098 25.72 95279.63
1560806669.8520033 25.74 95275.36
1560806729.896509 25.74 95277.38
1560806789.9254143 25.73 95275.67
1560806849.9543197 25.75 95277.10
1560806909.983225 25.71 95277.03
1560806970.0121305 25.67 95276.82
1560807030.0566359 25.70 95276.80
1560807090.0855415 25.63 95275.60
1560807150.1144469 25.76 95281.64
1560807210.1433523 25.69 95275.33
1560807270.172258 25.66 95279.26
1560807330.2011633 25.66 95277.80
1560807390.2456686 25.64 95277.27
1560807450.274574 25.71 95282.18
1560807510.3034794 25.67 95281.74
1560807570.332385 25.62 95277.35
1560807630.3612905 25.62 95282.71
1560807690.390196 25.70 95281.72
1560807750.4347012 25.72 95280.64
1560807810.4636068 25.69 95285.78
1560807870.4925122 25.68 95284.58
1560807930.5214176 25.67 95284.55
1560807990.5503232 25.67 95285.06
1560808050.5948286 25.64 95286.64
1560808110.623734 25.64 95286.03
1560808170.6526394 25.64 95285.71
1560808230.6815448 25.69 95286.04
1560808290.7104502 25.68 95287.92
1560808350.7393556 25.62 95286.82
1560808410.7838612 25.66 95290.49
1560808470.8127668 25.62 95289.47
1560808530.841672 25.64 95291.23
1560808590.8705773 25.68 95289.71
1560808650.899483 25.72 95289.44
1560808710.9283884 25.72 95291.25
1560808770.9728937 25.72 95288.74
1560808831.001799 25.70 95290.46
1560808891.0307047 25.68 95289.27
1560808951.0596101 25.77 95292.00
1560809011.0885155 25.79 95289.85
1560809071.1174212 25.87 95289.75
1560809131.1619265 25.80 95291.35
1560809191.190832 25.83 95290.22
1560809251.2197373 25.85 95293.56
1560809311.248643 25.88 95290.55
1560809371.2775483 25.88 95295.58
1560809431.3220537 25.86 95295.03
1560809491.350959 25.92 95299.10
1560809551.3798647 25.86 95297.16
1560809611.4087698 25.84 95291.15
1560809671.4376755 25.96 95291.94
1560809731.4665806 25.92 95292.21
1560809791.5110862 25.82 95293.03
1560809851.5399919 25.83 95292.96
1560809911.568897 25.79 95290.67
1560809971.5978024 25.81 95292.61
1560810031.626708 25.90 95288.97
1560810091.6556134 25.97 95288.85
1560810151.7001188 25.95 95287.42
1560810211.7290242 25.94 95291.35
1560810271.7579298 25.84 95291.49
1560810331.7868352 25.83 95291.06
1560810391.8157406 25.82 95290.35
1560810451.8446462 25.90 95290.17
1560810511.8891516 25.92 95288.59
1560810571.918057 25.92 95291.10
1560810631.9469624 25.93 95289.62
1560810691.975868 25.90 95289.74
1560810752.0047734 25.86 95290.07
1560810812.0492787 25.82 95287.88
1560810872.0781841 25.83 95287.27
1560810932.1070898 25.83 95290.75
1560810992.1359951 25.74 95290.71
1560811052.1649005 25.80 95288.00
1560811112.193806 25.85 95286.86
1560811172.2383115 25.79 95286.55
1560811232.267217 25.75 95286.32
1560811292.2961223 25.79 95286.46
1560811352.3250275 25.87 95287.75
1560811412.353933 25.87 95289.46
1560811472.3828385 25.88 95292.00
1560811532.4273438 25.85 95291.05
1560811592.4562497 25.85 95293.46
1560811652.4851549 25.82 95292.74
1560811712.5140603 25.79 95293.32
1560811772.5429657 25.77 95294.61
1560811832.5718713 25.75 95295.15
1560811892.6163766 25.74 95292.61
1560811952.645282 25.77 95293.00
1560812012.6741874 25.77 95292.53
1560812072.703093 25.77 95289.41
1560812132.7319984 25.70 95289.86
1560812192.7765038 25.74 95295.80
1560812252.8054092 25.75 95289.83
1560812312.8343148 25.78 95291.12
1560812372.8632202 25.76 95291.92
1560812432.8921256 25.71 95289.99
1560812492.9210312 25.71 95293.61
1560812552.9655366 25.70 95290.53
1560812612.994442 25.75 95292.30
1560812673.0233474 25.73 95293.16
1560812733.0522528 25.73 95295.57
1560812793.0811584 25.71 95297.13
1560812853.1100636 25.70 95298.96
1560812913.1545691 25.73 95298.75
1560812973.1834748 25.75 95297.71
1560813033.21238 25.78 95300.43
1560813093.2412853 25.82 95298.22
1560813153.270191 25.76 95302.42
1560813213.2990963 25.71 95300.60
1560813273.343602 25.68 95302.57
1560813333.372507 25.68 95301.42
1560813393.4014127 25.64 95303.78
1560813453.430318 25.73 95305.55
1560813513.4592235 25.70 95304.22
1560813573.4881291 25.76 95307.27
1560813633.5326343 25.75 95307.64
1560813693.56154 25.78 95310.44
1560813753.5904453 25.83 95306.03
1560813813.6193507 25.85 95307.52
1560813873.6482563 25.81 95306.27
1560813933.6927617 25.74 95301.82
1560813993.721667 25.77 95306.33
1560814053.7505724 25.79 95305.99
1560814113.779478 25.82 95304.57
1560814173.8083835 25.80 95303.10
1560814233.8372886 25.80 95300.78
1560814293.8817942 25.71 95302.61
1560814353.9106998 25.76 95308.85
1560814413.939605 25.75 95307.25
1560814473.9685106 25.78 95306.36
1560814533.997416 25.89 95302.88
1560814594.0263214 25.86 95301.72
1560814654.070827 25.87 95302.15
1560814714.0997322 25.83 95303.35
1560814774.1286378 25.84 95301.27
1560814834.1575432 25.80 95304.10
1560814894.1864486 25.81 95302.99
1560814954.230954 25.80 95303.03
1560815014.2598596 25.79 95302.63
1560815074.288765 25.79 95304.31
1560815134.3176703 25.86 95300.24
1560815194.346576 25.89 95303.05
1560815254.3754814 25.87 95301.68
1560815314.4199867 25.87 95301.32
1560815374.448892 25.81 95306.94
1560815434.4777977 25.84 95303.54
1560815494.5067031 25.84 95305.89
1560815554.5356085 25.89 95304.52
1560815614.5645137 25.93 95305.24
1560815674.6090193 25.96 95301.57
1560815734.637925 25.88 95303.46
1560815794.6668303 25.89 95301.71
1560815854.6957357 25.86 95301.35
1560815914.724641 25.94 95306.33
1560815974.7691467 25.89 95306.89
1560816034.798052 25.86 95305.88
