1562025668.4750614 26.17 94777.58
1562025728.503967 26.20 94773.58
1562025788.5328722 26.18 94775.80
1562025848.5617776 26.27 94773.33
1562025908.5906832 26.22 94774.22
1562025968.6195886 26.24 94777.35
1562026028.6640942 26.19 94781.38
1562026088.6929994 26.17 94780.64
1562026148.721905 26.16 94785.94
1562026208.7508104 26.12 94784.77
1562026268.7797158 26.17 94784.99
1562026328.8242211 26.20 94784.07
1562026388.8531268 26.24 94785.78
1562026448.8820322 26.17 94782.71
1562026508.9109375 26.20 94787.03
1562026568.9398432 26.16 94785.38
1562026628.9687483 26.18 94782.33
1562026689.013254 26.22 94786.45
1562026749.0421593 26.23 94787.17
1562026809.071065 26.18 94786.78
1562026869.0999703 26.13 94784.69
1562026929.1288755 26.14 94786.95
1562026989.173381 26.14 94788.83
1562027049.2022865 26.12 94790.80
1562027109.231192 26.19 94788.60
1562027169.2600973 26.27 94791.10
1562027229.2890027 26.30 94795.54
1562027289.3179083 26.24 94794.00
1562027349.362414 26.19 94791.10
1562027409.3913193 26.11 94788.42
1562027469.4202244 26.08 94789.96
1562027529.44913 26.12 94786.32
1562027589.4780354 26.11 94787.10
1562027649.5225408 26.08 94782.48
1562027709.5514464 26.03 94783.62
1562027769.5803518 26.06 94781.53
1562027829.6092572 26.10 94782.22
1562027889.6381626 26.08 94783.94
1562027949.6670682 26.09 94785.58
1562028009.7115736 26.14 94782.80
1562028069.740479 26.19 94786.91
1562028129.7693844 26.15 94783.97
1562028189.79829 26.15 94780.77
1562028249.8271954 26.15 94783.55
1562028309.8717008 26.15 94779.75
1562028369.9006062 26.17 94779.69
1562028429.9295118 26.13 94785.89
1562028489.9584172 26.16 94782.70
1562028549.9873226 26.17 94785.96
1562028610.0162282 26.18 94783.16
1562028670.0607336 26.13 94782.87
1562028730.089639 26.09 94780.72
1562028790.1185443 26.08 94779.46
1562028850.1474495 26.09 94779.41
1562028910.1763554 26.11 94780.60
1562028970.2208607 26.10 94780.10
1562029030.249766 26.11 94782.07
1562029090.2786715 26.10 94779.27
1562029150.307577 26.16 94781.03
1562029210.3364823 26.16 94779.21
1562029270.3653877 26.17 94778.76
1562029330.4098933 26.15 94779.03
1562029390.4387987 26.08 94776.55
1562029450.467704 26.07 94778.91
1562029510.4966094 26.05 94774.58
1562029570.525515 26.03 94777.56
1562029630.5700207 26.10 94776.08
1562029690.5989258 26.16 94776.13
1562029750.6278312 26.20 94778.03
1562029810.6567369 26.09 94774.39
1562029870.6856422 26.08 94775.17
1562029930.7145476 26.15 94775.91
1562029990.759053 26.13 94770.58
1562030050.7879586 26.12 94772.20
1562030110.816864 26.13 94771.52
1562030170.8457694 26.16 94769.92
1562030230.8746748 26.15 94768.71
1562030290.9035804 26.16 94767.69
1562030350.9480858 26.11 94769.71
1562030410.9769912 26.09 94763.89
1562030471.0058968 26.02 94760.61
1562030531.0348022 26.01 94759.72
1562030591.0637074 26.05 94753.95
1562030651.108213 26.13 94750.85
1562030711.1371186 26.19 94752.57
1562030771.1660237 26.10 94755.48
1562030831.1949294 26.06 94756.11
1562030891.2238345 26.06 94760.27
1562030951.2527401 26.07 94761.39
1562031011.2972457 26.09 94757.47
1562031071.326151 26.00 94756.20
1562031131.3550563 26.04 94758.78
1562031191.383962 26.03 94756.56
1562031251.4128673 26.02 94756.77
1562031311.4573727 26.09 94757.60
1562031371.486278 26.10 94757.42
1562031431.5151837 26.04 94757.00
1562031491.544089 26.08 94757.82
1562031551.5729945 26.06 94754.60
1562031611.6019 26.10 94753.97
1562031671.6464055 26.03 94752.27
1562031731.6753109 26.01 94750.35
1562031791.7042162 26.04 94750.58
1562031851.7331219 26.04 94750.35
1562031911.7620273 26.04 94745.66
1562031971.7909324 26.00 94745.49
1562032031.835438 26.05 94743.56
1562032091.8643436 26.03 94744.39
1562032151.893249 26.05 94743.77
1562032211.9221544 25.99 94741.35
1562032271.9510598 26.09 94739.17
1562032331.9955654 26.05 94743.39
1562032392.0244708 26.06 94743.38
1562032452.053376 26.15 94744.07
1562032512.0822816 26.14 94745.40
1562032572.111187 26.12 94745.73
1562032632.1400924 26.07 94746.31
1562032692.184598 26.14 94742.25
1562032752.2135031 26.12 94741.41
1562032812.2424088 26.07 94738.47
1562032872.2713141 26.10 94737.28
1562032932.3002195 26.06 94733.89
1562032992.3291252 26.10 94737.78
1562033052.3736305 26.03 94727.85
1562033112.402536 26.02 94732.82
1562033172.4314413 25.97 94730.32
1562033232.460347 26.01 94733.71
1562033292.4892523 26.04 94734.60
1562033352.5337577 26.05 94730.53
1562033412.562663 26.05 94729.02
1562033472.5915687 26.06 94726.79
1562033532.620474 26.02 94728.30
1562033592.6493795 25.97 94725.83
1562033652.678285 25.99 94729.63
1562033712.7227905 25.97 94723.76
1562033772.7516959 26.01 94725.10
1562033832.7806013 26.06 94721.16
1562033892.809507 26.09 94716.32
1562033952.838412 26.02 94709.53
1562034012.8673174 25.94 94705.82
1562034072.911823 26.01 94703.33
1562034132.9407287 26.01 94703.60
1562034192.9696338 25.97 94705.97
1562034252.9985392 25.99 94707.71
1562034313.0274448 25.98 94703.31
1562034373.0719502 25.95 94699.41
1562034433.1008558 26.00 94699.32
1562034493.129761 25.96 94692.09
1562034553.1586666 25.96 94695.41
1562034613.187572 25.93 94694.25
1562034673.2164774 25.90 94693.86
1562034733.2609828 25.89 94695.08
1562034793.2898881 25.92 94693.19
1562034853.3187938 25.95 94695.16
1562034913.3476992 25.92 94698.55
1562034973.3766046 25.90 94701.39
1562035033.40551 25.89 94703.11
1562035093.4500155 25.92 94701.19
1562035153.478921 25.95 94707.40
1562035213.5078263 26.01 94708.18
1562035273.536732 26.03 94714.58
1562035333.5656374 25.96 94709.40
1562035393.6101427 25.94 94710.00
1562035453.639048 25.97 94708.03
1562035513.6679537 25.99 94705.34
1562035573.696859 25.96 94702.81
1562035633.7257645 25.99 94703.42
1562035693.75467 26.03 94704.03
1562035753.7991755 26.04 94698.15
1562035813.828081 26.06 94699.28
1562035873.856986 26.05 94697.00
1562035933.8858917 26.03 94694.42
1562035993.914797 25.95 94692.60
1562036053.9437025 26.05 94689.30
1562036113.988208 25.99 94688.63
1562036174.0171134 25.91 94686.39
1562036234.0460188 25.94 94688.64
1562036294.0749242 25.97 94686.92
1562036354.1038299 25.93 94685.27
1562036414.1327353 25.95 94683.94
1562036474.1772406 26.01 94686.58
1562036534.206146 26.02 94690.78
1562036594.2350516 26.02 94687.97
1562036654.263957 26.01 94684.74
1562036714.2928624 25.95 94689.13
1562036774.3217676 25.90 94685.82
1562036834.3506732 25.93 94685.88
1562036894.3951788 25.97 94679.74
1562036954.4240842 25.91 94679.91
1562037014.4529896 25.91 94680.03
1562037074.481895 25.89 94680.61
1562037134.5108004 25.88 94679.28
1562037194.5397058 25.91 94679.64
1562037254.584211 25.93 94679.00
1562037314.613117 25.98 94676.96
1562037374.6420221 25.91 94676.69
1562037434.6709275 25.92 94672.15
1562037494.6998332 25.82 94678.47
1562037554.7287385 25.91 94674.28
1562037614.773244 25.94 94676.14
1562037674.8021493 25.96 94677.02
1562037734.831055 26.00 94677.14
1562037794.8599603 25.91 94672.17
1562037854.8888657 25.91 94671.33
1562037914.933371 25.90 94674.16
1562037974.9622767 25.94 94667.77
1562038034.991182 25.93 94667.52
1562038095.0200875 25.96 94670.32
1562038155.048993 25.90 94669.82
1562038215.0778985 25.90 94671.42
1562038275.1224039 25.96 94667.60
1562038335.1513093 26.00 94666.16
1562038395.180215 26.03 94665.71
1562038455.20912 25.96 94664.35
1562038515.2380257 25.93 94664.94
1562038575.266931 25.91 94664.63
1562038635.3114367 25.88 94665.55
1562038695.340342 25.91 94664.90
1562038755.3692472 25.96 94665.25
1562038815.3981526 25.90 94665.16
1562038875.4270582 25.91 94665.95
1562038935.4559636 25.84 94666.59
1562038995.500469 25.86 94665.85
1562039055.5293744 25.86 94666.08
1562039115.55828 25.88 94663.60
1562039175.5871854 25.86 94668.27
1562039235.6160908 25.88 94665.39
1562039295.6449964 25.85 94668.66
1562039355.6895018 25.91 94664.13
1562039415.7184072 25.87 94664.80
1562039475.7473125 25.86 94663.52
1562039535.7762182 25.90 94666.13
1562039595.8051236 25.92 94660.50
1562039655.8340287 25.88 94658.69
1562039715.8785343 25.92 94659.10
1562039775.90744 25.91 94653.89
1562039835.936345 25.88 94652.49
1562039895.9652507 25.90 94652.76
1562039955.9941561 25.84 94647.93
1562040016.0386617 25.89 94650.30
1562040076.067567 25.85 94648.28
1562040136.0964725 25.87 94645.04
1562040196.125378 25.80 94650.88
1562040256.1542833 25.85 94650.34
1562040316.1831887 25.87 94655.66
1562040376.227694 25.85 94654.38
1562040436.2566 25.82 94653.13
1562040496.285505 25.87 94652.82
1562040556.3144104 25.88 94653.05
1562040616.343316 25.90 94652.42
1562040676.3722215 25.89 94651.77
1562040736.4167268 25.90 94653.77
1562040796.4456322 25.87 94654.16
1562040856.4745376 25.86 94651.52
1562040916.5034432 25.84 94650.85
1562040976.5323486 25.83 94651.94
1562041036.5612538 25.85 94645.44
1562041096.6057594 25.92 94646.97
1562041156.634665 25.91 94643.36
1562041216.6635704 25.84 94643.08
1562041276.6924758 25.77 94638.97
1562041336.7213812 25.82 94634.82
1562041396.7502866 25.81 94634.28
1562041456.7947922 25.78 94631.99
1562041516.8236976 25.76 94621.38
1562041576.852603 25.78 94621.52
1562041636.8815084 25.78 94621.28
1562041696.9104137 25.80 94619.90
1562041756.9393194 25.84 94624.17
1562041816.983825 25.80 94624.02
1562041877.0127301 25.88 94625.13
1562041937.0416355 25.91 94620.30
1562041997.0705411 25.86 94625.80
1562042057.0994465 25.90 94629.14
1562042117.128352 25.88 94635.41
1562042177.1728573 25.87 94632.88
1562042237.201763 25.87 94624.67
1562042297.2306683 25.90 94621.61
1562042357.2595737 25.81 94613.42
1562042417.2884793 25.79 94612.82
1562042477.3173847 25.86 94608.86
1562042537.36189 25.83 94602.34
1562042597.3907955 25.83 94607.47
1562042657.419701 25.79 94607.46
1562042717.4486065 25.81 94608.34
1562042777.4775116 25.85 94603.52
1562042837.506417 25.85 94605.75
1562042897.5509229 25.84 94604.07
1562042957.5798283 25.84 94599.71
1562043017.6087337 25.85 94602.13
1562043077.6376388 25.84 94600.88
1562043137.6665444 25.81 94605.07
1562043197.6954498 25.81 94605.32
1562043257.7399552 25.80 94608.17
1562043317.7688606 25.84 94609.69
1562043377.7977662 25.77 94613.63
1562043437.8266716 25.75 94613.36
1562043497.855577 25.77 94611.39
1562043557.8844826 25.78 94611.97
1562043617.928988 25.80 94614.08
1562043677.9578934 25.81 94609.35
1562043737.9867988 25.90 94603.44
1562043798.0157044 25.91 94605.22
1562043858.0446098 25.97 94597.55
1562043918.073515 26.03 94593.92
1562043978.1180205 26.02 94593.13
1562044038.1469262 26.05 94589.72
1562044098.1758316 26.08 94589.45
1562044158.204737 26.08 94584.89
1562044218.2336423 26.09 94581.89
1562044278.278148 26.07 94580.69
1562044338.3070533 26.03 94580.92
1562044398.3359587 25.96 94579.52
1562044458.364864 25.94 94575.66
1562044518.3937695 25.96 94577.77
1562044578.438275 25.93 94579.60
1562044638.4671803 25.86 94589.44
1562044698.4960861 25.84 94589.60
1562044758.5249913 25.81 94590.82
1562044818.5538967 25.76 94597.57
1562044878.5984023 25.84 94600.96
1562044938.627308 25.85 94601.63
1562044998.656213 25.87 94599.07
1562045058.6851184 25.87 94603.64
1562045118.7140238 25.87 94603.68
1562045178.7429295 25.83 94600.87
1562045238.787435 25.80 94597.63
1562045298.8163402 25.80 94596.57
1562045358.8452456 25.85 94592.36
1562045418.8741512 25.81 94594.52
1562045478.9030566 25.81 94591.00
1562045538.947562 25.76 94586.22
1562045598.9764674 25.76 94590.64
1562045659.005373 25.74 94588.41
1562045719.0342784 25.72 94587.75
1562045779.0631838 25.80 94583.94
1562045839.0920892 25.73 94583.49
1562045899.1365948 25.72 94584.09
1562045959.1655002 25.73 94587.15
1562046019.1944056 25.72 94585.08
1562046079.2233112 25.67 94584.63
1562046139.2522163 25.69 94581.88
1562046199.2811217 25.78 94583.28
1562046259.3256273 25.70 94583.30
1562046319.354533 25.71 94579.27
1562046379.383438 25.73 94574.78
1562046439.4123435 25.73 94573.44
1562046499.4412491 25.79 94574.19
1562046559.4701545 25.70 94574.93
1562046619.5146601 25.68 94578.32
1562046679.5435653 25.71 94574.42
1562046739.5724707 25.75 94579.75
1562046799.6013763 25.73 94571.87
1562046859.6302817 25.72 94568.68
1562046919.6591873 25.70 94568.11
1562046979.7036924 25.69 94564.94
1562047039.732598 25.74 94570.92
1562047099.7615035 25.74 94571.25
1562047159.7904088 25.72 94570.68
1562047219.8193145 25.70 94574.97
1562047279.8482199 25.66 94576.14
1562047339.8927252 25.64 94576.89
1562047399.9216306 25.67 94574.02
1562047459.9505363 25.64 94577.58
1562047519.9794416 25.65 94571.77
1562047580.0083468 25.66 94574.63
1562047640.0372524 25.71 94574.35
1562047700.0661578 25.65 94574.80
1562047760.1106634 25.64 94572.71
1562047820.1395688 25.69 94572.02
1562047880.1684742 25.64 94567.41
1562047940.1973796 25.68 94566.42
1562048000.226285 25.65 94559.89
1562048060.2551906 25.67 94560.33
1562048120.2996962 25.72 94557.97
1562048180.3286014 25.72 94558.42
1562048240.3575068 25.69 94557.61
1562048300.3864124 25.69 94555.74
1562048360.4153178 25.70 94552.00
1562048420.444223 25.70 94553.94
1562048480.4887285 25.70 94554.39
1562048540.5176342 25.62 94552.84
1562048600.5465395 25.62 94547.56
1562048660.575445 25.62 94549.17
1562048720.60435 25.62 94550.57
1562048780.6332557 25.68 94549.23
1562048840.6777613 25.66 94546.46
1562048900.7066667 25.71 94552.60
1562048960.7355723 25.68 94548.89
1562049020.7644775 25.66 94551.58
1562049080.793383 25.66 94550.41
1562049140.8222883 25.64 94549.39
1562049200.8667939 25.64 94542.30
1562049260.8956993 25.63 94537.50
1562049320.9246047 25.57 94535.36
1562049380.95351 25.59 94531.25
1562049440.9824157 25.61 94530.36
1562049501.011321 25.67 94532.61
1562049561.0558264 25.65 94533.11
1562049621.0847318 25.60 94541.52
1562049681.1136374 25.59 94540.27
1562049741.1425428 25.64 94539.18
1562049801.1714482 25.63 94545.22
1562049861.2003539 25.62 94541.07
1562049921.229259 25.63 94539.74
1562049981.2581644 25.68 94536.14
1562050041.30267 25.61 94538.16
1562050101.3315756 25.66 94534.46
1562050161.360481 25.66 94534.85
1562050221.3893862 25.71 94535.32
1562050281.4182918 25.67 94532.17
1562050341.4471972 25.61 94537.43
1562050401.4917028 25.57 94537.60
1562050461.520608 25.55 94536.86
1562050521.5495136 25.57 94537.14
1562050581.578419 25.59 94538.87
1562050641.6073244 25.55 94539.70
1562050701.63623 25.56 94542.67
1562050761.6651354 25.58 94539.86
1562050821.7096407 25.62 94541.79
1562050881.7385461 25.57 94544.67
1562050941.7674518 25.60 94539.33
1562051001.7963572 25.63 94537.17
1562051061.8252625 25.60 94536.84
1562051121.8541677 25.54 94533.16
1562051181.8986733 25.54 94529.82
1562051241.927579 25.57 94525.82
1562051301.956484 25.61 94522.16
1562051361.9853897 25.58 94523.13
1562051422.014295 25.49 94518.85
1562051482.0432005 25.49 94518.52
1562051542.087706 25.54 94516.39
1562051602.1166115 25.57 94512.77
1562051662.1455169 25.53 94513.03
1562051722.1744223 25.55 94516.75
1562051782.2033277 25.56 94512.64
1562051842.2322333 25.57 94512.39
1562051902.2611387 25.54 94511.30
1562051962.305644 25.55 94514.58
1562052022.3345494 25.52 94515.77
1562052082.363455 25.43 94518.49
1562052142.3923604 25.43 94519.23
1562052202.4212658 25.48 94521.04
1562052262.4501715 25.46 94522.02
1562052322.4946768 25.48 94522.76
1562052382.5235822 25.48 94519.53
1562052442.5524876 25.52 94517.47
1562052502.581393 25.45 94517.89
1562052562.6102986 25.48 94513.95
1562052622.6392038 25.51 94514.57
1562052682.6837094 25.43 94512.07
1562052742.712615 25.38 94513.63
1562052802.7415202 25.39 94518.19
1562052862.7704256 25.40 94519.38
1562052922.7993312 25.42 94516.49
1562052982.8282366 25.42 94518.44
1562053042.857142 25.48 94516.86
1562053102.9016473 25.52 94517.71
1562053162.9305527 25.45 94517.62
1562053222.9594584 25.43 94516.49
1562053282.9883637 25.47 94518.75
1562053343.0172691 25.43 94517.88
1562053403.0461748 25.48 94518.24
1562053463.0906801 25.49 94521.20
1562053523.1195855 25.41 94526.13
1562053583.148491 25.49 94525.12
1562053643.1773965 25.45 94527.22
1562053703.2063017 25.38 94528.24
1562053763.2352073 25.39 94530.57
1562053823.2797127 25.40 94531.35
1562053883.3086183 25.35 94534.14
1562053943.3375237 25.35 94529.16
1562054003.3664289 25.40 94527.82
1562054063.3953345 25.39 94525.85
1562054123.4242399 25.42 94525.86
1562054183.4531453 25.41 94528.19
1562054243.4976506 25.45 94522.24
1562054303.5265563 25.40 94524.63
1562054363.5554616 25.38 94520.60
1562054423.584367 25.41 94524.44
1562054483.6132727 25.39 94524.49
1562054543.642178 25.43 94527.10
1562054603.6866834 25.42 94527.52
1562054663.7155888 25.41 94524.01
1562054723.7444944 25.40 94515.86
1562054783.7733998 25.33 94519.27
1562054843.8023052 25.42 94517.37
1562054903.8312106 25.35 94520.24
1562054963.860116 25.33 94521.00
1562055023.9046216 25.34 94524.36
1562055083.9335268 25.35 94527.93
1562055143.9624326 25.36 94528.67
1562055203.9913378 25.36 94530.78
1562055264.0202432 25.38 94537.50
1562055324.0491486 25.38 94536.99
1562055384.093654 25.38 94541.23
1562055444.1225595 25.35 94537.65
1562055504.151465 25.30 94543.42
1562055564.1803703 25.34 94543.94
1562055624.209276 25.36 94540.03
1562055684.2381814 25.34 94537.14
1562055744.2670867 25.37 94534.85
1562055804.311592 25.36 94533.74
1562055864.3404977 25.38 94531.36
1562055924.3694031 25.33 94530.10
1562055984.3983085 25.37 94532.17
1562056044.4272141 25.33 94532.33
1562056104.4561193 25.37 94529.66
1562056164.500625 25.40 94528.48
1562056224.5295303 25.36 94529.55
1562056284.5584357 25.41 94522.40
1562056344.5873413 25.45 94523.18
1562056404.6162465 25.46 94520.67
1562056464.645152 25.47 94519.80
1562056524.6740575 25.44 94518.24
1562056584.7185628 25.47 94524.71
1562056644.7474682 25.47 94523.94
1562056704.7763739 25.47 94521.87
1562056764.8052793 25.39 94524.28
1562056824.8341846 25.40 94526.64
1562056884.8630903 25.34 94529.64
1562056944.9075956 25.33 94528.69
1562057004.936501 25.40 94530.42
1562057064.9654064 25.39 94532.25
1562057124.994312 25.41 94532.27
1562057185.0232174 25.35 94529.27
1562057245.0521226 25.29 94531.23
1562057305.081028 25.35 94533.58
1562057365.1255336 25.35 94531.96
1562057425.1544392 25.34 94534.39
1562057485.1833444 25.33 94534.89
1562057545.2122498 25.33 94535.72
1562057605.2411554 25.41 94535.14
1562057665.2700608 25.41 94533.15
1562057725.3145664 25.41 94531.99
1562057785.3434715 25.39 94529.57
1562057845.3723772 25.29 94524.75
1562057905.4012825 25.34 94528.03
1562057965.430188 25.50 94526.17
1562058025.4590936 25.63 94525.07
1562058085.487999 25.73 94525.10
1562058145.5325043 25.78 94525.69
1562058205.5614097 25.81 94525.60
1562058265.5903153 25.73 94529.12
1562058325.6192207 25.74 94529.50
1562058385.6481261 25.74 94529.67
1562058445.6770315 25.70 94534.47
1562058505.705937 25.77 94530.52
1562058565.7504425 25.81 94533.39
1562058625.779348 25.87 94528.91
1562058685.8082533 25.83 94527.87
1562058745.8371587 25.84 94523.13
1562058805.866064 25.79 94523.08
1562058865.8949697 25.77 94529.52
1562058925.9394753 25.86 94527.67
1562058985.9683805 25.83 94536.58
1562059045.9972858 25.82 94538.27
1562059106.0261915 25.85 94543.24
1562059166.0550969 25.87 94549.26
1562059226.0840023 25.87 94549.50
1562059286.112908 25.88 94552.92
1562059346.141813 25.85 94554.39
1562059406.1863186 25.86 94557.76
1562059466.215224 25.83 94558.67
1562059526.2441292 25.78 94562.52
1562059586.273035 25.83 94557.79
1562059646.3019402 25.84 94560.47
1562059706.3308456 25.79 94560.68
1562059766.3597512 25.76 94556.88
1562059826.4042566 25.81 94555.77
1562059886.433162 25.86 94556.18
1562059946.4620674 25.87 94559.53
1562060006.490973 25.83 94556.23
1562060066.5198784 25.63 94560.46
1562060126.5487838 25.65 94563.40
1562060186.5932891 25.70 94564.39
1562060246.6221948 25.72 94570.08
1562060306.6511002 25.70 94568.41
1562060366.6800056 25.73 94567.57
1562060426.7089112 25.72 94563.65
1562060486.7378166 25.75 94563.33
1562060546.7667217 25.79 94562.60
1562060606.8112273 25.84 94561.54
1562060666.840133 25.79 94560.28
1562060726.869038 25.79 94560.85
1562060786.8979437 25.73 94563.04
1562060846.9268491 25.76 94560.74
1562060906.9557545 25.73 94558.86
1562060967.00026 25.74 94559.77
1562061027.0291653 25.73 94555.86
1562061087.058071 25.73 94556.01
1562061147.0869763 25.73 94557.31
1562061207.1158817 25.75 94560.15
1562061267.1447873 25.72 94567.80
1562061327.1736927 25.73 94571.64
1562061387.218198 25.76 94575.35
1562061447.2471035 25.77 94574.28
1562061507.2760088 25.80 94579.36
1562061567.3049145 25.76 94581.03
1562061627.3338199 25.77 94576.69
1562061687.362725 25.75 94574.85
1562061747.4072306 25.76 94571.49
1562061807.4361362 25.79 94573.11
1562061867.4650416 25.76 94571.16
1562061927.4939468 25.74 94571.25
1562061987.5228527 25.74 94573.84
1562062047.5517578 25.79 94570.94
1562062107.5806632 25.81 94567.88
1562062167.6251688 25.77 94570.27
1562062227.6540742 25.77 94575.18
1562062287.6829796 25.76 94577.25
1562062347.711885 25.72 94574.83
1562062407.7407906 25.75 94583.59
1562062467.769696 25.76 94584.67
1562062527.8142014 25.73 94580.24
1562062587.8431067 25.80 94584.05
1562062647.8720124 25.84 94578.78
1562062707.9009178 25.81 94577.44
1562062767.9298232 25.79 94572.74
1562062827.9587288 25.81 94578.53
1562062887.987634 25.82 94579.89
1562062948.0321395 25.78 94580.60
1562063008.061045 25.86 94590.61
1562063068.0899506 25.77 94594.32
1562063128.1188557 25.77 94600.80
1562063188.147761 25.71 94599.44
1562063248.1766667 25.78 94599.25
1562063308.2211723 25.82 94593.24
1562063368.2500777 25.85 94592.74
1562063428.2789829 25.86 94592.25
1562063488.3078883 25.78 94588.80
1562063548.336794 25.80 94584.61
1562063608.3656993 25.82 94585.46
1562063668.3946047 25.74 94585.75
1562063728.43911 25.77 94581.42
1562063788.4680157 25.66 94579.05
1562063848.496921 25.76 94581.81
1562063908.5258265 25.75 94585.27
1562063968.554732 25.75 94587.27
1562064028.5836375 25.72 94586.42
1562064088.6281428 25.73 94584.42
1562064148.6570482 25.79 94579.64
1562064208.6859539 25.77 94585.24
1562064268.7148592 25.72 94577.62
1562064328.7437644 25.73 94579.24
1562064388.77267 25.71 94580.52
1562064448.8015754 25.72 94579.02
1562064508.846081 25.69 94582.38
1562064568.8749864 25.66 94579.15
1562064628.9038918 25.61 94584.75
1562064688.9327972 25.70 94583.97
1562064748.9617026 25.66 94589.20
1562064808.9906082 25.76 94588.67
1562064869.0351136 25.80 94587.53
1562064929.064019 25.73 94592.07
1562064989.0929244 25.60 94590.17
1562065049.12183 25.49 94589.53
1562065109.1507354 25.49 94590.21
1562065169.1796405 25.48 94589.69
1562065229.2085464 25.48 94588.63
1562065289.2530518 25.38 94588.71
1562065349.2819571 25.43 94585.75
1562065409.3108625 25.38 94587.53
1562065469.3397677 25.36 94588.71
1562065529.3686733 25.33 94591.72
1562065589.3975787 25.33 94597.79
1562065649.4420843 25.28 94602.24
1562065709.47099 25.30 94604.42
1562065769.499895 25.32 94608.17
1562065829.5288005 25.39 94609.82
1562065889.5577059 25.34 94612.63
1562065949.5866115 25.32 94611.13
1562066009.615517 25.31 94610.90
1562066069.6600223 25.36 94612.60
1562066129.6889277 25.30 94610.62
1562066189.7178333 25.30 94612.69
1562066249.7467387 25.31 94615.72
1562066309.775644 25.28 94615.36
1562066369.8045495 25.37 94618.67
1562066429.833455 25.36 94620.30
1562066489.8779604 25.34 94622.83
1562066549.9068658 25.29 94624.28
1562066609.9357715 25.35 94629.78
1562066669.9646766 25.40 94632.32
1562066729.993582 25.39 94633.30
1562066790.0224876 25.31 94633.92
1562066850.051393 25.27 94630.96
1562066910.0958986 25.26 94630.39
1562066970.1248038 25.28 94628.61
1562067030.1537094 25.31 94625.55
1562067090.1826148 25.36 94621.91
1562067150.2115202 25.28 94613.96
1562067210.2404258 25.26 94608.42
1562067270.2849312 25.23 94610.48
1562067330.3138366 25.26 94609.03
1562067390.342742 25.29 94611.17
1562067450.3716476 25.32 94614.03
1562067510.400553 25.30 94621.39
1562067570.4294581 25.28 94625.07
1562067630.4583635 25.39 94629.68
1562067690.5028691 25.41 94630.86
1562067750.5317748 25.46 94636.88
1562067810.5606802 25.37 94640.06
1562067870.5895853 25.35 94643.50
1562067930.618491 25.34 94644.55
1562067990.6473963 25.34 94647.83
1562068050.6919017 25.29 94649.49
1562068110.7208073 25.29 94648.98
1562068170.7497127 25.29 94649.55
1562068230.778618 25.35 94646.67
1562068290.8075235 25.42 94647.85
1562068350.836429 25.37 94651.53
1562068410.8653345 25.39 94651.94
1562068470.9098399 25.46 94651.78
1562068530.9231453 25.53 94650.66
1562068590.967651 25.55 94650.87
1562068650.9965563 25.60 94654.38
1562068711.0254617 25.55 94652.78
1562068771.054367 25.48 94654.75
1562068831.0832725 25.44 94654.15
1562068891.1121778 25.44 94654.72
1562068951.1566834 25.45 94652.49
1562069011.185589 25.50 94655.02
1562069071.2144942 25.54 94656.64
1562069131.2433996 25.51 94654.64
1562069191.2723053 25.54 94653.63
1562069251.3012106 25.59 94645.21
1562069311.3457162 25.64 94645.24
1562069371.3746214 25.62 94641.16
1562069431.403527 25.64 94645.81
1562069491.4324324 25.69 94642.64
1562069551.4613378 25.64 94644.97
1562069611.490243 25.62 94649.42
1562069671.5191488 25.63 94646.32
1562069731.5636542 25.61 94646.96
1562069791.5925596 25.60 94645.24
1562069851.6214652 25.65 94644.92
1562069911.6503704 25.66 94646.61
1562069971.6792758 25.69 94646.07
1562070031.7081811 25.72 94645.02
1562070091.7526867 25.65 94642.92
1562070151.7815924 25.65 94647.53
1562070211.8104978 25.69 94645.17
1562070271.839403 25.67 94649.07
1562070331.8683085 25.69 94650.53
1562070391.897214 25.65 94647.94
1562070451.9417193 25.64 94648.09
1562070511.970625 25.62 94650.25
1562070571.9995303 25.68 94649.50
1562070632.0284357 25.67 94645.83
1562070692.057341 25.71 94642.72
1562070752.0862467 25.74 94641.57
1562070812.130752 25.72 94637.11
1562070872.1596575 25.69 94636.75
1562070932.1885629 25.67 94636.78
1562070992.2174685 25.72 94637.16
1562071052.246374 25.68 94635.61
1562071112.275279 25.66 94632.61
1562071172.3197846 25.60 94635.07
1562071232.3486903 25.61 94630.55
1562071292.3775957 25.60 94629.67
1562071352.406501 25.60 94629.44
1562071412.4354064 25.64 94625.56
1562071472.4643118 25.68 94626.24
1562071532.4932172 25.74 94633.10
1562071592.5377228 25.77 94629.76
1562071652.566628 25.72 94634.47
1562071712.5955336 25.67 94638.96
1562071772.624439 25.72 94640.33
1562071832.6533446 25.76 94645.22
1562071892.68225 25.77 94644.00
1562071952.7267554 25.82 94644.35
1562072012.7556608 25.82 94650.15
1562072072.7845662 25.74 94645.86
1562072132.8134718 25.75 94646.05
1562072192.8423772 25.78 94644.39
1562072252.8712826 25.75 94642.35
1562072312.915788 25.76 94642.87
1562072372.9446936 25.73 94642.89
1562072432.973599 25.71 94639.71
1562072493.0025043 25.69 94639.10
1562072553.03141 25.70 94639.76
1562072613.0603151 25.70 94645.35
1562072673.1048207 25.79 94641.28
1562072733.1337261 25.74 94641.07
1562072793.1626318 25.78 94641.17
1562072853.191537 25.77 94638.30
1562072913.2204423 25.84 94640.24
1562072973.249348 25.88 94636.79
1562073033.2938533 25.81 94638.61
1562073093.322759 25.70 94637.32
1562073153.351664 25.68 94635.07
1562073213.3805697 25.75 94635.46
1562073273.409475 25.77 94634.13
1562073333.4383805 25.77 94636.79
1562073393.4828858 25.81 94630.16
1562073453.5117915 25.77 94628.97
1562073513.5406969 25.79 94631.61
1562073573.5696023 25.75 94626.08
1562073633.598508 25.76 94620.94
1562073693.6430132 25.77 94616.32
1562073753.6719186 25.75 94614.86
1562073813.700824 25.69 94614.02
1562073873.7297297 25.68 94615.97
1562073933.758635 25.70 94615.71
1562073993.7875402 25.70 94611.14
1562074053.8320458 25.74 94609.42
1562074113.8609512 25.69 94603.14
1562074173.8898568 25.73 94605.13
1562074233.918762 25.79 94599.53
1562074293.9476674 25.78 94601.19
1562074353.976573 25.75 94601.13
1562074414.0210786 25.77 94600.00
1562074474.049984 25.78 94600.42
1562074534.0788891 25.72 94594.13
1562074594.1077948 25.80 94594.28
1562074654.1367002 25.76 94597.33
1562074714.1656055 25.72 94595.53
1562074774.210111 25.67 94596.28
1562074834.2390165 25.75 94596.22
1562074894.267922 25.78 94593.14
1562074954.2968273 25.77 94594.88
1562075014.325733 25.78 94600.25
1562075074.3546383 25.80 94601.82
1562075134.3991437 25.89 94603.69
1562075194.428049 25.82 94609.30
1562075254.4569547 25.76 94606.08
1562075314.48586 25.76 94605.81
1562075374.5147655 25.77 94606.66
1562075434.5592709 25.81 94602.53
1562075494.5881765 25.88 94601.25
1562075554.6170819 25.97 94593.13
1562075614.6459873 25.93 94592.32
1562075674.674893 25.86 94591.78
1562075734.703798 25.84 94589.07
1562075794.7483037 25.85 94583.99
1562075854.777209 25.82 94586.69
1562075914.8061142 25.83 94578.16
1562075974.8350198 25.94 94582.57
1562076034.8639252 25.99 94577.75
1562076094.9084308 25.96 94581.80
1562076154.9373362 26.01 94586.65
1562076214.9662416 25.92 94584.00
1562076274.995147 25.85 94580.47
1562076335.0240524 25.90 94578.99
1562076395.068558 25.91 94579.77
1562076455.0974634 25.89 94576.02
1562076515.1263688 25.85 94578.63
1562076575.1552742 25.85 94577.17
1562076635.1841798 25.89 94572.17
1562076695.2130852 25.88 94571.99
1562076755.2575905 25.81 94572.74
1562076815.286496 25.73 94573.28
1562076875.3154016 25.85 94571.32
1562076935.344307 25.82 94569.78
1562076995.3732123 25.83 94567.83
1562077055.4177177 25.79 94567.95
1562077115.4466233 25.83 94568.00
1562077175.4755287 25.82 94566.27
1562077235.504434 25.80 94567.97
1562077295.5333397 25.88 94564.52
1562077355.5622451 25.84 94563.89
1562077415.6067505 25.89 94555.46
1562077475.6356559 25.81 94555.49
1562077535.6645615 25.77 94551.91
1562077595.693467 25.83 94551.08
1562077655.722372 25.82 94547.35
1562077715.7668777 25.87 94542.80
1562077775.7957833 25.84 94538.86
1562077835.8246884 25.83 94530.66
1562077895.853594 25.77 94532.17
1562077955.8824992 25.78 94530.03
1562078015.9114048 25.79 94523.18
1562078075.9559104 25.80 94520.77
1562078135.9848156 25.76 94520.99
1562078196.013721 25.78 94516.80
1562078256.0426266 25.77 94519.71
1562078316.071532 25.79 94516.32
1562078376.1160374 25.77 94518.26
1562078436.1449428 25.78 94518.72
1562078496.1738484 25.76 94516.64
1562078556.2027538 25.72 94516.11
1562078616.2316592 25.74 94511.99
1562078676.2605648 25.70 94507.41
1562078736.3050702 25.71 94508.69
1562078796.3339756 25.75 94501.91
1562078856.362881 25.75 94502.86
1562078916.3917866 25.79 94500.96
1562078976.420692 25.76 94492.41
1562079036.4495971 25.74 94495.32
1562079096.4941027 25.77 94494.03
1562079156.5230083 25.79 94494.39
1562079216.5519135 25.72 94494.35
1562079276.5808191 25.74 94488.16
1562079336.6097245 25.75 94485.50
1562079396.65423 25.78 94482.32
1562079456.6831355 25.80 94478.20
1562079516.7120407 25.75 94477.58
1562079576.7409463 25.72 94476.77
1562079636.7698517 25.73 94477.96
1562079696.798757 25.77 94480.75
1562079756.8432627 25.73 94478.52
1562079816.8721678 25.69 94475.32
1562079876.9010735 25.76 94476.17
1562079936.9299788 25.72 94470.32
1562079996.9588842 25.70 94467.78
1562080056.9877899 25.70 94463.49
1562080117.0322955 25.72 94470.75
1562080177.0612006 25.74 94464.44
1562080237.090106 25.74 94465.12
1562080297.1190116 25.76 94469.83
1562080357.147917 25.79 94462.46
1562080417.1768222 25.84 94460.50
1562080477.2213278 25.87 94455.07
1562080537.2502334 25.74 94453.63
1562080597.2791388 25.72 94450.50
1562080657.3080442 25.69 94450.98
1562080717.3369496 25.72 94446.04
1562080777.3814552 25.71 94444.91
1562080837.4103606 25.73 94445.75
1562080897.439266 25.73 94449.44
1562080957.4681716 25.75 94450.46
1562081017.4970767 25.74 94449.32
1562081077.5259821 25.81 94447.35
1562081137.5704877 25.71 94443.62
1562081197.5993934 25.74 94439.78
1562081257.6282985 25.77 94438.61
1562081317.657204 25.72 94437.34
1562081377.6861095 25.70 94436.14
1562081437.715015 25.76 94433.49
1562081497.7595205 25.81 94431.93
1562081557.7884257 25.86 94435.02
1562081617.8173313 25.86 94431.33
1562081677.8462367 25.84 94430.67
1562081737.875142 25.85 94421.35
1562081797.9040477 25.88 94414.89
1562081857.9485528 25.93 94407.35
1562081917.9774585 25.88 94407.63
1562081978.0063639 25.89 94410.63
1562082038.0352693 25.81 94407.33
1562082098.064175 25.82 94405.56
1562082158.1086802 25.87 94403.39
1562082218.1375856 25.88 94404.21
1562082278.166491 25.87 94404.07
1562082338.1953967 25.84 94398.22
1562082398.224302 25.85 94400.37
1562082458.2688074 25.93 94394.78
1562082518.2977128 25.92 94398.57
1562082578.3266184 25.88 94400.38
1562082638.3555236 25.85 94398.36
1562082698.3844292 25.81 94400.89
1562082758.4133346 25.79 94397.28
1562082818.44224 25.77 94397.66
1562082878.4867456 25.82 94393.78
1562082938.5156507 25.76 94393.49
1562082998.5445564 25.77 94391.19
1562083058.5734618 25.76 94387.74
1562083118.6023672 25.77 94382.67
1562083178.6468725 25.83 94384.72
1562083238.6757782 25.89 94381.49
1562083298.7046835 25.85 94377.14
1562083358.733589 25.88 94372.40
1562083418.7624946 25.89 94374.13
1562083478.7914 25.81 94364.90
1562083538.8359053 25.85 94357.16
1562083598.8648107 25.85 94357.11
1562083658.8937163 25.87 94358.02
1562083718.9226217 25.88 94353.33
1562083778.951527 25.94 94357.80
1562083838.9804323 25.91 94360.47
1562083899.0249379 25.87 94359.28
1562083959.0538435 25.85 94354.00
1562084019.082749 25.85 94349.96
1562084079.1116543 25.85 94347.51
1562084139.1405597 25.87 94350.42
1562084199.1850653 25.87 94345.96
1562084259.2139707 25.85 94342.26
1562084319.2428758 25.85 94341.04
1562084379.2717814 25.76 94339.97
1562084439.3006868 25.77 94336.06
1562084499.3295922 25.78 94334.89
1562084559.3740978 25.81 94337.67
1562084619.4030032 25.76 94337.69
1562084679.4319086 25.76 94334.21
1562084739.460814 25.76 94335.57
1562084799.4897196 25.79 94336.52
1562084859.534225 25.78 94335.00
1562084919.5631306 25.78 94336.41
1562084979.5920358 25.79 94341.64
1562085039.6209414 25.76 94339.24
1562085099.6498468 25.75 94338.02
1562085159.6787522 25.75 94340.36
1562085219.7232575 25.80 94330.47
1562085279.7521632 25.81 94324.80
1562085339.7810686 25.81 94321.43
1562085399.809974 25.78 94317.22
1562085459.8388796 25.78 94312.73
1562085519.8677847 25.75 94318.42
1562085579.9122903 25.75 94312.97
1562085639.9411957 25.75 94315.42
1562085699.9701014 25.75 94313.07
1562085759.9990067 25.77 94315.40
1562085820.027912 25.82 94316.49
1562085880.0724175 25.80 94312.22
1562085940.101323 25.78 94310.55
1562086000.1302285 25.87 94302.69
1562086060.1591337 25.88 94301.36
1562086120.188039 25.83 94303.75
1562086180.2169447 25.82 94295.83
1562086240.26145 25.85 94292.99
1562086300.2903557 25.81 94291.74
1562086360.3192608 25.81 94290.99
1562086420.3481665 25.79 94290.82
1562086480.3770719 25.85 94293.53
1562086540.4059772 25.84 94296.17
1562086600.4504826 25.81 94292.66
1562086660.4793882 25.84 94292.05
1562086720.5082936 25.81 94289.13
1562086780.537199 25.85 94284.52
1562086840.5661047 25.83 94283.03
1562086900.61061 25.83 94284.77
1562086960.6395154 25.82 94290.64
1562087020.6684208 25.85 94286.17
1562087080.6973264 25.87 94278.52
1562087140.7262318 25.88 94280.38
1562087200.7551372 25.89 94276.35
1562087260.7996426 25.91 94274.91
1562087320.8285482 25.87 94274.72
1562087380.8574536 25.88 94271.57
1562087440.8863587 25.82 94268.11
1562087500.9152646 25.82 94267.44
1562087560.9441698 25.81 94262.91
1562087620.9886754 25.84 94264.86
1562087681.0175807 25.88 94260.11
1562087741.046486 25.78 94260.67
1562087801.0753915 25.81 94259.24
1562087861.104297 25.84 94259.07
1562087921.1488025 25.91 94259.28
1562087981.1777077 25.89 94254.24
1562088041.2066133 25.90 94247.27
1562088101.2355187 25.86 94249.55
1562088161.264424 25.90 94252.73
1562088221.2933297 25.82 94249.57
1562088281.337835 25.83 94251.75
1562088341.3667405 25.80 94249.45
1562088401.3956459 25.82 94252.64
1562088461.4245515 25.83 94249.57
1562088521.4534569 25.85 94250.46
1562088581.4823623 25.84 94247.21
1562088641.5268676 25.89 94248.39
1562088701.5557733 25.87 94252.13
1562088761.5846786 25.88 94248.52
1562088821.6135838 25.92 94250.28
1562088881.6424897 25.89 94246.88
1562088941.686995 25.82 94248.17
1562089001.7159004 25.79 94246.62
1562089061.7448058 25.79 94246.67
1562089121.7737112 25.78 94241.66
1562089181.8026166 25.83 94242.86
1562089241.831522 25.80 94236.72
1562089301.8760276 25.89 94233.98
1562089361.9049332 25.87 94235.49
1562089421.9338384 25.87 94234.71
1562089481.9627438 25.88 94235.12
1562089541.9916494 25.94 94233.32
1562089602.0205548 25.86 94238.96
1562089662.0650601 25.98 94234.00
1562089722.0939658 26.00 94234.25
1562089782.122871 26.00 94230.17
1562089842.1517766 25.98 94231.66
1562089902.180682 25.89 94231.80
1562089962.2251873 25.83 94228.31
1562090022.2540927 25.83 94229.19
1562090082.2829983 25.86 94224.00
1562090142.3119037 25.86 94228.35
1562090202.340809 25.95 94222.27
1562090262.3697147 25.97 94218.53
1562090322.41422 25.91 94220.10
1562090382.4431255 25.92 94221.10
1562090442.4720309 25.94 94216.80
1562090502.5009365 25.93 94217.57
1562090562.529842 25.92 94214.11
1562090622.558747 25.97 94212.28
1562090682.6032526 26.03 94209.65
1562090742.6321583 26.03 94212.58
1562090802.6610637 26.00 94204.21
1562090862.6899688 25.98 94202.19
1562090922.7188745 25.88 94200.97
1562090982.76338 25.92 94196.60
1562091042.7922852 26.00 94193.42
1562091102.8211908 25.92 94190.57
1562091162.8500962 25.91 94189.79
1562091222.8790016 25.87 94189.00
1562091282.907907 25.87 94184.99
1562091342.9524124 25.89 94187.00
1562091402.981318 26.00 94185.11
1562091463.0102234 25.97 94186.71
1562091523.0391288 25.99 94187.96
1562091583.0680344 25.97 94186.33
1562091643.1125395 25.94 94184.66
1562091703.1414452 25.93 94177.61
1562091763.1703506 25.97 94178.33
1562091823.1992562 25.95 94177.39
1562091883.2281616 25.93 94177.61
1562091943.272667 25.91 94178.35
1562092003.3015723 25.88 94183.77
1562092063.3304777 25.89 94182.86
1562092123.3593833 25.90 94180.96
1562092183.3882887 25.88 94175.63
1562092243.417194 25.94 94172.30
1562092303.4616995 25.96 94171.41
1562092363.490605 25.97 94168.02
1562092423.5195105 25.94 94171.79
1562092483.548416 25.93 94175.38
1562092543.5773213 25.96 94177.32
1562092603.621827 25.98 94178.42
1562092663.6507323 26.03 94181.93
1562092723.6796377 25.95 94178.84
1562092783.708543 25.89 94180.07
1562092843.7374485 25.93 94176.94
1562092903.7663538 25.93 94179.16
1562092963.8108594 25.89 94174.56
1562093023.839765 25.87 94179.24
1562093083.8686702 25.85 94180.36
1562093143.8975756 25.97 94179.91
1562093203.9264812 25.93 94182.15
1562093263.9553866 25.96 94178.80
1562093323.9998922 25.93 94181.91
1562093384.0287974 25.93 94178.45
1562093444.057703 25.88 94176.74
1562093504.0866084 25.85 94179.71
1562093564.1155138 25.83 94180.77
1562093624.1600192 25.83 94178.02
1562093684.1889248 25.97 94177.46
1562093744.2178302 25.99 94178.15
1562093804.2467356 25.94 94179.46
1562093864.2756412 25.90 94182.97
1562093924.3045464 25.88 94182.71
1562093984.349052 25.85 94183.10
1562094044.3779573 25.81 94181.56
1562094104.4068627 25.88 94179.25
1562094164.4357684 25.91 94175.52
1562094224.4646735 25.90 94176.80
1562094284.509179 25.91 94174.05
1562094344.5380845 26.00 94169.49
1562094404.5669901 25.94 94176.82
1562094464.5958953 25.95 94180.22
1562094524.624801 25.90 94177.02
1562094584.6537063 25.88 94178.14
1562094644.6982117 25.86 94173.67
1562094704.7271173 25.84 94175.22
1562094764.7560225 25.84 94171.21
1562094824.784928 25.80 94171.72
1562094884.8138335 25.89 94169.69
1562094944.8427389 25.86 94171.03
1562095004.8872442 25.83 94170.38
1562095064.9161499 25.87 94172.17
1562095124.9450552 25.95 94172.86
1562095184.9739606 26.04 94179.35
1562095245.0028663 26.07 94175.66
1562095305.0473716 26.01 94181.27
1562095365.076277 25.93 94178.55
1562095425.1051824 25.94 94179.68
1562095485.134088 25.94 94179.50
1562095545.1629934 25.97 94175.78
1562095605.1918988 25.95 94180.52
1562095665.2364042 25.96 94180.56
1562095725.2653098 26.00 94182.21
1562095785.2942152 25.96 94181.07
1562095845.3231204 25.95 94181.80
1562095905.3520262 25.97 94187.22
1562095965.3965313 25.95 94187.27
1562096025.425437 26.04 94188.61
1562096085.4543424 26.04 94189.57
1562096145.4832475 26.06 94191.06
1562096205.5121531 26.05 94197.23
1562096265.5410585 26.01 94198.33
1562096325.5855641 26.01 94197.89
1562096385.6144693 25.98 94197.28
1562096445.643375 26.02 94201.91
1562096505.6722803 26.05 94201.41
1562096565.7011857 26.05 94199.66
1562096625.7300913 26.02 94199.78
1562096685.7745967 26.07 94200.28
1562096745.803502 25.99 94203.69
1562096805.8324075 25.97 94206.65
1562096865.861313 25.96 94209.59
1562096925.8902185 26.07 94208.76
1562096985.9347239 25.99 94212.85
1562097045.9636292 26.03 94212.97
1562097105.9925349 25.99 94213.13
1562097166.0214403 25.98 94217.99
1562097226.0503457 25.94 94218.53
1562097286.0792513 25.96 94218.29
1562097346.1237566 25.94 94222.03
1562097406.152662 25.94 94222.86
1562097466.1815674 25.92 94220.42
1562097526.210473 25.93 94223.77
1562097586.2393782 25.92 94223.11
1562097646.2838838 26.00 94223.72
1562097706.3127892 26.11 94224.28
1562097766.3416948 26.03 94229.77
1562097826.3706002 26.09 94228.57
1562097886.3995054 26.06 94229.69
1562097946.4284108 26.13 94232.53
1562098006.4729164 26.06 94233.93
1562098066.5018218 26.11 94229.24
1562098126.5307274 26.13 94233.21
1562098186.5596325 25.98 94233.12
1562098246.5885382 25.98 94231.99
1562098306.6330438 26.00 94232.74
1562098366.661949 26.09 94229.76
1562098426.6908543 26.05 94234.27
1562098486.71976 26.04 94234.89
1562098546.7486653 26.08 94236.67
1562098606.7775707 26.12 94235.89
1562098666.822076 26.04 94239.86
1562098726.8509817 26.02 94235.17
1562098786.879887 26.02 94237.09
1562098846.9087925 25.95 94243.14
1562098906.9376981 25.90 94246.84
1562098966.9822035 25.92 94245.86
1562099027.0111089 25.97 94244.27
1562099087.0400143 26.09 94240.98
1562099147.06892 26.03 94243.72
1562099207.0978253 25.96 94239.33
1562099267.1267304 25.94 94236.61
1562099327.171236 25.91 94238.96
1562099387.2001417 25.89 94235.72
1562099447.2290468 25.95 94235.14
1562099507.2579525 25.92 94233.26
1562099567.2868578 25.97 94232.88
1562099627.3157632 25.92 94239.28
1562099687.3602688 25.94 94239.85
1562099747.3891742 25.96 94238.74
1562099807.4180794 25.94 94242.64
1562099867.446985 25.94 94243.63
1562099927.4758904 25.96 94237.55
1562099987.5203958 25.96 94239.67
1562100047.5493014 26.07 94236.63
1562100107.5782068 26.03 94234.18
1562100167.6071122 26.03 94231.94
1562100227.6360176 26.04 94232.44
1562100287.6649232 26.01 94232.28
1562100347.7094285 26.03 94236.28
1562100407.738334 26.06 94236.19
1562100467.7672393 26.06 94237.39
1562100527.796145 26.00 94234.85
1562100587.8250504 26.06 94238.07
1562100647.8695557 26.07 94236.29
1562100707.898461 26.01 94236.57
1562100767.9273667 25.97 94242.70
1562100827.9562721 25.97 94243.26
1562100887.9851775 26.02 94243.88
1562100948.014083 26.02 94243.88
1562101008.0585885 25.99 94247.00
1562101068.087494 25.95 94246.87
1562101128.1163993 26.00 94247.08
1562101188.1453047 25.94 94249.32
1562101248.17421 25.98 94247.07
1562101308.2031155 25.97 94250.63
1562101368.232021 25.95 94251.22
1562101428.2765267 25.94 94248.14
1562101488.3054318 26.02 94246.96
1562101548.3343372 26.03 94248.02
1562101608.3632429 26.02 94253.33
1562101668.3921483 25.95 94255.91
1562101728.4366539 25.95 94259.76
1562101788.465559 25.96 94262.35
1562101848.4944644 25.91 94263.07
1562101908.52337 25.92 94263.17
1562101968.5522754 25.92 94260.83
1562102028.5811808 26.01 94264.94
1562102088.6256862 26.00 94262.99
1562102148.6545918 25.94 94265.73
1562102208.6834972 25.96 94265.73
1562102268.7124026 25.91 94268.15
1562102328.7413082 25.92 94266.98
1562102388.7702134 25.88 94262.35
1562102448.814719 25.92 94266.25
1562102508.8436244 25.98 94264.21
1562102568.87253 25.96 94261.66
1562102628.9014354 25.97 94261.11
1562102688.9303405 25.92 94265.25
1562102748.9748461 25.90 94259.43
1562102809.0037518 25.94 94260.89
1562102869.032657 26.02 94265.39
1562102929.0615625 26.06 94268.28
1562102989.090468 25.98 94265.67
1562103049.1193733 25.98 94264.32
1562103109.163879 25.94 94261.96
1562103169.192784 26.01 94263.15
1562103229.2216897 25.92 94259.95
1562103289.250595 25.93 94264.39
1562103349.2795005 26.00 94265.73
1562103409.3240058 25.98 94262.25
1562103469.3529115 25.95 94264.67
1562103529.3818169 25.98 94269.13
1562103589.4107223 25.93 94268.91
1562103649.439628 25.91 94271.17
1562103709.4685333 25.90 94269.55
1562103769.5130386 25.97 94266.41
1562103829.541944 25.90 94271.32
1562103889.5708494 25.90 94269.71
1562103949.599755 25.88 94268.55
1562104009.6286604 25.89 94268.47
1562104069.6575656 25.91 94267.88
1562104129.7020712 25.92 94267.13
1562104189.7309768 25.89 94267.69
1562104249.759882 25.90 94269.61
1562104309.7887876 25.88 94272.00
1562104369.817693 25.92 94267.82
1562104429.8621986 25.96 94274.39
1562104489.891104 25.92 94270.64
1562104549.9200094 25.95 94273.32
1562104609.9489148 26.04 94276.38
1562104669.9778202 26.05 94277.37
1562104730.0067255 26.03 94274.32
1562104790.051231 25.97 94279.10
1562104850.0801368 25.97 94278.26
1562104910.109042 26.00 94275.66
1562104970.1379473 26.00 94278.15
1562105030.166853 26.01 94278.38
1562105090.1957583 25.98 94274.69
1562105150.2402637 25.93 94275.00
1562105210.269169 26.00 94277.14
1562105270.2980747 25.98 94277.27
1562105330.32698 25.96 94277.24
1562105390.3558855 25.92 94273.85
1562105450.4003909 26.01 94278.00
1562105510.4292965 25.98 94279.57
1562105570.458202 25.96 94279.58
1562105630.4871073 26.04 94283.13
1562105690.516013 26.01 94283.90
1562105750.544918 25.99 94280.30
1562105810.5894237 26.01 94281.96
1562105870.618329 26.01 94284.53
1562105930.6472347 26.05 94280.55
1562105990.6761398 26.05 94283.82
1562106050.7050452 26.02 94281.50
1562106110.7339506 26.02 94279.44
1562106170.7784562 26.02 94280.30
1562106230.8073618 25.97 94282.17
1562106290.836267 26.05 94283.07
1562106350.8651724 25.97 94285.52
1562106410.894078 26.01 94285.25
1562106470.9385834 25.95 94286.85
1562106530.967489 26.00 94285.42
1562106590.9963942 25.96 94282.36
1562106651.0252998 25.94 94284.79
1562106711.0542052 25.96 94284.94
1562106771.0831106 25.99 94286.86
1562106831.127616 25.99 94285.15
1562106891.1565216 25.99 94284.17
1562106951.185427 25.91 94285.46
1562107011.2143323 25.92 94284.55
1562107071.243238 26.00 94280.74
1562107131.2877433 25.98 94282.96
1562107191.3166487 26.04 94288.25
1562107251.345554 25.99 94284.24
1562107311.3744597 25.99 94285.49
1562107371.4033651 26.03 94285.42
1562107431.4322705 25.94 94286.50
1562107491.476776 25.94 94286.90
1562107551.5056815 25.96 94287.13
1562107611.534587 25.97 94292.53
1562107671.563492 26.01 94294.46
1562107731.592398 26.00 94290.67
1562107791.621303 26.04 94293.80
1562107851.6658087 26.03 94290.35
1562107911.694714 25.98 94293.41
1562107971.7236192 25.95 94293.43
1562108031.7525249 26.02 94295.79
1562108091.7814302 26.05 94295.20
1562108151.8259358 25.96 94295.42
1562108211.854841 25.95 94299.17
1562108271.8837466 25.93 94297.00
1562108331.912652 25.95 94296.39
1562108391.9415574 25.93 94298.00
1562108451.970463 25.94 94295.20
1562108512.0149684 26.01 94295.52
1562108572.0438738 26.05 94295.69
1562108632.0727792 26.00 94297.71
1562108692.1016848 26.01 94299.38
1562108752.1305902 26.03 94300.92
1562108812.1594956 26.05 94300.65
1562108872.204001 26.08 94299.02
1562108932.2329066 26.09 94298.25
1562108992.261812 26.00 94297.65
1562109052.2907171 26.01 94297.92
1562109112.319623 26.07 94298.36
1562109172.3485281 26.08 94294.83
1562109232.3930337 26.10 94295.91
1562109292.4219391 26.08 94296.46
1562109352.4508448 26.10 94301.44
1562109412.47975 26.01 94300.21
1562109472.5086553 25.97 94298.74
1562109532.553161 25.94 94303.32
1562109592.582066 25.94 94300.47
1562109652.610972 25.95 94304.53
1562109712.639877 25.97 94304.05
1562109772.6687827 25.96 94302.40
1562109832.697688 26.03 94303.96
1562109892.7421935 26.04 94300.77
1562109952.7710989 25.96 94302.80
1562110012.8000042 26.04 94301.32
1562110072.8289099 26.00 94304.02
1562110132.8578153 25.97 94301.91
1562110192.8867207 25.96 94304.30
1562110252.931226 25.94 94302.82
1562110312.9601316 25.97 94303.44
1562110372.989037 25.99 94306.85
1562110433.0179424 26.01 94306.00
1562110493.046848 25.94 94309.28
1562110553.0913534 25.95 94309.28
1562110613.1202588 25.95 94309.67
1562110673.1491642 25.98 94310.14
1562110733.1780698 25.98 94310.75
1562110793.206975 25.92 94309.96
1562110853.2358804 25.96 94311.08
1562110913.280386 25.93 94306.54
1562110973.3092916 25.91 94309.80
1562111033.338197 25.86 94310.67
1562111093.3671021 25.92 94312.24
1562111153.3960078 25.97 94306.27
1562111213.4249132 25.99 94311.87
1562111273.4694185 25.99 94312.53
1562111333.4983242 26.01 94318.63
1562111393.5272295 25.90 94312.57
1562111453.556135 25.89 94314.36
1562111513.5850403 25.91 94310.97
1562111573.613946 25.87 94311.41
1562111633.6584513 25.90 94308.99
1562111693.6873567 25.99 94305.92
1562111753.716262 25.98 94304.83
1562111813.7451677 25.98 94307.35
1562111873.7740731 25.85 94309.63
1562111933.8029785 25.89 94308.66
1562111993.8474839 25.87 94308.55
1562112053.8763893 25.94 94305.66
