1561939282.7929332 26.30 94999.08
1561939342.8374383 26.33 94995.02
1561939402.866344 26.34 94998.07
1561939462.8952494 26.30 94996.41
1561939522.924155 26.31 95001.11
1561939582.9530602 26.28 94999.91
1561939642.9975657 26.31 95002.49
1561939703.0264711 26.30 95001.70
1561939763.0553763 26.27 95002.07
1561939823.0842822 26.21 94999.99
1561939883.1131873 26.19 94995.46
1561939943.157693 26.19 94993.72
1561940003.1865983 26.24 94997.35
1561940063.2155037 26.27 94998.45
1561940123.244409 26.30 94996.47
1561940183.2733145 26.29 94997.39
1561940243.31782 26.28 94997.67
1561940303.3467255 26.26 94994.91
1561940363.3756309 26.25 94998.10
1561940423.4045362 26.25 94995.63
1561940483.4334419 26.26 94998.77
1561940543.4623473 26.21 94997.32
1561940603.5068526 26.24 94996.35
1561940663.535758 26.28 94996.83
1561940723.5646636 26.30 94998.75
1561940783.593569 26.32 94999.83
1561940843.6224744 26.24 94995.91
1561940903.6669798 26.24 94995.77
1561940963.6958854 26.26 95000.71
1561941023.7247908 26.26 95000.00
1561941083.7536962 26.22 95001.36
1561941143.7826018 26.24 95000.10
1561941203.8271072 26.19 94999.02
1561941263.8560126 26.23 95002.19
1561941323.884918 26.20 94999.14
1561941383.9138236 26.25 95000.55
1561941443.9427288 26.29 94995.44
1561941503.9716341 26.27 94997.88
1561941564.0161397 26.23 94993.03
1561941624.0450451 26.28 94995.60
1561941684.0739508 26.34 94992.46
1561941744.102856 26.29 94994.60
1561941804.1317613 26.30 94997.58
1561941864.176267 26.28 94996.49
1561941924.2051725 26.29 95000.17
1561941984.2340777 26.26 95003.16
1561942044.2629833 26.26 95001.71
1561942104.2918887 26.28 95000.11
1561942164.336394 26.24 95001.37
1561942224.3652997 26.34 95000.41
1561942284.3942049 26.29 95002.21
1561942344.4231105 26.27 95005.09
1561942404.4520159 26.26 95006.17
1561942464.4965215 26.16 95005.86
1561942524.5254266 26.17 95005.71
1561942584.5543323 26.16 95006.10
1561942644.5832376 26.16 95007.89
1561942704.612143 26.18 95007.17
1561942764.6410487 26.15 95008.61
1561942824.685554 26.15 95007.71
1561942884.7144594 26.14 95011.48
1561942944.7433648 26.21 95008.53
1561943004.7722704 26.22 95008.94
1561943064.8011758 26.27 95009.10
1561943124.8456812 26.30 95006.72
1561943184.8745866 26.26 95009.32
1561943244.9034922 26.26 95005.34
1561943304.9323976 26.21 95004.92
1561943364.9613028 26.16 95006.03
1561943424.9902086 26.29 95008.41
1561943485.0347137 26.26 95010.55
1561943545.0636194 26.21 95005.71
1561943605.0925248 26.23 95006.61
1561943665.12143 26.20 95007.28
1561943725.1503356 26.18 95009.85
1561943785.1948411 26.22 95007.16
1561943845.2237465 26.15 95006.98
1561943905.2526517 26.16 95006.72
1561943965.2815573 26.11 95005.03
1561944025.3104627 26.16 95010.41
1561944085.3549683 26.14 95004.74
1561944145.3838737 26.18 95007.41
1561944205.412779 26.24 95008.91
1561944265.4416845 26.21 95005.60
1561944325.4705899 26.23 95010.39
1561944385.4994955 26.26 95007.25
1561944445.544001 26.25 95006.78
1561944505.5729063 26.20 95004.77
1561944565.6018116 26.22 95008.67
1561944625.6307173 26.22 95008.96
1561944685.6596227 26.20 95004.80
1561944745.704128 26.17 95008.66
1561944805.7330334 26.19 95007.19
1561944865.761939 26.13 95011.21
1561944925.7908444 26.16 95009.91
1561944985.8197498 26.25 95008.97
1561945045.8486555 26.13 95008.71
1561945105.8931608 26.11 95008.42
1561945165.9220662 26.17 95006.21
1561945225.9509716 26.25 95009.27
1561945285.9798772 26.25 95009.77
1561945346.0087826 26.19 95014.33
1561945406.053288 26.11 95016.71
1561945466.0821934 26.17 95015.86
1561945526.1110988 26.21 95019.27
1561945586.1400042 26.22 95020.50
1561945646.1689098 26.17 95019.55
1561945706.2134151 26.17 95021.86
1561945766.2423205 26.18 95019.84
1561945826.2712262 26.19 95023.99
1561945886.3001313 26.17 95022.57
1561945946.3290367 26.18 95024.33
1561946006.3579423 26.22 95023.92
1561946066.402448 26.21 95018.19
1561946126.431353 26.26 95022.60
1561946186.4602585 26.18 95021.02
1561946246.489164 26.17 95016.66
1561946306.5180695 26.10 95020.83
1561946366.562575 26.12 95015.14
1561946426.5914803 26.16 95013.13
1561946486.620386 26.14 95007.25
1561946546.6492913 26.19 95007.90
1561946606.6781967 26.09 95011.33
1561946666.7071023 26.13 95013.00
1561946726.7516077 26.17 95009.47
1561946786.780513 26.12 95015.72
1561946846.8094184 26.16 95016.44
1561946906.838324 26.20 95016.67
1561946966.8672292 26.18 95014.21
1561947026.9117348 26.14 95014.96
1561947086.9406402 26.17 95015.26
1561947146.9695458 26.17 95017.50
1561947206.9984512 26.16 95014.80
1561947267.0273566 26.19 95016.78
1561947327.0562618 26.13 95020.10
1561947387.1007674 26.14 95020.66
1561947447.129673 26.15 95023.07
1561947507.1585782 26.19 95020.77
1561947567.1874838 26.21 95025.20
1561947627.2163892 26.18 95020.98
1561947687.2608948 26.16 95024.46
1561947747.2898002 26.07 95029.51
1561947807.3187053 26.13 95026.50
1561947867.347611 26.12 95027.17
1561947927.3765163 26.15 95023.35
1561947987.4054217 26.11 95022.46
1561948047.4499273 26.07 95020.97
1561948107.4788327 26.08 95023.31
1561948167.507738 25.99 95022.57
1561948227.5366435 26.07 95020.07
1561948287.5655491 26.05 95023.74
1561948347.6100545 26.13 95020.03
1561948407.63896 26.15 95021.89
1561948467.6678653 26.12 95018.64
1561948527.696771 26.13 95015.91
1561948587.7256763 26.18 95013.38
1561948647.7545817 26.13 95011.59
1561948707.799087 26.13 95011.38
1561948767.8279927 26.13 95012.42
1561948827.856898 26.12 95015.32
1561948887.8858035 26.10 95012.79
1561948947.914709 26.09 95014.25
1561949007.9592144 26.09 95008.14
1561949067.9881198 26.11 95008.77
1561949128.0170252 26.08 95011.60
1561949188.0459304 26.12 95009.69
1561949248.0748363 26.03 95012.17
1561949308.1037414 26.04 95013.46
1561949368.148247 26.06 95013.82
1561949428.1771524 26.04 95011.28
1561949488.2060578 26.04 95013.36
1561949548.2349632 26.05 95012.25
1561949608.2638686 26.10 95017.32
1561949668.3083742 26.04 95015.24
1561949728.3372796 26.05 95014.46
1561949788.366185 26.02 95016.90
1561949848.3950903 26.06 95016.16
1561949908.423996 26.04 95015.30
1561949968.4529014 26.06 95011.86
1561950028.4974067 26.01 95016.55
1561950088.526312 25.99 95014.03
1561950148.5552177 26.06 95010.19
1561950208.5841231 26.07 95009.75
1561950268.6130285 26.02 95006.22
1561950328.6419342 26.09 95002.89
1561950388.6864395 26.07 95002.64
1561950448.715345 26.04 94996.64
1561950508.7442503 26.06 94999.74
1561950568.773156 26.08 94992.78
1561950628.8020613 26.01 94996.85
1561950688.8465667 26.04 94995.21
1561950748.875472 26.00 95001.19
1561950808.9043777 26.02 94996.17
1561950868.933283 26.03 95001.89
1561950928.9621882 26.01 95006.12
1561950988.9910939 26.01 95000.24
1561951049.0355995 26.03 95000.55
1561951109.0645046 26.07 95001.97
1561951169.0934103 26.02 95003.85
1561951229.1223154 26.02 94997.47
1561951289.151221 26.03 94996.35
1561951349.1957266 26.02 94996.90
1561951409.2246318 26.04 94992.29
1561951469.2535372 25.99 94993.52
1561951529.2824428 25.99 94995.09
1561951589.3113482 25.99 94996.77
1561951649.3402536 25.99 94999.15
1561951709.384759 26.01 95006.60
1561951769.4136646 25.98 95001.67
1561951829.44257 25.95 95005.96
1561951889.4714754 25.96 95007.46
1561951949.500381 26.01 95005.93
1561952009.5292864 25.98 95010.59
1561952069.5581918 26.02 95010.03
1561952129.6026971 25.98 95010.38
1561952189.6316028 25.99 95014.35
1561952249.6605082 26.01 95014.64
1561952309.6894133 25.99 95008.70
1561952369.733919 26.04 95009.55
1561952429.7472243 25.95 95002.34
1561952489.79173 25.96 95002.50
1561952549.8206353 25.94 94997.53
1561952609.8495407 25.96 94992.02
1561952669.878446 25.97 94993.94
1561952729.9073515 25.94 94997.57
1561952789.9362571 25.98 94998.99
1561952849.9807627 25.92 94995.25
1561952910.0096679 25.90 94994.46
1561952970.0385733 25.89 94994.44
1561953030.067479 25.91 94995.05
1561953090.0963843 25.91 94994.88
1561953150.1408896 25.91 94997.87
1561953210.169795 25.95 95000.64
1561953270.1987004 25.99 94997.27
1561953330.227606 25.93 95004.38
1561953390.2565114 25.95 95004.96
1561953450.2854168 25.92 95005.09
1561953510.3299222 25.92 95005.99
1561953570.3588278 25.94 95006.17
1561953630.3877332 25.93 95005.39
1561953690.4166386 25.92 95005.99
1561953750.4455442 25.92 95007.16
1561953810.4744494 25.94 95010.03
1561953870.518955 25.98 95007.20
1561953930.5478604 25.96 95006.75
1561953990.5767658 25.94 95010.47
1561954050.6056714 25.92 95005.30
1561954110.6345766 25.88 95005.23
1561954170.6790822 25.85 95004.69
1561954230.7079878 25.84 95001.10
1561954290.736893 25.93 94998.35
1561954350.7657983 25.94 94994.39
1561954410.794704 25.93 94994.50
1561954470.8236094 25.96 94996.71
1561954530.8681147 25.94 94998.53
1561954590.89702 25.88 95003.22
1561954650.9259257 25.90 95005.67
1561954710.9548311 25.89 95005.94
1561954770.9837365 25.89 95007.17
1561954831.0126421 25.88 95007.11
1561954891.0571475 25.85 95007.38
1561954951.086053 25.87 95006.58
1561955011.1149583 25.85 95005.47
1561955071.143864 25.86 95005.39
1561955131.1727693 25.90 95006.28
1561955191.2016745 25.89 95005.66
1561955251.24618 25.90 95010.30
1561955311.2750854 25.88 95008.68
1561955371.303991 25.94 95009.29
1561955431.3328965 25.91 95011.46
1561955491.3618016 25.91 95012.13
1561955551.4063072 25.91 95011.00
1561955611.4352129 25.90 95007.35
1561955671.4641182 25.90 95007.60
1561955731.4930234 25.89 95003.28
1561955791.521929 25.84 95000.92
1561955851.5508344 25.86 94994.75
1561955911.5953398 25.87 94993.26
1561955971.6242454 25.84 94991.71
1561956031.6531508 25.93 94988.97
1561956091.6820562 25.87 94987.56
1561956151.7109616 25.89 94992.33
1561956211.7398672 25.87 94992.59
1561956271.7843726 25.83 94992.16
1561956331.813278 25.84 94993.55
1561956391.8421834 25.88 94993.78
1561956451.871089 25.88 94993.99
1561956511.8999944 25.87 94990.07
1561956571.9288995 25.87 94984.28
1561956631.9734051 25.91 94985.54
1561956692.0023108 25.91 94985.33
1561956752.0312161 25.89 94986.85
1561956812.0601215 25.84 94987.69
1561956872.0890272 25.86 94989.67
1561956932.1179323 25.82 94983.06
1561956992.162438 25.81 94981.39
1561957052.1913433 25.83 94981.41
1561957112.2202485 25.83 94979.20
1561957172.2491543 25.81 94980.97
1561957232.2780595 25.84 94981.94
1561957292.3069649 25.84 94979.56
1561957352.3514707 25.85 94981.89
1561957412.3803759 25.89 94982.17
1561957472.4092813 25.97 94978.57
1561957532.4381866 26.05 94984.44
1561957592.4670923 26.02 94981.83
1561957652.4959977 26.08 94979.42
1561957712.540503 26.25 94979.03
1561957772.5694084 26.26 94975.01
1561957832.598314 26.10 94976.67
1561957892.6272194 26.08 94973.24
1561957952.6561248 26.17 94975.88
1561958012.7006302 26.15 94972.80
1561958072.7295358 26.16 94973.55
1561958132.7584412 26.13 94977.92
1561958192.7873466 26.09 94980.27
1561958252.831852 26.02 94973.96
1561958312.8607576 26.03 94979.94
1561958372.889663 26.05 94974.72
1561958432.9185684 25.99 94972.75
1561958492.947474 25.93 94973.22
1561958552.9919794 25.95 94973.51
1561958613.0208848 25.94 94972.01
1561958673.0497901 25.96 94970.85
1561958733.0786958 25.93 94971.22
1561958793.107601 25.81 94972.75
1561958853.1521065 25.77 94977.36
1561958913.181012 25.84 94973.96
1561958973.2099175 25.84 94978.08
1561959033.238823 25.87 94974.50
1561959093.267728 25.81 94974.77
1561959153.2966335 25.80 94975.42
1561959213.3411393 25.81 94973.77
1561959273.3700447 25.77 94967.48
1561959333.3989499 25.74 94966.27
1561959393.4278553 25.77 94962.66
1561959453.456761 25.73 94960.96
1561959513.5012662 25.75 94959.46
1561959573.5301719 25.80 94956.72
1561959633.559077 25.82 94958.92
1561959693.5879827 25.78 94963.98
1561959753.616888 25.76 94960.42
1561959813.6457934 25.78 94967.19
1561959873.6902988 25.82 94965.95
1561959933.7192044 25.84 94965.36
1561959993.7481098 25.82 94967.02
1561960053.7770152 25.81 94970.58
1561960113.8059208 25.76 94972.14
1561960173.8348262 25.72 94978.18
1561960233.8793316 25.72 94979.32
1561960293.908237 25.71 94976.99
1561960353.9371426 25.74 94980.44
1561960413.966048 25.78 94979.99
1561960473.9949534 25.75 94978.28
1561960534.0238588 25.74 94975.82
1561960594.0683644 25.75 94970.41
1561960654.0972698 25.79 94964.25
1561960714.126175 25.79 94960.78
1561960774.1550808 25.80 94961.08
1561960834.183986 25.75 94959.28
1561960894.2128913 25.68 94960.71
1561960954.257397 25.67 94962.63
1561961014.286302 25.66 94959.15
1561961074.3152077 25.67 94960.25
1561961134.344113 25.76 94959.35
1561961194.3730187 25.75 94961.64
1561961254.4019241 25.73 94964.47
1561961314.4464295 25.70 94966.00
1561961374.475335 25.75 94965.62
1561961434.5042403 25.71 94964.42
1561961494.533146 25.68 94961.85
1561961554.5620513 25.62 94962.01
1561961614.5909567 25.67 94961.16
1561961674.635462 25.71 94960.32
1561961734.6643677 25.71 94959.81
1561961794.693273 25.77 94956.36
1561961854.7221785 25.74 94955.92
1561961914.7510839 25.69 94957.55
1561961974.7799895 25.63 94953.99
1561962034.8244948 25.59 94952.53
1561962094.8534002 25.65 94945.24
1561962154.8823059 25.64 94945.35
1561962214.911211 25.64 94941.33
1561962274.9401164 25.66 94940.28
1561962334.969022 25.70 94937.86
1561962395.0135276 25.73 94936.05
1561962455.042433 25.76 94940.28
1561962515.0713382 25.75 94944.05
1561962575.1002438 25.79 94943.88
1561962635.1291492 25.70 94949.93
1561962695.1580546 25.73 94950.85
1561962755.20256 25.70 94954.28
1561962815.2314656 25.72 94955.37
1561962875.260371 25.72 94953.90
1561962935.2892764 25.68 94955.19
1561962995.318182 25.69 94958.39
1561963055.3470874 25.66 94960.87
1561963115.3915927 25.64 94960.41
1561963175.4204981 25.62 94966.13
1561963235.4494038 25.58 94971.93
1561963295.4783092 25.53 94970.38
1561963355.5072145 25.54 94972.78
1561963415.5361197 25.55 94972.07
1561963475.5806253 25.58 94969.49
1561963535.609531 25.54 94966.92
1561963595.638436 25.52 94969.64
1561963655.6673417 25.49 94963.17
1561963715.696247 25.55 94965.64
1561963775.7251525 25.55 94961.08
1561963835.769658 25.56 94964.96
1561963895.7985632 25.55 94963.25
1561963955.8274689 25.58 94963.89
1561964015.8563743 25.56 94966.57
1561964075.8852797 25.53 94966.25
1561964135.9141853 25.59 94965.49
1561964195.9586906 25.58 94967.07
1561964255.987596 25.58 94967.31
1561964316.0165014 25.64 94969.42
1561964376.045407 25.63 94967.82
1561964436.0743124 25.65 94967.27
1561964496.1032178 25.60 94965.17
1561964556.1477232 25.64 94969.28
1561964616.1766288 25.64 94970.50
1561964676.2055342 25.58 94970.86
1561964736.2344396 25.56 94968.67
1561964796.263345 25.54 94971.39
1561964856.2922506 25.50 94972.34
1561964916.336756 25.61 94972.80
1561964976.3656614 25.62 94969.41
1561965036.394567 25.57 94970.47
1561965096.4234722 25.51 94967.78
1561965156.4523776 25.55 94968.67
1561965216.4812832 25.50 94971.30
1561965276.5257888 25.60 94963.27
1561965336.554694 25.57 94965.51
1561965396.5835993 25.57 94969.49
1561965456.6125047 25.53 94971.38
1561965516.6414104 25.55 94974.36
1561965576.6703157 25.55 94978.59
1561965636.6992211 25.53 94979.88
1561965696.7437265 25.49 94981.53
1561965756.7726321 25.51 94979.21
1561965816.8015375 25.52 94980.52
1561965876.830443 25.50 94978.94
1561965936.8593485 25.51 94979.13
1561965996.8882537 25.46 94979.28
1561966056.9327593 25.44 94977.28
1561966116.9616647 25.44 94976.42
1561966176.99057 25.46 94975.86
1561966237.0194757 25.54 94969.50
1561966297.0483809 25.49 94974.39
1561966357.0772865 25.50 94972.17
1561966417.121792 25.46 94976.63
1561966477.1350973 25.53 94976.57
1561966537.1796026 25.51 94980.10
1561966597.2085083 25.48 94974.91
1561966657.2374136 25.45 94978.88
1561966717.266319 25.48 94969.88
1561966777.2952247 25.46 94972.08
1561966837.32413 25.47 94967.69
1561966897.3686354 25.44 94969.32
1561966957.3975408 25.44 94971.22
1561967017.4264464 25.48 94973.33
1561967077.4553518 25.50 94973.82
1561967137.4842572 25.48 94979.07
1561967197.5131626 25.45 94981.06
1561967257.5576682 25.47 94988.10
1561967317.5865736 25.50 94987.91
1561967377.6154788 25.50 94989.72
1561967437.6443846 25.51 94988.97
1561967497.6732898 25.54 94990.25
1561967557.7021952 25.54 94985.52
1561967617.7467008 25.56 94987.75
1561967677.775606 25.52 94983.87
1561967737.8045115 25.51 94986.25
1561967797.833417 25.47 94982.85
1561967857.8623223 25.50 94983.57
1561967917.891228 25.47 94978.17
1561967977.9201334 25.45 94982.66
1561968037.9646387 25.46 94980.28
1561968097.993544 25.45 94983.10
1561968158.0224497 25.47 94984.49
1561968218.0513551 25.48 94984.55
1561968278.0802605 25.49 94986.67
1561968338.1091661 25.43 94986.97
1561968398.1536715 25.45 94982.88
1561968458.182577 25.44 94983.65
1561968518.2114823 25.46 94986.67
1561968578.2403877 25.51 94984.82
1561968638.2692933 25.56 94982.80
1561968698.2981985 25.56 94982.22
1561968758.342704 25.57 94982.21
1561968818.3716097 25.54 94983.61
1561968878.4005148 25.49 94980.99
1561968938.4294202 25.44 94986.32
1561968998.4583259 25.45 94983.44
1561969058.4872313 25.46 94986.67
1561969118.5161366 25.48 94985.96
1561969178.560642 25.47 94982.82
1561969238.5895476 25.41 94980.42
1561969298.618453 25.41 94980.77
1561969358.6473584 25.50 94982.96
1561969418.676264 25.48 94982.94
1561969478.7051694 25.50 94978.54
1561969538.7496748 25.44 94978.42
1561969598.7785802 25.47 94979.40
1561969658.8074856 25.51 94976.05
1561969718.8363912 25.52 94975.03
1561969778.8652964 25.51 94972.10
1561969838.8942018 25.51 94973.10
1561969898.9231074 25.51 94975.14
1561969958.967613 25.43 94974.42
1561970018.9965184 25.44 94975.96
1561970079.0254235 25.47 94977.73
1561970139.0543292 25.48 94974.24
1561970199.0832345 25.41 94972.63
1561970259.11214 25.44 94974.11
1561970319.1566453 25.44 94972.17
1561970379.185551 25.44 94970.39
1561970439.2144563 25.43 94970.30
1561970499.2433617 25.45 94975.47
1561970559.2722673 25.51 94975.21
1561970619.3011727 25.43 94973.48
1561970679.345678 25.45 94973.17
1561970739.3745835 25.50 94977.53
1561970799.403489 25.47 94973.21
1561970859.4323945 25.53 94970.78
1561970919.4613 25.47 94973.10
1561970979.4902053 25.52 94971.52
1561971039.5191107 25.51 94967.41
1561971099.5636163 25.52 94967.17
1561971159.5925217 25.50 94967.56
1561971219.6214273 25.48 94973.67
1561971279.6503325 25.49 94972.22
1561971339.6792378 25.45 94975.03
1561971399.7081435 25.47 94977.83
1561971459.7526486 25.52 94976.04
1561971519.7815542 25.58 94975.67
1561971579.8104596 25.65 94975.03
1561971639.839365 25.70 94975.75
1561971699.8682706 25.72 94977.34
1561971759.897176 25.83 94976.18
1561971819.9260812 25.80 94975.92
1561971879.9705868 25.80 94976.49
1561971939.9994924 25.85 94974.82
1561972000.0283978 25.85 94975.53
1561972060.0573032 25.88 94976.07
1561972120.0862086 25.85 94980.01
1561972180.115114 25.83 94977.80
1561972240.1596196 25.79 94977.03
1561972300.188525 25.80 94978.43
1561972360.2174306 25.89 94977.25
1561972420.2463357 25.90 94975.44
1561972480.2752411 25.86 94972.93
1561972540.3041468 25.91 94970.42
1561972600.3330522 25.92 94974.84
1561972660.3775575 25.91 94973.44
1561972720.406463 25.89 94973.67
1561972780.4353685 25.93 94973.56
1561972840.464274 25.94 94975.30
1561972900.4931793 25.92 94976.51
1561972960.522085 25.92 94977.39
1561973020.5665903 25.88 94974.72
1561973080.5954957 25.86 94973.81
1561973140.624401 25.79 94973.69
1561973200.6533067 25.83 94977.86
1561973260.682212 25.87 94980.13
1561973320.7111173 25.92 94980.00
1561973380.7556229 25.89 94980.83
1561973440.7845285 25.87 94983.71
1561973500.813434 25.97 94988.18
1561973560.8423393 25.96 94989.77
1561973620.8712444 25.94 94990.50
1561973680.90015 25.92 94990.75
1561973740.9290555 25.92 94991.46
1561973800.973561 25.89 94990.89
1561973861.0024662 25.90 94993.46
1561973921.0313718 25.92 94990.92
1561973981.0602772 25.92 94989.45
1561974041.0891826 25.97 94995.72
1561974101.1180882 25.97 94992.64
1561974161.1625936 25.96 94996.64
1561974221.191499 25.97 94995.86
1561974281.2204044 25.97 94992.77
1561974341.24931 26.00 94997.89
1561974401.2782154 25.93 94996.51
1561974461.3071208 25.95 94999.60
1561974521.3516262 25.90 95002.84
1561974581.3805318 25.96 95005.01
1561974641.4094372 25.96 95003.74
1561974701.4383423 25.96 95002.27
1561974761.4672482 25.99 94998.61
1561974821.4961534 25.96 95001.22
1561974881.540659 25.95 95004.56
1561974941.5695643 25.92 95003.28
1561975001.59847 25.88 95006.24
1561975061.6273751 25.91 95008.05
1561975121.6562805 25.92 95010.17
1561975181.6851861 25.97 95011.67
1561975241.7140915 25.98 95013.43
1561975301.7585971 25.98 95017.14
1561975361.7875023 26.01 95018.89
1561975421.816408 26.01 95018.72
1561975481.8453133 25.91 95020.84
1561975541.8742187 25.85 95024.62
1561975601.9031243 25.87 95022.72
1561975661.9476295 25.95 95023.08
1561975721.976535 25.96 95026.11
1561975782.0054405 26.00 95028.48
1561975842.0343459 25.90 95027.29
1561975902.0632513 25.89 95027.39
1561975962.092157 25.93 95026.85
1561976022.1366622 25.91 95025.03
1561976082.1655676 25.92 95026.75
1561976142.1944733 25.95 95021.10
1561976202.2233784 25.89 95024.38
1561976262.2522838 25.91 95025.63
1561976322.2811894 25.90 95029.36
1561976382.325695 25.89 95025.25
1561976442.3546002 25.90 95031.91
1561976502.3835056 25.86 95034.83
1561976562.4124112 25.84 95034.91
1561976622.4413166 25.87 95036.97
1561976682.470222 25.92 95041.83
1561976742.4991276 25.91 95042.11
1561976802.528033 25.83 95044.05
1561976862.5725384 25.82 95046.00
1561976922.6014438 25.85 95045.66
1561976982.6303494 25.91 95049.42
1561977042.6592548 25.91 95045.07
1561977102.68816 25.89 95044.85
1561977162.7170658 25.83 95043.57
1561977222.745971 25.84 95045.80
1561977282.7904766 25.86 95047.49
1561977342.819382 25.91 95047.91
1561977402.8482873 25.94 95052.34
1561977462.8771927 25.94 95054.35
1561977522.9060981 25.92 95056.50
1561977582.9350038 25.95 95058.45
1561977642.9795089 25.94 95060.71
1561977703.0084145 25.89 95056.00
1561977763.03732 25.87 95059.57
1561977823.0662253 25.89 95055.40
1561977883.095131 25.96 95057.21
1561977943.1240363 25.96 95059.52
1561978003.1685417 25.90 95057.77
1561978063.197447 25.87 95056.89
1561978123.2263527 25.85 95057.82
1561978183.255258 25.88 95056.25
1561978243.2841635 25.92 95057.67
1561978303.3130689 25.90 95053.82
1561978363.3419743 25.82 95055.33
1561978423.3864799 25.87 95051.47
1561978483.415385 25.90 95051.67
1561978543.4442909 25.72 95055.53
1561978603.473196 25.74 95055.85
1561978663.5021014 25.76 95058.27
1561978723.531007 25.69 95055.66
1561978783.5755124 25.57 95054.67
1561978843.6044178 25.47 95065.42
1561978903.6333232 25.48 95067.22
1561978963.6622288 25.51 95069.00
1561979023.6911342 25.57 95062.50
1561979083.7200396 25.50 95066.38
1561979143.764545 25.51 95066.16
1561979203.7934506 25.45 95067.96
1561979263.822356 25.48 95070.11
1561979323.8512614 25.48 95068.50
1561979383.880167 25.47 95068.78
1561979443.9090724 25.43 95068.71
1561979503.9379776 25.43 95072.79
1561979563.9824831 25.42 95071.36
1561979624.0113888 25.44 95074.75
1561979684.040294 25.57 95076.60
1561979744.0691996 25.51 95078.69
1561979804.0981047 25.54 95083.28
1561979864.1270103 25.54 95081.93
1561979924.171516 25.57 95084.92
1561979984.200421 25.47 95085.57
1561980044.2293265 25.43 95086.01
1561980104.258232 25.39 95090.23
1561980164.2871375 25.34 95090.73
1561980224.316043 25.34 95095.32
1561980284.3449485 25.41 95093.79
1561980344.389454 25.44 95096.01
1561980404.4183593 25.43 95096.09
1561980464.4472647 25.40 95101.77
1561980524.4761703 25.40 95101.70
1561980584.5050757 25.37 95107.28
1561980644.5339808 25.39 95106.10
1561980704.5784864 25.40 95111.75
1561980764.607392 25.43 95114.83
1561980824.6362975 25.49 95117.67
1561980884.6652026 25.51 95115.81
1561980944.6941082 25.59 95117.08
1561981004.7230136 25.59 95121.77
1561981064.751919 25.59 95117.42
1561981124.7964246 25.56 95119.32
1561981184.82533 25.49 95122.75
1561981244.8542354 25.44 95119.71
1561981304.8831408 25.48 95118.50
1561981364.9120464 25.53 95124.27
1561981424.9409518 25.51 95123.67
1561981484.9854572 25.50 95127.63
1561981545.0143626 25.56 95134.28
1561981605.0432682 25.52 95135.89
1561981665.0721736 25.54 95136.10
1561981725.101079 25.54 95136.47
1561981785.1299846 25.51 95135.83
1561981845.1588898 25.59 95136.41
1561981905.2033954 25.52 95134.61
1561981965.2323008 25.59 95138.25
1561982025.2612064 25.57 95140.33
1561982085.2901115 25.63 95137.45
1561982145.319017 25.58 95137.55
1561982205.3479223 25.55 95139.05
1561982265.3924277 25.60 95139.10
1561982325.4213336 25.59 95137.41
1561982385.4502387 25.61 95141.82
1561982445.479144 25.70 95142.52
1561982505.5080497 25.68 95145.55
1561982565.536955 25.67 95147.28
1561982625.5814605 25.62 95147.77
1561982685.6103659 25.62 95149.27
1561982745.6392715 25.64 95147.52
1561982805.668177 25.66 95151.72
1561982865.6970823 25.67 95152.12
1561982925.7259877 25.65 95153.07
1561982985.7548933 25.64 95153.58
1561983045.7993987 25.70 95158.02
1561983105.828304 25.67 95164.64
1561983165.8572097 25.73 95160.94
1561983225.8861148 25.71 95164.30
1561983285.9150202 25.71 95165.32
1561983345.9439259 25.76 95162.63
1561983405.9884315 25.72 95162.66
1561983466.0173366 25.71 95164.57
1561983526.0462422 25.68 95165.80
1561983586.0751476 25.63 95164.10
1561983646.104053 25.70 95164.72
1561983706.1329584 25.68 95163.86
1561983766.1774638 25.78 95165.29
1561983826.2063692 25.76 95165.17
1561983886.2352748 25.74 95166.35
1561983946.2641802 25.69 95167.30
1561984006.2930858 25.68 95165.86
1561984066.3219912 25.69 95172.36
1561984126.3664966 25.69 95174.50
1561984186.395402 25.71 95171.00
1561984246.4243073 25.72 95170.57
1561984306.453213 25.75 95164.38
1561984366.4821184 25.73 95166.57
1561984426.5110235 25.71 95164.82
1561984486.555529 25.67 95163.40
1561984546.5844347 25.68 95166.27
1561984606.6133401 25.66 95170.14
1561984666.6422453 25.65 95172.25
1561984726.671151 25.74 95176.34
1561984786.7000563 25.76 95176.89
1561984846.744562 25.71 95178.74
1561984906.7734673 25.73 95179.69
1561984966.8023727 25.79 95179.05
1561985026.831278 25.79 95181.26
1561985086.8601835 25.79 95178.27
1561985146.889089 25.82 95173.66
1561985206.9335947 25.79 95172.08
1561985266.9624999 25.85 95173.31
1561985326.9914052 25.79 95174.75
1561985387.0203109 25.76 95180.05
1561985447.0492163 25.80 95180.67
1561985507.0781217 25.79 95181.77
1561985567.1070273 25.73 95184.38
1561985627.1515326 25.73 95180.96
1561985687.180438 25.74 95184.28
1561985747.2093434 25.76 95180.44
1561985807.238249 25.73 95176.51
1561985867.2671542 25.74 95176.34
1561985927.2960596 25.83 95176.30
1561985987.3405652 25.73 95176.51
1561986047.3694708 25.71 95172.88
1561986107.3983762 25.76 95172.74
1561986167.4272814 25.78 95172.72
1561986227.4561868 25.80 95173.41
1561986287.4850924 25.79 95172.11
1561986347.5295978 25.78 95176.67
1561986407.5585034 25.81 95170.86
1561986467.5874085 25.79 95173.28
1561986527.6163142 25.74 95168.71
1561986587.6452196 25.71 95164.85
1561986647.674125 25.64 95165.30
1561986707.7030303 25.71 95164.24
1561986767.747536 25.70 95168.60
1561986827.7764413 25.75 95164.41
1561986887.8053467 25.78 95168.10
1561986947.8342524 25.79 95169.07
1561987007.8631575 25.80 95169.79
1561987067.892063 25.78 95170.99
1561987127.9365685 25.74 95165.02
1561987187.9654741 25.79 95167.36
1561987247.9943795 25.87 95169.44
1561987308.0232847 25.88 95165.04
1561987368.0521903 25.89 95163.42
1561987428.0810957 25.86 95162.67
1561987488.1256013 25.84 95163.13
1561987548.1545064 25.83 95162.80
1561987608.183412 25.79 95160.89
1561987668.2123175 25.81 95163.32
1561987728.2412229 25.83 95165.69
1561987788.2701285 25.77 95167.07
1561987848.3146338 25.78 95174.67
1561987908.3435392 25.77 95169.11
1561987968.3724446 25.88 95170.97
1561988028.4013503 25.93 95166.94
1561988088.4302557 25.92 95167.05
1561988148.459161 25.90 95162.38
1561988208.5036664 25.91 95160.35
1561988268.5325718 25.88 95157.24
1561988328.5614774 25.90 95155.75
1561988388.5903828 25.85 95152.88
1561988448.6192882 25.89 95153.11
1561988508.6481936 25.92 95152.58
1561988568.6926992 25.90 95151.72
1561988628.7216046 25.92 95149.03
1561988688.75051 25.90 95150.89
1561988748.7794154 25.94 95146.20
1561988808.8083208 25.97 95144.23
1561988868.8528264 26.01 95142.98
1561988928.8817315 26.02 95137.17
1561988988.9106374 25.95 95128.77
1561989048.9395425 26.01 95126.33
1561989108.968448 25.96 95119.92
1561989168.9973536 25.94 95128.04
1561989229.041859 25.92 95130.43
1561989289.0707643 25.95 95129.78
1561989349.0996697 25.99 95130.14
1561989409.1285753 25.92 95132.88
1561989469.1574807 25.98 95126.16
1561989529.186386 26.04 95124.74
1561989589.2308915 26.04 95120.44
1561989649.259797 26.10 95121.92
1561989709.2887025 26.04 95117.16
1561989769.3176079 26.07 95118.36
1561989829.3465135 26.00 95118.33
1561989889.3910189 25.99 95115.46
1561989949.4199243 25.97 95114.68
1561990009.4488297 25.96 95111.54
1561990069.4777353 26.00 95109.28
1561990129.5066404 26.02 95108.91
1561990189.551146 25.96 95103.24
1561990249.5800514 26.04 95102.48
1561990309.6089568 26.05 95100.80
1561990369.6378624 26.09 95101.73
1561990429.6667676 26.17 95100.54
1561990489.695673 26.10 95102.42
1561990549.7401786 26.07 95101.89
1561990609.7690842 26.03 95103.03
1561990669.7979894 26.08 95102.11
1561990729.8268948 26.09 95101.03
1561990789.8558004 26.05 95102.58
1561990849.900306 26.09 95100.69
1561990909.9292114 26.06 95100.09
1561990969.9581165 26.06 95102.20
1561991029.9870222 26.02 95099.42
1561991090.0159276 26.05 95103.31
1561991150.044833 26.03 95098.21
1561991210.0893385 26.03 95095.03
1561991270.118244 26.00 95093.81
1561991330.1471493 25.99 95086.05
1561991390.1760547 25.97 95088.22
1561991450.2049603 25.92 95087.22
1561991510.2494657 25.97 95091.64
1561991570.278371 25.98 95089.28
1561991630.3072765 26.02 95088.43
1561991690.336182 26.06 95088.02
1561991750.3650875 26.07 95085.36
1561991810.4095929 26.05 95081.36
1561991870.4384983 25.98 95081.57
1561991930.467404 25.96 95074.92
1561991990.4963093 25.93 95070.47
1561992050.5252147 25.94 95070.05
1561992110.5541198 25.93 95073.14
1561992170.5986254 25.93 95071.21
1561992230.627531 26.03 95072.91
1561992290.6564364 25.98 95066.86
1561992350.6853416 25.94 95066.91
1561992410.7142472 25.97 95067.58
1561992470.7587528 25.95 95063.35
1561992530.787658 25.91 95057.46
1561992590.8165636 25.92 95054.00
1561992650.845469 25.92 95050.75
1561992710.8743744 25.92 95051.32
1561992770.9032798 25.94 95043.30
1561992830.9477851 25.98 95049.28
1561992890.9766908 25.93 95048.80
1561992951.0055962 25.93 95048.13
1561993011.0345016 25.90 95043.97
1561993071.0634072 25.91 95043.28
1561993131.1079128 25.89 95038.66
1561993191.136818 25.91 95036.63
1561993251.1657233 25.88 95033.67
1561993311.194629 25.89 95031.39
1561993371.2235343 25.90 95026.61
1561993431.2524397 26.02 95027.46
1561993491.296945 25.98 95026.96
1561993551.3258507 25.95 95027.67
1561993611.354756 25.94 95027.61
1561993671.3836615 25.93 95028.53
1561993731.412567 26.01 95025.49
1561993791.4570725 26.00 95023.46
1561993851.485978 26.00 95019.27
1561993911.5148833 26.00 95013.53
1561993971.543789 25.95 95011.66
1561994031.572694 25.90 95014.39
1561994091.6015995 25.91 95009.10
1561994151.646105 25.89 95014.00
1561994211.6750104 25.90 95006.46
1561994271.7039158 25.95 95006.24
1561994331.7328212 25.91 95007.08
1561994391.7617266 25.89 94999.60
1561994451.8062322 25.94 94999.71
1561994511.8351378 25.94 94999.88
1561994571.864043 25.94 94990.16
1561994631.8929484 25.95 94990.15
1561994691.921854 25.96 94989.77
1561994751.9507594 25.96 94985.66
1561994811.995265 25.93 94987.80
1561994872.0241702 25.97 94989.36
1561994932.0530758 25.93 94984.88
1561994992.0819812 25.90 94987.42
1561995052.1108866 25.93 94982.81
1561995112.155392 25.92 94978.46
1561995172.1842976 25.92 94975.21
1561995232.213203 25.93 94968.38
1561995292.2421083 26.00 94967.00
1561995352.271014 25.96 94965.55
1561995412.2999194 25.95 94964.66
1561995472.3444247 25.93 94961.17
1561995532.37333 25.95 94962.28
1561995592.4022357 25.88 94962.23
1561995652.4311411 25.88 94959.32
1561995712.4600465 25.83 94955.49
1561995772.504552 25.85 94953.89
1561995832.5334575 25.91 94947.96
1561995892.562363 25.89 94948.05
1561995952.591268 25.92 94942.16
1561996012.620174 25.97 94943.24
1561996072.649079 25.97 94940.55
1561996132.6935847 25.99 94935.13
1561996192.72249 25.97 94940.35
1561996252.7513952 25.93 94938.22
1561996312.7803009 25.89 94939.35
1561996372.8092062 25.89 94937.67
1561996432.8537118 25.96 94933.89
1561996492.882617 25.97 94930.63
1561996552.9115226 26.03 94925.96
1561996612.940428 25.98 94927.53
1561996672.9693334 26.00 94919.44
1561996732.998239 26.03 94917.53
1561996793.0427444 26.00 94910.23
1561996853.0716498 25.97 94910.50
1561996913.1005552 26.00 94914.14
1561996973.1294608 26.05 94914.17
1561997033.1583662 26.10 94906.64
1561997093.2028716 26.06 94908.38
1561997153.231777 26.02 94906.28
1561997213.2606826 26.01 94904.55
1561997273.289588 26.08 94899.47
1561997333.3184931 26.03 94895.58
1561997393.347399 26.03 94891.23
1561997453.3919044 26.03 94886.77
1561997513.4208097 26.01 94887.67
1561997573.4497151 26.02 94883.73
1561997633.4786205 26.14 94885.16
1561997693.507526 26.06 94885.82
1561997753.5520315 26.05 94884.10
1561997813.580937 26.00 94885.17
1561997873.609842 26.02 94888.36
1561997933.638748 26.00 94879.41
1561997993.667653 26.01 94875.64
1561998053.7121587 25.98 94872.03
1561998113.7410643 25.99 94872.14
1561998173.7699695 25.98 94866.88
1561998233.7988749 26.01 94862.88
1561998293.8277802 26.06 94863.89
1561998353.8566859 26.11 94863.98
1561998413.9011915 26.12 94863.71
1561998473.9300966 26.11 94867.27
1561998533.959002 26.06 94860.30
1561998593.9879076 26.07 94864.40
1561998654.016813 26.08 94859.36
1561998714.0613184 26.05 94858.57
1561998774.0902238 26.03 94859.67
1561998834.1191294 26.03 94861.01
1561998894.1480348 26.04 94859.52
1561998954.1769402 26.04 94860.80
1561999014.2214456 26.10 94859.85
1561999074.2503512 26.11 94864.35
1561999134.2792566 26.10 94866.48
1561999194.308162 26.06 94861.88
1561999254.3370676 26.02 94860.32
1561999314.365973 25.97 94857.10
1561999374.4104784 26.03 94858.57
1561999434.4393837 26.02 94854.02
1561999494.4682894 25.99 94852.59
1561999554.4971945 25.98 94852.00
1561999614.5261002 25.98 94851.92
1561999674.5706055 25.97 94844.98
1561999734.5995111 25.98 94842.78
1561999794.6284165 26.01 94841.24
1561999854.6573217 25.97 94840.83
1561999914.686227 25.95 94841.20
1561999974.7151327 25.99 94839.36
1562000034.7596383 26.03 94841.41
1562000094.7885435 26.02 94838.85
1562000154.8174489 26.02 94840.62
1562000214.8463545 25.97 94837.10
1562000274.8752599 25.96 94836.92
1562000334.9197655 26.01 94837.42
1562000394.9486706 26.02 94836.50
1562000454.9775763 25.98 94831.03
1562000515.0064816 25.96 94836.85
1562000575.035387 26.00 94834.82
1562000635.0798924 26.04 94836.13
1562000695.108798 26.01 94835.47
1562000755.1377034 25.96 94835.42
1562000815.1666088 25.98 94832.73
1562000875.1955144 26.05 94825.50
1562000935.2244198 26.09 94828.24
1562000995.2689252 26.04 94827.13
1562001055.2978306 26.06 94826.13
1562001115.3267362 26.05 94824.89
1562001175.3556416 26.02 94825.65
1562001235.384547 25.98 94823.85
1562001295.4290524 26.03 94822.48
1562001355.457958 26.04 94817.82
1562001415.4868634 26.11 94815.84
1562001475.5157685 26.12 94817.71
1562001535.5446744 26.08 94817.55
1562001595.5735795 26.09 94813.08
1562001655.6180851 26.12 94813.58
1562001715.6469905 26.15 94808.74
1562001775.6758957 26.12 94810.60
1562001835.7048013 26.03 94810.25
1562001895.7337067 25.97 94811.48
1562001955.7782123 25.95 94809.57
1562002015.807118 26.01 94807.17
1562002075.836023 26.05 94806.75
1562002135.8649285 26.06 94801.90
1562002195.8938339 26.06 94797.14
1562002255.9227395 26.12 94794.25
1562002315.9672449 26.14 94795.83
1562002375.9961503 26.06 94796.37
1562002436.0250556 26.06 94794.77
1562002496.0539613 26.04 94793.46
1562002556.0828667 26.01 94793.27
1562002616.127372 26.01 94787.24
1562002676.1562774 26.02 94785.58
1562002736.185183 26.02 94781.77
1562002796.2140884 26.08 94781.14
1562002856.2429938 26.04 94781.02
1562002916.2874992 26.08 94780.30
1562002976.3164048 26.09 94778.07
1562003036.3453102 26.18 94780.49
1562003096.3742156 26.15 94776.07
1562003156.4031212 26.17 94770.05
1562003216.4320266 26.15 94769.24
1562003276.476532 26.14 94768.35
1562003336.5054374 26.19 94765.86
1562003396.534343 26.17 94765.35
1562003456.5632484 26.12 94767.11
1562003516.5921535 26.12 94766.50
1562003576.6366591 26.05 94760.02
1562003636.6655648 26.05 94759.98
1562003696.69447 26.08 94756.35
1562003756.7233756 26.06 94763.14
1562003816.752281 26.10 94757.66
1562003876.7967865 26.08 94763.00
1562003936.825692 26.13 94757.61
1562003996.854597 26.16 94756.02
1562004056.8835025 26.15 94757.67
1562004116.912408 26.25 94761.60
1562004176.9413135 26.19 94760.77
1562004236.9858189 26.23 94759.50
1562004297.0147243 26.27 94756.58
1562004357.04363 26.20 94755.69
1562004417.0725353 26.14 94752.03
1562004477.1014407 26.14 94753.88
1562004537.145946 26.17 94751.28
1562004597.1748517 26.22 94752.60
1562004657.203757 26.27 94752.63
1562004717.2326624 26.31 94750.08
1562004777.261568 26.24 94751.10
1562004837.3060734 26.18 94749.92
1562004897.3349788 26.16 94750.77
1562004957.3638842 26.14 94750.36
1562005017.3927898 26.11 94747.89
1562005077.421695 26.18 94746.41
1562005137.4662006 26.16 94749.49
1562005197.495106 26.14 94743.25
1562005257.5240116 26.14 94746.44
1562005317.552917 26.13 94742.31
1562005377.5818222 26.14 94741.72
1562005437.6263278 26.10 94738.22
1562005497.6552334 26.10 94740.91
1562005557.6841388 26.14 94742.71
1562005617.7130442 26.12 94744.39
1562005677.7419496 26.18 94745.53
1562005737.770855 26.22 94742.99
1562005797.8153605 26.14 94744.05
1562005857.844266 26.14 94742.08
1562005917.873171 26.09 94744.21
1562005977.902077 26.05 94742.99
1562006037.930982 26.02 94742.71
1562006097.9754877 26.08 94740.67
1562006158.004393 26.09 94740.69
1562006218.0332985 26.12 94740.64
1562006278.062204 26.22 94739.74
1562006338.0911093 26.21 94740.06
1562006398.1356149 26.17 94740.26
1562006458.1645203 26.20 94738.77
1562006518.1934257 26.23 94741.41
1562006578.222331 26.24 94736.78
1562006638.2512367 26.16 94737.03
1562006698.280142 26.16 94735.13
1562006758.3246474 26.22 94736.63
1562006818.3535528 26.23 94737.22
1562006878.3824584 26.21 94737.78
1562006938.4113638 26.25 94735.01
1562006998.4402692 26.27 94734.87
1562007058.4847746 26.31 94733.87
1562007118.5136802 26.24 94733.60
1562007178.5425856 26.22 94735.72
1562007238.571491 26.13 94734.72
1562007298.6003964 26.20 94731.90
1562007358.644902 26.21 94729.90
1562007418.6738074 26.14 94734.61
1562007478.7027128 26.15 94733.72
1562007538.7316184 26.11 94730.30
1562007598.7605236 26.14 94735.51
1562007658.789429 26.22 94733.21
1562007718.8339345 26.20 94733.88
1562007778.8628402 26.21 94732.02
1562007838.8917453 26.19 94727.60
1562007898.9206507 26.09 94729.32
1562007958.949556 26.12 94733.36
1562008018.9940617 26.16 94728.21
1562008079.0229673 26.21 94729.91
1562008139.0518725 26.23 94728.40
1562008199.080778 26.20 94726.33
1562008259.1096835 26.36 94726.64
1562008319.1541889 26.53 94719.67
1562008379.1830943 26.46 94719.53
1562008439.2119997 26.59 94720.53
1562008499.2409053 26.57 94719.67
1562008559.2698107 26.64 94719.64
1562008619.314316 26.65 94719.42
1562008679.3432214 26.60 94721.82
1562008739.372127 26.57 94719.90
1562008799.4010324 26.78 94718.28
1562008859.4455378 26.83 94720.29
1562008919.4744434 26.85 94721.03
1562008979.5033488 26.60 94718.91
1562009039.5322542 26.80 94718.30
1562009099.5767598 26.74 94720.74
1562009159.605665 26.75 94718.06
1562009219.6345706 26.76 94720.22
1562009279.663476 26.70 94720.83
1562009339.7079816 26.81 94719.19
1562009399.7368867 26.93 94719.39
1562009459.7657924 26.85 94718.41
1562009519.7946978 26.93 94720.30
1562009579.8392034 26.92 94718.21
1562009639.8681087 26.83 94718.45
1562009699.897014 26.95 94715.59
1562009759.9415195 26.93 94713.02
1562009819.9704251 26.89 94715.45
1562009879.9993303 26.77 94715.44
1562009940.0282357 26.80 94715.54
1562010000.0727413 26.83 94709.56
1562010060.101647 26.89 94712.05
1562010120.1305523 26.85 94707.00
1562010180.1750576 26.93 94704.02
1562010240.203963 27.02 94699.39
1562010300.2328687 26.97 94698.64
1562010360.277374 27.09 94695.21
1562010420.3062794 27.18 94697.52
1562010480.3351848 27.15 94692.86
1562010540.3640904 27.11 94695.16
1562010600.4085958 27.23 94695.50
1562010660.4375012 27.24 94695.48
1562010720.4664066 27.21 94696.62
1562010780.510912 27.23 94696.35
1562010840.5398176 27.19 94699.18
1562010900.568723 27.21 94699.23
1562010960.5976284 27.12 94700.53
1562011020.642134 26.99 94694.52
1562011080.6710393 27.13 94697.72
1562011140.6999447 27.23 94697.11
1562011200.7444503 27.20 94694.16
1562011260.7733555 27.07 94699.13
1562011320.8022609 27.14 94698.00
1562011380.8467667 27.04 94698.33
1562011440.875672 27.09 94697.61
1562011500.9045773 27.15 94700.14
1562011560.9490829 27.14 94698.84
1562011620.9779882 26.99 94699.89
1562011681.0068939 26.96 94702.16
1562011741.0357993 26.86 94709.24
1562011801.0803046 26.81 94707.89
1562011861.10921 26.74 94709.04
1562011921.1381156 26.77 94713.86
1562011981.182621 26.80 94710.02
1562012041.2115264 26.77 94712.42
1562012101.2404318 26.80 94709.41
1562012161.2849371 26.84 94711.92
1562012221.3138428 26.84 94711.08
1562012281.3427482 26.70 94713.39
1562012341.3716536 26.75 94715.88
1562012401.416159 26.77 94716.38
1562012461.4450645 26.66 94715.00
1562012521.47397 26.69 94715.79
1562012581.5184755 26.68 94716.25
1562012641.5473807 26.71 94715.96
1562012701.5762863 26.55 94721.42
1562012761.6051917 26.59 94717.61
1562012821.6496973 26.52 94719.15
1562012881.6786025 26.44 94718.08
1562012941.707508 26.53 94714.25
1562013001.7364135 26.47 94717.97
1562013061.7809188 26.42 94715.98
1562013121.8098245 26.45 94713.92
1562013181.8387296 26.44 94718.46
1562013241.8676353 26.36 94719.81
1562013301.9121408 26.38 94717.19
1562013361.941046 26.36 94717.75
1562013421.9699514 26.39 94718.11
1562013481.998857 26.41 94716.60
1562013542.0433626 26.34 94713.44
1562013602.0722678 26.34 94717.42
1562013662.1011732 26.25 94718.38
1562013722.1300788 26.28 94721.07
1562013782.1589842 26.34 94721.78
1562013842.2034898 26.26 94723.02
1562013902.232395 26.26 94727.18
1562013962.2613006 26.22 94731.77
1562014022.290206 26.14 94728.82
1562014082.3191113 26.16 94730.93
1562014142.363617 26.19 94730.17
1562014202.3925223 26.23 94728.50
1562014262.4214277 26.19 94721.86
1562014322.450333 26.24 94727.25
1562014382.4792387 26.25 94721.73
1562014442.523744 26.37 94722.63
1562014502.5526495 26.40 94723.75
1562014562.581555 26.33 94724.94
1562014622.6104605 26.29 94716.31
1562014682.639366 26.20 94721.75
1562014742.6838713 26.27 94721.66
1562014802.7127767 26.32 94725.33
1562014862.7416823 26.32 94727.00
1562014922.7705877 26.42 94728.28
1562014982.799493 26.36 94729.92
1562015042.8439984 26.33 94728.57
1562015102.8729038 26.26 94725.30
1562015162.9018095 26.33 94721.25
1562015222.9307148 26.27 94720.05
1562015282.95962 26.22 94716.18
1562015343.0041256 26.24 94722.28
1562015403.0330312 26.20 94724.76
1562015463.0619366 26.21 94723.54
1562015523.090842 26.16 94726.36
1562015583.1197474 26.14 94729.32
1562015643.164253 26.18 94726.71
1562015703.1931584 26.15 94729.86
1562015763.2220638 26.24 94729.60
1562015823.2509692 26.22 94730.19
1562015883.2798746 26.15 94730.78
1562015943.30878 26.19 94732.99
1562016003.3532853 26.24 94735.28
1562016063.3821912 26.28 94736.66
1562016123.4110963 26.25 94733.69
1562016183.4400017 26.19 94730.85
1562016243.4689074 26.22 94730.15
1562016303.5134127 26.16 94727.43
1562016363.542318 26.16 94728.32
1562016423.5712235 26.12 94728.98
1562016483.6001291 26.05 94731.53
1562016543.6290345 26.12 94730.19
1562016603.6735399 26.10 94731.92
1562016663.7024453 26.07 94733.01
1562016723.731351 26.14 94737.63
1562016783.7602563 26.11 94739.39
1562016843.7891617 26.09 94737.42
1562016903.833667 26.06 94735.74
1562016963.8625724 26.13 94736.07
1562017023.891478 26.13 94732.25
1562017083.9203835 26.14 94734.02
1562017143.9492888 26.14 94735.34
1562017203.9781942 26.22 94734.50
1562017264.0226998 26.26 94733.21
1562017324.0516052 26.18 94735.25
1562017384.0805106 26.24 94734.68
1562017444.1094162 26.20 94736.39
1562017504.1383214 26.16 94734.91
1562017564.182827 26.20 94735.04
1562017624.2117324 26.14 94732.84
1562017684.240638 26.11 94734.86
1562017744.2695434 26.12 94735.61
1562017804.2984486 26.12 94739.73
1562017864.3429542 26.13 94738.91
1562017924.3718598 26.11 94743.91
1562017984.4007652 26.08 94746.74
1562018044.4296703 26.14 94750.26
1562018104.458576 26.12 94751.25
1562018164.4874814 26.18 94747.75
1562018224.5319867 26.15 94749.53
1562018284.5608923 26.11 94747.60
1562018344.5897977 26.10 94750.56
1562018404.6187031 26.21 94749.00
1562018464.6476085 26.12 94750.62
1562018524.6921139 26.13 94750.21
1562018584.7210195 26.15 94748.77
1562018644.749925 26.19 94745.59
1562018704.7788303 26.18 94747.04
1562018764.807736 26.11 94749.16
1562018824.8366413 26.10 94749.05
1562018884.8811467 26.11 94750.58
1562018944.910052 26.19 94752.41
1562019004.9389575 26.15 94757.25
1562019064.967863 26.16 94757.30
1562019124.9967685 26.13 94761.53
1562019185.0412738 26.11 94762.13
1562019245.0701792 26.18 94761.32
1562019305.0990849 26.22 94764.14
1562019365.1279902 26.16 94766.17
1562019425.1568954 26.11 94766.14
1562019485.201401 26.20 94765.68
1562019545.2303066 26.19 94765.66
1562019605.2592118 26.16 94765.07
1562019665.2881174 26.14 94766.27
1562019725.3170228 26.17 94765.52
1562019785.3615284 26.19 94765.13
1562019845.3904338 26.15 94765.11
1562019905.419339 26.12 94761.92
1562019965.4482446 26.13 94766.89
1562020025.47715 26.17 94764.39
1562020085.5060554 26.22 94768.89
1562020145.550561 26.24 94768.63
1562020205.5794663 26.17 94772.89
1562020265.6083717 26.15 94776.61
1562020325.6372771 26.15 94775.17
1562020385.6661828 26.10 94776.48
1562020445.710688 26.17 94773.33
1562020505.7395937 26.28 94769.38
1562020565.768499 26.30 94772.75
1562020625.7974045 26.17 94769.21
1562020685.82631 26.18 94768.93
1562020745.8552153 26.19 94768.21
1562020805.8997207 26.14 94766.27
1562020865.928626 26.21 94764.02
1562020925.9575317 26.18 94758.04
1562020985.986437 26.15 94757.35
1562021046.0153425 26.20 94756.99
1562021106.0598478 26.30 94755.69
1562021166.0887535 26.23 94754.82
1562021226.1176589 26.20 94757.66
1562021286.1465642 26.19 94757.49
1562021346.1754699 26.18 94755.35
1562021406.2199752 26.19 94755.03
1562021466.2488806 26.17 94754.14
1562021526.277786 26.16 94752.89
1562021586.3066916 26.14 94754.55
1562021646.3355968 26.20 94752.30
1562021706.3645022 26.19 94758.45
1562021766.4090078 26.22 94759.75
1562021826.4379132 26.25 94759.20
1562021886.4668188 26.22 94764.27
1562021946.495724 26.15 94764.45
1562022006.5246296 26.15 94769.24
1562022066.5691352 26.14 94765.85
1562022126.5980403 26.10 94770.89
1562022186.6269457 26.05 94767.50
1562022246.6558514 26.16 94769.19
1562022306.6847568 26.20 94765.85
1562022366.7136621 26.17 94770.38
1562022426.7581675 26.13 94770.61
1562022486.7870731 26.09 94769.00
1562022546.8159785 26.14 94770.23
1562022606.844884 26.17 94773.74
1562022666.8737895 26.17 94776.07
1562022726.9182947 26.21 94777.89
1562022786.9472003 26.23 94781.75
1562022846.9761057 26.19 94777.19
1562022907.005011 26.26 94777.67
1562022967.0339167 26.25 94777.90
1562023027.0628219 26.22 94774.60
1562023087.1073275 26.11 94774.63
1562023147.1362329 26.13 94770.30
1562023207.1651385 26.21 94768.27
1562023267.1940439 26.21 94769.44
1562023327.222949 26.21 94768.77
1562023387.2674546 26.21 94769.27
1562023447.2963603 26.25 94768.98
1562023507.3252656 26.19 94764.08
1562023567.3541708 26.15 94764.28
1562023627.3830764 26.18 94764.00
1562023687.4119818 26.17 94765.52
1562023747.4564874 26.18 94765.08
1562023807.4853928 26.20 94763.57
1562023867.5142982 26.18 94769.66
1562023927.5432036 26.21 94768.38
1562023987.572109 26.28 94774.75
1562024047.6166143 26.24 94771.71
1562024107.64552 26.23 94770.22
1562024167.6744254 26.19 94769.82
1562024227.7033308 26.17 94774.84
1562024287.7322364 26.14 94771.30
1562024347.7767417 26.15 94771.41
1562024407.8056471 26.15 94769.41
1562024467.8345525 26.14 94767.50
1562024527.8634582 26.22 94768.69
1562024587.8923635 26.22 94768.57
1562024647.921269 26.16 94768.35
1562024707.9657743 26.15 94767.72
1562024767.9946797 26.16 94764.29
1562024828.0235853 26.20 94771.07
1562024888.0524907 26.17 94773.72
1562024948.0813963 26.15 94777.28
1562025008.1259015 26.09 94777.91
1562025068.154807 26.15 94774.67
1562025128.1837125 26.13 94779.52
1562025188.2126179 26.15 94777.75
1562025248.2415233 26.11 94779.39
1562025308.2704287 26.16 94775.62
1562025368.3149343 26.13 94777.44
1562025428.3438394 26.20 94776.70
1562025488.3727453 26.16 94777.36
1562025548.4016504 26.14 94776.10
1562025608.4305558 26.18 94770.76
