1562112113.905295 25.95 94312.46
1562112173.9342003 25.97 94314.30
1562112233.9631057 26.00 94313.22
1562112294.007611 25.93 94312.28
1562112354.0365167 25.93 94309.66
1562112414.065422 25.91 94314.36
1562112474.0943272 25.92 94314.68
1562112534.123233 25.91 94313.64
1562112594.1521382 25.93 94315.27
1562112654.1966438 25.89 94313.80
1562112714.2255492 25.90 94318.10
1562112774.2544546 25.91 94316.38
1562112834.28336 25.91 94312.80
1562112894.3122654 25.89 94315.08
1562112954.341171 25.87 94312.08
1562113014.3856764 25.88 94311.12
1562113074.4145818 26.02 94313.28
1562113134.4434872 25.96 94317.11
1562113194.4723928 25.91 94312.41
1562113254.5012982 25.95 94315.58
1562113314.5302036 25.92 94318.22
1562113374.574709 25.92 94319.88
1562113434.6036146 25.96 94321.05
1562113494.63252 25.96 94321.63
1562113554.6614254 25.97 94321.34
1562113614.690331 25.89 94322.95
1562113674.7192361 25.92 94324.52
1562113734.7637417 25.94 94325.58
1562113794.7926471 25.96 94327.35
1562113854.8215523 25.94 94327.42
1562113914.8504581 25.95 94331.32
1562113974.8793633 26.00 94333.99
1562114034.923869 25.97 94330.67
1562114094.9527743 26.00 94333.42
1562114154.98168 25.93 94331.32
1562114215.010585 25.93 94335.00
1562114275.0394905 25.83 94335.16
1562114335.068396 25.85 94336.69
1562114395.1129014 25.92 94337.12
1562114455.141807 25.88 94339.27
1562114515.1707122 25.90 94338.19
1562114575.1996179 25.86 94337.80
1562114635.2285233 25.84 94337.85
1562114695.2574286 25.85 94338.25
1562114755.301934 25.88 94340.65
1562114815.3308396 25.89 94336.96
1562114875.359745 25.91 94339.99
1562114935.3886504 25.89 94341.15
1562114995.417556 25.85 94337.74
1562115055.4464612 25.93 94336.22
1562115115.4909668 25.91 94339.99
1562115175.5198722 25.90 94337.76
1562115235.5487778 25.84 94338.92
1562115295.5776832 25.83 94339.35
1562115355.6065884 25.85 94342.94
1562115415.635494 25.88 94345.07
1562115475.6799996 25.83 94342.03
1562115535.708905 25.79 94342.75
1562115595.7378101 25.83 94340.31
1562115655.7667158 25.79 94339.07
1562115715.7956212 25.76 94341.60
1562115775.8245265 25.85 94340.32
1562115835.8690321 25.82 94338.70
1562115895.8979373 25.79 94337.85
1562115955.926843 25.87 94336.36
1562116015.9557483 25.81 94338.42
1562116075.9846537 25.87 94337.59
1562116136.0135593 25.89 94341.71
1562116196.0580647 25.86 94340.08
1562116256.08697 25.96 94336.85
1562116316.1158755 25.92 94341.53
1562116376.144781 25.90 94338.10
1562116436.1736865 25.90 94337.69
1562116496.202592 25.87 94337.52
1562116556.2470973 25.84 94338.85
1562116616.276003 25.82 94339.60
1562116676.3049083 25.87 94342.78
1562116736.3338137 25.86 94341.32
1562116796.362719 25.81 94347.21
1562116856.3916245 25.88 94349.58
1562116916.4205298 25.91 94346.75
1562116976.4650354 25.90 94345.32
1562117036.493941 25.88 94343.56
1562117096.5228462 25.87 94346.30
1562117156.5517516 25.88 94347.96
1562117216.5806572 25.88 94346.85
1562117276.6095626 25.88 94348.46
1562117336.6540682 25.85 94349.80
1562117396.6829734 25.85 94349.47
1562117456.711879 25.86 94350.46
1562117516.7407844 25.84 94353.49
1562117576.7696898 25.85 94349.97
1562117636.7985952 25.84 94353.83
1562117696.8431008 25.84 94352.08
1562117756.8720062 25.84 94353.32
1562117816.9009116 25.84 94353.99
1562117876.9298172 25.81 94354.32
1562117936.9587224 25.89 94355.89
1562117996.9876277 25.85 94353.21
1562118057.0321333 25.82 94351.30
1562118117.0610387 25.88 94346.46
1562118177.0899444 25.90 94339.86
1562118237.1188495 25.94 94338.14
1562118297.147755 25.89 94332.55
1562118357.1766605 25.80 94331.94
1562118417.2211661 25.85 94332.05
1562118477.2500713 25.90 94333.67
1562118537.2789767 25.85 94339.81
1562118597.3078823 25.85 94336.58
1562118657.3367877 25.81 94341.86
1562118717.365693 25.81 94341.43
1562118777.4101985 25.84 94340.10
1562118837.439104 25.87 94344.06
1562118897.4680095 25.87 94342.94
1562118957.4969149 25.84 94349.39
1562119017.5258205 25.85 94347.45
1562119077.554726 25.83 94350.00
1562119137.5992312 25.84 94348.91
1562119197.6281366 25.85 94351.59
1562119257.6570423 25.82 94352.14
1562119317.6859477 25.80 94351.69
1562119377.714853 25.80 94350.07
1562119437.7437584 25.80 94350.90
1562119497.788264 25.80 94350.35
1562119557.8171694 25.84 94353.60
1562119617.8460748 25.87 94352.66
1562119677.8749802 25.83 94356.36
1562119737.9038856 25.82 94354.21
1562119797.932791 25.73 94353.35
1562119857.9772964 25.79 94354.32
1562119918.0062022 25.82 94352.99
1562119978.0351074 25.81 94351.17
1562120038.0640128 25.84 94354.16
1562120098.0929182 25.83 94351.74
1562120158.1218238 25.86 94352.02
1562120218.1663291 25.83 94354.64
1562120278.1952345 25.80 94349.67
1562120338.22414 25.76 94350.24
1562120398.2530456 25.79 94357.05
1562120458.281951 25.79 94354.76
1562120518.310856 25.73 94353.82
1562120578.3553617 25.76 94355.10
1562120638.3842673 25.78 94346.96
1562120698.4131727 25.78 94354.60
1562120758.442078 25.76 94350.74
1562120818.4709837 25.79 94351.13
1562120878.499889 25.80 94351.00
1562120938.5443945 25.80 94349.12
1562120998.5733 25.81 94350.41
1562121058.6022053 25.83 94350.67
1562121118.631111 25.81 94355.25
1562121178.660016 25.84 94358.55
1562121238.6889217 25.77 94355.97
1562121298.7334273 25.74 94353.07
1562121358.7623324 25.78 94357.27
1562121418.7912378 25.80 94351.07
1562121478.8201435 25.79 94347.96
1562121538.8490489 25.80 94348.83
1562121598.8779542 25.79 94351.13
1562121658.9224596 25.79 94350.63
1562121718.9513652 25.74 94354.63
1562121778.9802706 25.73 94354.69
1562121839.009176 25.75 94354.57
1562121899.0380816 25.74 94351.02
1562121959.066987 25.73 94351.74
1562122019.1114924 25.71 94352.05
1562122079.1403978 25.76 94353.86
1562122139.1693032 25.71 94351.34
1562122199.1982088 25.75 94354.48
1562122259.227114 25.78 94353.25
1562122319.2560194 25.82 94353.36
1562122379.300525 25.82 94352.19
1562122439.3294306 25.80 94352.97
1562122499.358336 25.84 94350.47
1562122559.3872411 25.76 94349.63
1562122619.4161468 25.70 94352.80
1562122679.4450521 25.73 94349.46
1562122739.4895575 25.74 94348.35
1562122799.518463 25.69 94346.10
1562122859.5473685 25.66 94349.21
1562122919.576274 25.64 94347.97
1562122979.6051793 25.71 94353.57
1562123039.634085 25.68 94354.79
1562123099.6785903 25.69 94354.90
1562123159.7074957 25.73 94355.03
1562123219.736401 25.76 94355.82
1562123279.7653067 25.73 94358.27
1562123339.794212 25.70 94358.49
1562123399.8231175 25.68 94356.35
1562123459.8676229 25.73 94353.29
1562123519.8965285 25.73 94355.63
1562123579.9254339 25.73 94353.52
1562123639.9543393 25.71 94352.03
1562123699.983245 25.72 94352.64
1562123760.01215 25.69 94354.90
1562123820.0410554 25.68 94358.14
1562123880.085561 25.68 94357.57
1562123940.1144662 25.73 94360.44
1562124000.1433718 25.71 94356.70
1562124060.1722772 25.73 94359.05
1562124120.2011826 25.67 94356.64
1562124180.2300882 25.66 94354.24
1562124240.2745936 25.68 94354.86
1562124300.303499 25.75 94357.05
1562124360.3324044 25.70 94354.31
1562124420.36131 25.68 94357.71
1562124480.3902154 25.67 94356.35
1562124540.4191208 25.68 94357.53
1562124600.4636261 25.67 94356.69
1562124660.4925318 25.64 94361.64
1562124720.5214372 25.63 94362.72
1562124780.5503426 25.63 94360.54
1562124840.5792482 25.60 94363.61
1562124900.6081533 25.69 94362.78
1562124960.652659 25.72 94365.59
1562125020.6815643 25.70 94366.67
1562125080.71047 25.70 94368.52
1562125140.739375 25.73 94364.46
1562125200.7682805 25.70 94361.44
1562125260.7971861 25.66 94360.55
1562125320.8416915 25.64 94361.77
1562125380.8705971 25.66 94356.58
1562125440.8995023 25.67 94358.92
1562125500.928408 25.66 94358.38
1562125560.9573133 25.66 94357.25
1562125620.9862187 25.64 94360.49
1562125681.0151243 25.65 94356.69
1562125741.0596297 25.60 94356.85
1562125801.088535 25.59 94354.50
1562125861.1174405 25.59 94352.77
1562125921.146346 25.61 94354.62
1562125981.1752515 25.61 94355.50
1562126041.2041569 25.56 94356.27
1562126101.2486622 25.59 94356.17
1562126161.2775676 25.57 94355.74
1562126221.3064733 25.59 94360.36
1562126281.3353786 25.56 94360.19
1562126341.3642838 25.56 94354.10
1562126401.3931894 25.53 94356.32
1562126461.437695 25.59 94358.19
1562126521.4666002 25.58 94353.10
1562126581.4955058 25.54 94356.07
1562126641.5244112 25.50 94352.30
1562126701.5533166 25.56 94352.83
1562126761.582222 25.54 94355.61
1562126821.6111276 25.56 94354.66
1562126881.655633 25.56 94356.85
1562126941.6845384 25.63 94358.08
1562127001.7134438 25.62 94359.60
1562127061.7423494 25.60 94357.07
1562127121.7712548 25.57 94360.41
1562127181.80016 25.54 94359.28
1562127241.8446655 25.56 94360.11
1562127301.8735712 25.61 94359.82
1562127361.9024765 25.61 94360.64
1562127421.931382 25.61 94359.35
1562127481.9602876 25.55 94360.74
1562127541.9891927 25.56 94361.12
1562127602.0336983 25.56 94361.20
1562127662.0626037 25.56 94357.33
1562127722.091509 25.52 94356.27
1562127782.1204147 25.57 94354.26
1562127842.14932 25.55 94353.44
1562127902.1782255 25.59 94352.66
1562127962.207131 25.56 94353.72
1562128022.2516363 25.56 94356.00
1562128082.2805417 25.55 94355.72
1562128142.309447 25.54 94359.57
1562128202.3383527 25.57 94357.92
1562128262.367258 25.58 94361.63
1562128322.3961637 25.59 94357.35
1562128382.4250689 25.58 94354.83
1562128442.4539745 25.57 94354.88
1562128502.4984798 25.58 94350.97
1562128562.5273852 25.57 94352.56
1562128622.5562909 25.58 94352.76
1562128682.585196 25.54 94352.36
1562128742.6141014 25.53 94359.85
1562128802.643007 25.56 94353.50
1562128862.6875126 25.52 94352.19
1562128922.7164178 25.54 94350.04
1562128982.7453232 25.56 94347.30
1562129042.7742288 25.55 94348.80
1562129102.8031342 25.54 94345.67
1562129162.8320396 25.56 94342.01
1562129222.876545 25.66 94343.86
1562129282.9054506 25.56 94344.46
1562129342.934356 25.58 94343.24
1562129402.9632614 25.54 94343.52
1562129462.992167 25.56 94341.17
1562129523.0210724 25.57 94337.44
1562129583.0499775 25.60 94342.74
1562129643.0944831 25.57 94342.85
1562129703.1233888 25.57 94346.47
1562129763.1522942 25.58 94339.33
1562129823.1811996 25.65 94343.63
1562129883.210105 25.63 94343.37
1562129943.2390103 25.54 94343.73
1562130003.283516 25.54 94344.89
1562130063.3124213 25.49 94344.89
1562130123.3413265 25.52 94345.00
1562130183.370232 25.66 94343.75
1562130243.3991375 25.71 94341.91
1562130303.4280431 25.71 94340.74
1562130363.4569485 25.72 94341.17
1562130423.5014539 25.85 94336.90
1562130483.5303593 25.85 94336.75
1562130543.5592647 25.77 94338.67
1562130603.5881703 25.79 94334.28
1562130663.6170757 25.72 94336.23
1562130723.661581 25.70 94335.54
1562130783.6904864 25.65 94335.21
1562130843.719392 25.72 94339.30
1562130903.7482975 25.73 94338.73
1562130963.7772026 25.66 94338.19
1562131023.8061085 25.71 94343.35
1562131083.8506138 25.66 94344.82
1562131143.8795192 25.68 94350.17
1562131203.9084246 25.72 94355.08
1562131263.93733 25.69 94357.24
1562131323.9662354 25.70 94355.30
1562131384.010741 25.61 94358.41
1562131444.0396464 25.58 94361.25
1562131504.0685518 25.60 94360.43
1562131564.0974572 25.53 94357.80
1562131624.1263626 25.57 94354.67
1562131684.1552682 25.53 94354.14
1562131744.1997738 25.59 94353.83
1562131804.228679 25.54 94352.16
1562131864.2575843 25.53 94349.46
1562131924.28649 25.54 94352.82
1562131984.3153954 25.56 94352.75
1562132044.3443007 25.56 94354.23
1562132104.388806 25.53 94350.64
1562132164.4177117 25.57 94350.03
1562132224.4466171 25.55 94347.41
1562132284.4755225 25.58 94348.42
1562132344.5044281 25.62 94341.55
1562132404.5333335 25.57 94349.15
1562132464.5622387 25.54 94348.64
1562132524.6067443 25.53 94353.11
1562132584.6356497 25.54 94349.69
1562132644.6645553 25.55 94351.24
1562132704.6934605 25.54 94349.88
1562132764.7223659 25.54 94353.05
1562132824.7512715 25.49 94350.91
1562132884.795777 25.51 94350.47
1562132944.8246825 25.54 94349.47
1562133004.8535876 25.55 94353.10
1562133064.8824933 25.49 94353.03
1562133124.9113986 25.45 94357.36
1562133184.940304 25.50 94358.00
1562133244.9848094 25.49 94354.94
1562133305.013715 25.56 94354.76
1562133365.0426204 25.50 94356.61
1562133425.0715258 25.48 94358.50
1562133485.1004314 25.44 94363.49
1562133545.1293366 25.44 94353.96
1562133605.1582422 25.44 94351.08
1562133665.2027476 25.48 94353.19
1562133725.2316532 25.47 94348.85
1562133785.2605586 25.50 94348.75
1562133845.2894638 25.52 94352.03
1562133905.3183694 25.50 94355.28
1562133965.3472748 25.49 94356.95
1562134025.3917804 25.49 94349.96
1562134085.4206858 25.52 94354.78
1562134145.4495914 25.55 94352.92
1562134205.4784966 25.49 94349.96
1562134265.507402 25.54 94356.44
1562134325.5363076 25.56 94358.69
1562134385.565213 25.51 94356.89
1562134445.6097183 25.47 94362.24
1562134505.6386237 25.48 94355.19
1562134565.667529 25.48 94355.03
1562134625.6964347 25.44 94348.43
1562134685.7253401 25.51 94350.58
1562134745.7542453 25.52 94351.42
1562134805.7987509 25.48 94348.50
1562134865.8276565 25.46 94349.44
1562134925.856562 25.51 94347.02
1562134985.8854673 25.50 94343.17
1562135045.9143727 25.49 94350.85
1562135105.943278 25.45 94350.17
1562135165.9721835 25.56 94354.10
1562135226.016689 25.53 94353.78
1562135286.0455947 25.54 94356.90
1562135346.0744998 25.60 94354.01
1562135406.1034052 25.56 94351.99
1562135466.1323109 25.58 94350.97
1562135526.1612163 25.54 94351.70
1562135586.2057216 25.50 94352.82
1562135646.234627 25.52 94353.10
1562135706.2635326 25.50 94353.55
1562135766.292438 25.53 94349.96
1562135826.3213434 25.49 94347.33
1562135886.350249 25.52 94345.25
1562135946.3791542 25.46 94343.22
1562136006.4236598 25.54 94346.51
1562136066.4525652 25.52 94348.25
1562136126.4814708 25.48 94346.17
1562136186.5103762 25.47 94343.43
1562136246.5392814 25.48 94342.77
1562136306.568187 25.46 94339.57
1562136366.6126926 25.53 94344.91
1562136426.641598 25.52 94342.32
1562136486.6705034 25.52 94339.64
1562136546.6994085 25.44 94340.90
1562136606.7283142 25.41 94339.22
1562136666.7572196 25.41 94340.03
1562136726.786125 25.45 94343.64
1562136786.8306303 25.48 94342.38
1562136846.859536 25.42 94342.99
1562136906.8884413 25.43 94338.53
1562136966.9173467 25.44 94338.70
1562137026.9462523 25.45 94335.11
1562137086.9751577 25.46 94338.29
1562137147.019663 25.51 94335.96
1562137207.0485685 25.52 94333.86
1562137267.077474 25.51 94331.23
1562137327.1063795 25.52 94327.16
1562137387.135285 25.48 94327.48
1562137447.1641903 25.48 94331.89
1562137507.1930957 25.48 94328.21
1562137567.2376013 25.46 94329.50
1562137627.2665064 25.42 94329.25
1562137687.2954123 25.45 94330.32
1562137747.3243175 25.52 94329.35
1562137807.3532228 25.54 94329.29
1562137867.3821285 25.51 94329.83
1562137927.4110339 25.48 94331.89
1562137987.4399393 25.45 94335.11
1562138047.4844446 25.46 94331.26
1562138107.5133502 25.55 94333.34
1562138167.5422556 25.52 94330.44
1562138227.571161 25.54 94330.40
1562138287.6000667 25.51 94330.62
1562138347.6289718 25.48 94330.10
1562138407.6578772 25.44 94328.69
1562138467.7023828 25.53 94325.53
1562138527.7312884 25.50 94326.16
1562138587.7601938 25.51 94321.30
1562138647.789099 25.49 94318.05
1562138707.8180044 25.50 94322.35
1562138767.84691 25.49 94317.89
1562138827.8914154 25.52 94318.06
1562138887.920321 25.57 94319.60
1562138947.9492261 25.56 94318.85
1562139007.9781318 25.52 94322.49
1562139068.0070372 25.59 94322.47
1562139128.0359426 25.54 94322.60
1562139188.064848 25.54 94325.44
1562139248.1093535 25.53 94324.53
1562139308.138259 25.52 94327.42
1562139368.1671643 25.57 94322.27
1562139428.19607 25.55 94323.86
1562139488.224975 25.57 94324.10
1562139548.2538805 25.58 94324.88
1562139608.298386 25.56 94325.53
1562139668.3272917 25.50 94326.16
1562139728.356197 25.52 94321.49
1562139788.3851023 25.55 94323.08
1562139848.414008 25.56 94322.69
1562139908.4429133 25.53 94323.50
1562139968.4718187 25.52 94324.86
1562140028.516324 25.55 94322.36
1562140088.5452297 25.52 94324.64
1562140148.574135 25.59 94322.38
1562140208.6030405 25.53 94321.35
1562140268.631946 25.51 94324.77
1562140328.6608515 25.52 94327.36
1562140388.7053568 25.51 94325.21
1562140448.7342622 25.47 94329.86
1562140508.7631679 25.45 94328.98
1562140568.7920732 25.47 94324.32
1562140628.8209786 25.54 94325.71
1562140688.8498838 25.55 94322.46
1562140748.8787894 25.54 94324.42
1562140808.923295 25.58 94326.71
1562140868.9522004 25.54 94328.39
1562140928.9811058 25.56 94329.46
1562140989.0100112 25.55 94330.45
1562141049.0389166 25.53 94333.07
1562141109.067822 25.57 94331.41
1562141169.0967276 25.57 94332.13
1562141229.141233 25.55 94331.17
1562141289.1701384 25.56 94332.08
1562141349.1990438 25.55 94329.50
1562141409.2279494 25.52 94327.53
1562141469.2568548 25.56 94320.52
1562141529.2857602 25.57 94319.74
1562141589.3302655 25.55 94323.03
1562141649.3591712 25.56 94320.59
1562141709.3880765 25.57 94322.32
1562141769.416982 25.58 94317.50
1562141829.4458876 25.55 94316.22
1562141889.4747927 25.56 94310.49
1562141949.503698 25.55 94315.39
1562142009.5482037 25.59 94318.25
1562142069.577109 25.60 94312.57
1562142129.6060147 25.57 94318.13
1562142189.63492 25.63 94321.82
1562142249.6638255 25.58 94323.80
1562142309.692731 25.54 94322.10
1562142369.7372365 25.55 94323.19
1562142429.7661417 25.60 94321.92
1562142489.7950473 25.58 94326.65
1562142549.8239527 25.62 94323.89
1562142609.852858 25.64 94327.72
1562142669.8817637 25.57 94326.39
1562142729.910669 25.56 94325.39
1562142789.9551744 25.55 94326.82
1562142849.9840798 25.58 94323.19
1562142910.0129852 25.57 94325.16
1562142970.0418909 25.59 94326.15
1562143030.0707963 25.61 94326.44
1562143090.0997014 25.59 94325.65
1562143150.144207 25.59 94326.05
1562143210.1731126 25.62 94322.97
1562143270.2020178 25.56 94321.46
1562143330.2309234 25.60 94324.11
1562143390.2598288 25.63 94322.39
1562143450.2887342 25.66 94326.85
1562143510.3176396 25.60 94329.47
1562143570.362145 25.56 94327.78
1562143630.3910506 25.57 94329.13
1562143690.419956 25.57 94328.23
1562143750.4488614 25.56 94330.46
1562143810.477767 25.63 94334.48
1562143870.5066724 25.66 94332.77
1562143930.5511777 25.60 94336.10
1562143990.5800831 25.58 94333.35
1562144050.6089888 25.53 94333.24
1562144110.6378942 25.54 94337.10
1562144170.6667995 25.54 94338.27
1562144230.6957052 25.57 94334.80
1562144290.7246103 25.54 94334.42
1562144350.769116 25.55 94337.21
1562144410.7980213 25.51 94336.14
1562144470.8269267 25.53 94340.06
1562144530.8558323 25.48 94341.49
1562144590.8847375 25.47 94347.17
1562144650.9136431 25.52 94346.44
1562144710.9581487 25.53 94343.60
1562144770.9870539 25.55 94344.50
1562144831.0159593 25.59 94342.86
1562144891.0448647 25.58 94342.94
1562144951.0737703 25.53 94347.30
1562145011.1026757 25.54 94348.31
1562145071.131581 25.50 94348.30
1562145131.1760864 25.51 94345.06
1562145191.204992 25.49 94340.91
1562145251.2338974 25.43 94342.03
1562145311.2628028 25.43 94341.80
1562145371.2917085 25.43 94345.53
1562145431.3206136 25.47 94345.11
1562145491.3651192 25.51 94350.14
1562145551.3940246 25.48 94351.30
1562145611.4229302 25.53 94352.21
1562145671.4518354 25.55 94358.27
1562145731.4807408 25.56 94362.60
1562145791.5096464 25.55 94362.64
1562145851.5385518 25.53 94363.15
1562145911.5830574 25.47 94367.99
1562145971.6119626 25.45 94365.56
1562146031.6408682 25.44 94371.66
1562146091.6697736 25.45 94375.22
1562146151.698679 25.48 94378.97
1562146211.7275846 25.47 94381.57
1562146271.77209 25.49 94383.92
1562146331.8009953 25.44 94381.07
1562146391.8299007 25.50 94383.06
1562146451.8588064 25.46 94382.46
1562146511.8877118 25.48 94383.53
1562146571.9166172 25.44 94380.07
1562146631.9455225 25.45 94386.43
1562146691.9900281 25.44 94383.98
1562146752.0033333 25.44 94380.80
1562146812.047839 25.48 94381.19
1562146872.076744 25.48 94385.54
1562146932.1056497 25.49 94388.00
1562146992.134555 25.44 94390.77
1562147052.1634605 25.44 94390.93
1562147112.1923661 25.44 94390.67
1562147172.2368715 25.45 94391.66
1562147232.2657769 25.49 94394.13
1562147292.2946823 25.45 94395.35
1562147352.323588 25.39 94396.35
1562147412.3524933 25.48 94399.27
1562147472.3813987 25.46 94398.86
1562147532.410304 25.50 94402.41
1562147592.4548097 25.46 94401.94
1562147652.483715 25.46 94399.30
1562147712.5126202 25.49 94402.30
1562147772.541526 25.47 94402.29
1562147832.5704312 25.53 94405.66
1562147892.5993366 25.49 94405.97
1562147952.6282423 25.42 94407.50
1562148012.6727476 25.43 94408.56
1562148072.701653 25.43 94408.89
1562148132.7305584 25.42 94410.08
1562148192.759464 25.43 94409.73
1562148252.7883694 25.50 94409.33
1562148312.8172748 25.51 94409.61
1562148372.8617802 25.50 94412.72
1562148432.8906858 25.49 94411.92
1562148492.9195912 25.47 94409.60
1562148552.9484966 25.46 94409.80
1562148612.9774022 25.45 94409.96
1562148673.0063076 25.48 94407.97
1562148733.0352128 25.43 94412.35
1562148793.0797184 25.39 94411.35
1562148853.108624 25.38 94415.81
1562148913.1375291 25.41 94418.94
1562148973.1664348 25.49 94419.53
1562149033.19534 25.51 94417.46
1562149093.2242455 25.43 94424.69
1562149153.253151 25.38 94423.94
1562149213.2976563 25.38 94427.39
1562149273.3265617 25.39 94428.67
1562149333.3554673 25.31 94429.64
1562149393.3843727 25.31 94433.57
1562149453.413278 25.38 94433.44
1562149513.4421837 25.46 94430.88
1562149573.486689 25.48 94435.14
1562149633.5155945 25.53 94439.74
1562149693.5444999 25.45 94441.92
1562149753.5734055 25.41 94441.58
1562149813.602311 25.45 94447.67
1562149873.631216 25.46 94444.62
1562149933.6601217 25.46 94447.28
1562149993.7046273 25.44 94449.30
1562150053.7335327 25.43 94444.80
1562150113.7624378 25.45 94448.17
1562150173.7913435 25.52 94451.00
1562150233.8202488 25.49 94452.66
1562150293.8491542 25.47 94455.77
1562150353.8936598 25.51 94459.63
1562150413.9225652 25.53 94459.03
1562150473.9514706 25.52 94459.53
1562150533.980376 25.52 94463.38
1562150594.0092816 25.54 94466.28
1562150654.038187 25.49 94463.13
1562150714.0670924 25.52 94465.60
1562150774.1115978 25.53 94467.46
1562150834.1405034 25.47 94466.58
1562150894.1694088 25.51 94469.52
1562150954.1983142 25.55 94471.40
1562151014.2272198 25.48 94473.79
1562151074.256125 25.47 94480.63
1562151134.2850304 25.46 94486.44
1562151194.329536 25.49 94485.78
1562151254.3584414 25.57 94485.59
1562151314.3873467 25.54 94490.95
1562151374.4162521 25.57 94492.67
1562151434.4451575 25.55 94490.88
1562151494.4740632 25.62 94488.58
1562151554.5185688 25.55 94492.99
1562151614.547474 25.59 94491.97
1562151674.5763793 25.58 94491.39
1562151734.605285 25.56 94492.39
1562151794.6341903 25.54 94491.27
1562151854.6630957 25.55 94501.08
1562151914.6920013 25.57 94502.49
1562151974.7365067 25.53 94502.75
1562152034.765412 25.55 94500.21
1562152094.7943175 25.57 94499.82
1562152154.8232229 25.58 94501.21
1562152214.8521285 25.56 94500.03
1562152274.8810337 25.53 94495.39
1562152334.9255393 25.52 94499.20
1562152394.954445 25.54 94494.51
1562152454.98335 25.55 94488.20
1562152515.0122554 25.56 94487.72
1562152575.041161 25.56 94486.27
1562152635.0700665 25.57 94489.06
1562152695.0989718 25.62 94497.67
1562152755.1434774 25.60 94496.00
1562152815.1723828 25.55 94508.07
1562152875.2012882 25.58 94500.10
1562152935.2301936 25.57 94497.16
1562152995.2590992 25.57 94495.69
1562153055.2880046 25.53 94499.71
1562153115.33251 25.57 94499.83
1562153175.3614154 25.57 94499.67
1562153235.3903208 25.62 94497.88
1562153295.4272432 25.57 94504.67
1562153355.4560077 25.55 94502.32
1562153415.4894414 25.54 94505.17
