X	Y	Potencial
0	0	4.063
1	0	4.093
2	0	4.112
3	0	4.145
4	0	4.173
5	0	4.206
6	0	4.196
7	0	4.189
8	0	4.163
9	0	4.131
10	0	4.104
11	0	4.111
12	0	4.087
13	0	4.099
14	0	4.098
15	0	4.074
16	0	4.074
17	0	4.074
18	0	4.062
19	0	4.062
20	0	4.066
21	0	4.091
22	0	4.071
23	0	4.071
24	0	4.095
25	0	4.135
26	0	4.135
27	0	4.154
28	0	4.134
0	1	3.892
1	1	3.931
2	1	3.931
3	1	3.934
4	1	3.934
5	1	3.932
6	1	3.899
7	1	3.868
8	1	3.885
9	1	3.885
10	1	3.86
11	1	3.864
12	1	3.864
13	1	3.843
14	1	3.843
15	1	3.854
16	1	3.854
17	1	3.858
18	1	3.858
19	1	3.877
20	1	3.895
21	1	3.906
22	1	3.888
23	1	3.879
24	1	3.879
25	1	3.86
26	1	3.798
27	1	3.895
28	1	4.046
0	2	3.682
1	2	3.682
2	2	3.579
3	2	3.635
4	2	3.635
5	2	3.674
6	2	3.674
7	2	3.69
8	2	3.69
9	2	3.687
10	2	3.687
11	2	3.654
12	2	3.654
13	2	3.638
14	2	3.638
15	2	3.621
16	2	3.621
17	2	3.623
18	2	3.623
19	2	3.619
20	2	3.619
21	2	3.619
22	2	3.631
23	2	3.631
24	2	3.641
25	2	3.641
26	2	3.626
27	2	3.626
28	2	3.639
0	3	3.441
1	3	3.432
2	3	3.432
3	3	3.412
4	3	3.418
5	3	3.418
6	3	3.423
7	3	3.423
8	3	3.4
9	3	3.4
10	3	3.398
11	3	3.398
12	3	3.387
13	3	3.387
14	3	3.39
15	3	3.39
16	3	3.409
17	3	3.409
18	3	3.398
19	3	3.398
20	3	3.398
21	3	3.42
22	3	3.42
23	3	3.422
24	3	3.422
25	3	3.348
26	3	3.348
27	3	3.43
28	3	3.586
0	4	3.368
1	4	3.217
2	4	3.217
3	4	3.217
4	4	3.145
5	4	3.145
6	4	3.145
7	4	3.223
8	4	3.223
9	4	3.205
10	4	3.205
11	4	3.205
12	4	3.175
13	4	3.175
14	4	3.175
15	4	3.17
16	4	3.17
17	4	2.156
18	4	3.156
19	4	3.156
20	4	3.172
21	4	3.172
22	4	3.172
23	4	3.172
24	4	3.168
25	4	3.168
26	4	3.168
27	4	3.181
28	4	3.181
0	5	2.892
1	5	2.694
2	5	2.694
3	5	2.733
4	5	2.733
5	5	2.719
6	5	2.719
7	5	2.719
8	5	2.929
9	5	2.929
10	5	2.935
11	5	2.935
12	5	2.905
13	5	2.905
14	5	2.934
15	5	2.934
16	5	2.924
17	5	2.929
18	5	2.929
19	5	2.959
20	5	2.959
21	5	2.941
22	5	2.941
23	5	2.941
24	5	2.928
25	5	2.928
26	5	2.928
27	5	3.157
28	5	3.157
0	6	2.892
1	6	2.694
2	6	2.694
3	6	2.733
4	6	2.733
5	6	2.719
6	6	2.719
7	6	2.719
8	6	2.73
9	6	2.73
10	6	2.73
11	6	2.686
12	6	2.686
13	6	2.684
14	6	2.684
15	6	2.684
16	6	2.717
17	6	2.717
18	6	2.717
19	6	2.681
20	6	2.681
21	6	2.678
22	6	2.678
23	6	2.678
24	6	2.718
25	6	2.718
26	6	2.718
27	6	2.728
28	6	2.728
0	7	2.493
1	7	2.493
2	7	2.475
3	7	2.475
4	7	2.475
5	7	2.475
6	7	2.475
7	7	2.437
8	7	2.437
9	7	2.437
10	7	2.437
11	7	2.454
12	7	2.454
13	7	2.422
14	7	2.422
15	7	2.422
16	7	2.456
17	7	2.456
18	7	2.456
19	7	2.454
20	7	2.493
21	7	2.493
22	7	2.484
23	7	2.489
24	7	2.494
25	7	2.494
26	7	2.494
27	7	2.705
28	7	2.705
0	8	2.461
1	8	2.461
2	8	2.271
3	8	2.271
4	8	2.271
5	8	2.245
6	8	2.245
7	8	2.245
8	8	2.237
9	8	2.237
10	8	2.237
11	8	2.233
12	8	2.233
13	8	2.229
14	8	2.229
15	8	2.229
16	8	2.205
17	8	2.205
18	8	2.205
19	8	2.198
20	8	2.198
21	8	2.198
22	8	2.221
23	8	2.221
24	8	2.221
25	8	2.221
26	8	2.255
27	8	2.255
28	8	2.255
0	9	2.046
1	9	1.989
2	9	1.994
3	9	1.994
4	9	1.994
5	9	1.955
6	9	1.955
7	9	1.955
8	9	1.97
9	9	1.97
10	9	1.97
11	9	1.945
12	9	1.945
13	9	1.945
14	9	1.976
15	9	1.976
16	9	1.976
17	9	1.976
18	9	1.976
19	9	2.017
20	9	2.017
21	9	2.054
22	9	2.054
23	9	2.054
24	9	2.149
25	9	2.149
26	9	2.149
27	9	2.149
28	9	2.316
0	10	2.053
1	10	1.843
2	10	1.843
3	10	1.843
4	10	1.843
5	10	1.814
6	10	1.814
7	10	1.814
8	10	1.814
9	10	1.814
10	10	1.776
11	10	1.776
12	10	1.776
13	10	1.747
14	10	1.747
15	10	1.747
16	10	1.747
17	10	1.747
18	10	1.747
19	10	1.747
20	10	1.73
21	10	1.73
22	10	1.73
23	10	1.734
24	10	1.734
25	10	1.734
26	10	1.774
27	10	1.774
28	10	1.774
0	11	1.559
1	11	1.501
2	11	1.501
3	11	1.474
4	11	1.474
5	11	1.474
6	11	1.474
7	11	1.48
8	11	1.48
9	11	1.48
10	11	1.458
11	11	1.458
12	11	1.458
13	11	1.458
14	11	1.529
15	11	1.529
16	11	1.529
17	11	1.529
18	11	1.529
19	11	1.539
20	11	1.539
21	11	1.649
22	11	1.649
23	11	1.644
24	11	1.644
25	11	1.876
26	11	1.876
27	11	1.876
28	11	1.871
0	12	1.638
1	12	1.638
2	12	1.39
3	12	1.39
4	12	1.39
5	12	1.303
6	12	1.303
7	12	1.303
8	12	1.303
9	12	1.248
10	12	1.248
11	12	1.248
12	12	1.287
13	12	1.287
14	12	1.287
15	12	1.287
16	12	1.287
17	12	1.236
18	12	1.236
19	12	1.236
20	12	1.236
21	12	1.245
22	12	1.245
23	12	1.245
24	12	1.245
25	12	1.275
26	12	1.275
27	12	1.275
28	12	1.275
0	13	1.035
1	13	1.035
2	13	0.993
3	13	0.993
4	13	0.993
5	13	0.956
6	13	0.986
7	13	0.986
8	13	0.986
9	13	0.974
10	13	0.974
11	13	0.974
12	13	0.974
13	13	1.033
14	13	1.033
15	13	1.033
16	13	1.033
17	13	1.033
18	13	1.087
19	13	1.087
20	13	1.087
21	13	1.087
22	13	1.087
23	13	1.234
24	13	1.234
25	13	1.234
26	13	1.234
27	13	1.345
28	13	1.345
0	14	1.192
1	14	0.989
2	14	0.989
3	14	0.989
4	14	0.989
5	14	0.83
6	14	0.83
7	14	0.83
8	14	0.83
9	14	0.83
10	14	0.785
11	14	0.785
12	14	0.785
13	14	0.785
14	14	0.775
15	14	0.775
16	14	0.775
17	14	0.775
18	14	0.775
19	14	0.732
20	14	0.732
21	14	0.732
22	14	0.732
23	14	0.754
24	14	0.754
25	14	0.754
26	14	0.754
27	14	0.754
28	14	0.829
0	15	0.511
1	15	0.511
2	15	0.515
3	15	0.515
4	15	0.515
5	15	0.515
6	15	0.501
7	15	0.501
8	15	0.501
9	15	0.501
10	15	0.506
11	15	0.506
12	15	0.506
13	15	0.508
14	15	0.508
15	15	0.508
16	15	0.508
17	15	0.523
18	15	0.523
19	15	0.523
20	15	0.554
21	15	0.559
22	15	0.71
23	15	0.71
24	15	0.71
25	15	0.71
26	15	1.028
27	15	1.028
28	15	1.028
13	0	4.31299999999999
13	1	4.261
13	2	4.261
13	3	4.025
13	4	4.025
13	5	3.665
13	6	3.209
13	7	3.209
13	8	3.209
13	9	2.813
13	10	2.813
13	11	2.286
13	12	1.866
13	13	1.55899999999999
13	14	1.329
13	15	1.329
13	16	0.897
13	17	0.897
